timeTick, stateX, stateY, stateZ, stateVX, stateVY, stateVZ, whisker1_1, whisker1_2, whisker1_3, whisker2_1, whisker2_2, whisker2_3, prewhisker1_1, prewhisker1_2, prewhisker1_3, prewhisker2_1, prewhisker2_2, prewhisker2_3, MLPwhisker1, MLPwhisker2, stateouterloop, yaw, laserFront, KFwhisker1, KFwhisker2
14592, 0.0022503891959786415, -0.0007696302491240203, 0.00795857422053814, 0.0036076288670301437, -0.0013892310671508312, 0.001785419648513198, 0, 0, 0, 0, 0, 0, 0, 0, 0, 0, 0, 0, 0, 0, 0, 0, 0, 0, 0
14612, 0.002229633741080761, -0.0007648751488886774, 0.007997037842869759, 0.0035552624613046646, -0.0012939739972352982, 0.0018313879845663905, 133390.390625, 153386.859375, 86128.4609375, 131869.703125, 142190.6875, 102559.40625, 0.0, 0.0, 0.0, 0.0, 0.0, 0.0, 0.0, 0.0, 0.0, 0.09713741391897202, 0.0, 0.0, 0.0
14632, 0.0024894378148019314, 6.359906547004357e-05, 0.0076220897026360035, 0.0046902671456336975, 0.002675386844202876, -0.00030439256806857884, 133388.140625, 153393.78125, 86126.5703125, 131865.21875, 142193.25, 102563.53125, 0.0, 0.0, 0.0, 0.0, 0.0, 0.0, 0.0, 0.0, 0.0, 0.09778513759374619, 0.0, 0.0, 0.0
14652, 0.002467353828251362, 0.0003173777076881379, 0.0076209018006920815, 0.00440222630277276, 0.003948684316128492, -0.0008287866949103773, 133387.53125, 153378.078125, 86130.359375, 131873.609375, 142186.921875, 102563.53125, 0.0, 0.0, 0.0, 0.0, 0.0, 0.0, 0.0, 0.0, 0.0, 0.09904293715953827, 0.0, 0.0, 0.0
14672, 0.002465850906446576, 0.0008066256414167583, 0.00651576416566968, 0.004561536945402622, 0.006834831088781357, -0.0065978532657027245, 133400.453125, 153380.796875, 86137.3984375, 131867.453125, 142191.46875, 102560.71875, 0.0, 0.0, 0.0, 0.0, 0.0, 0.0, 0.0, 0.0, 0.0, 0.1002267599105835, 0.0, 0.0, 0.0
14692, 0.0024624073412269354, 3.614717206801288e-05, 0.0063948375172913074, 0.004516626708209515, 0.002611899981275201, -0.006330625154078007, 133388.75, 153389.59375, 86138.2109375, 131876.4375, 142188.703125, 102559.40625, 0.0, 0.0, 0.0, 0.0, 0.0, 0.0, 0.0, 0.0, 0.0, 0.10164263844490051, 0.0, 0.0, 0.0
14712, 0.0024891761131584644, -0.0009723259136080742, 0.006953624077141285, 0.004714424721896648, -0.0020837094634771347, -0.0023300962056964636, 133388.75, 153389.59375, 86134.1484375, 131871.359375, 142194.25, 102560.15625, 0.0, 0.0, 0.0, 0.0, 0.0, 0.0, 0.0, 0.0, 0.0, 0.10123226046562195, 0.0, 0.0, 0.0
14732, 0.0024889118503779173, -0.0009524970664642751, 0.006906540598720312, 0.004904435481876135, -0.001462964341044426, -0.002271645236760378, 133398.796875, 153389.171875, 86128.734375, 131876.4375, 142196.515625, 102558.09375, 0.0, 0.0, 0.0, 0.0, 0.0, 0.0, 0.0, 0.0, 0.0, 0.10631190240383148, 0.0, 0.0, 0.0
14752, 0.0024768351577222347, -0.0006904286565259099, 0.006912518292665482, 0.004803150426596403, 0.00036393161281012, -0.0019945919048041105, 133392.046875, 153391.890625, 86134.421875, 131873.609375, 142186.921875, 102563.53125, 0.0, 0.0, 0.0, 0.0, 0.0, 0.0, 0.0, 0.0, 0.0, 0.10676665604114532, 0.0, 0.0, 0.0
14772, 0.0030080408323556185, 0.0001406567171216011, 0.006874346639961004, 0.007396468427032232, 0.0044965543784201145, -0.0015088850632309914, 133387.53125, 153390.015625, 86128.4609375, 131868.03125, 142182.875, 102566.15625, 0.0, 0.0, 0.0, 0.0, 0.0, 0.0, 0.0, 0.0, 0.0, 0.09300453215837479, 0.0, 0.0, 0.0
14792, 0.002565859816968441, 0.00021137826843187213, 0.006498831324279308, 0.005001608747988939, 0.00451385322958231, -0.003509036498144269, 133384.25, 153386.859375, 86139.8359375, 131865.21875, 142181.09375, 102566.15625, 0.0, 0.0, 0.0, 0.0, 0.0, 0.0, 0.0, 0.0, 0.0, 0.09833487868309021, 0.0, 0.0, 0.0
14812, 0.0023381018545478582, -0.0005711145349778235, 0.006423247046768665, 0.004056079313158989, 0.00032943737460300326, -0.004541267175227404, 133390.390625, 153387.28125, 86136.3203125, 131878.09375, 142189.6875, 102568.96875, 0.0, 0.0, 0.0, 0.0, 0.0, 0.0, 0.0, 0.0, 0.0, 0.09962216019630432, 0.0, 0.0, 0.0
14832, 0.002595586935058236, 0.0010263924486935139, 0.006599290296435356, 0.004910860676318407, 0.008053903467953205, -0.0029205563478171825, 133399.40625, 153384.984375, 86131.4375, 131868.03125, 142191.46875, 102566.15625, 0.0, 0.0, 0.0, 0.0, 0.0, 0.0, 0.0, 0.0, 0.0, 0.10762432962656021, 0.0, 0.0, 0.0
14852, 0.0025571438018232584, -0.0008189929067157209, 0.0065627009607851505, 0.005137051921337843, -0.0010676668025553226, -0.0026144557632505894, 133393.25, 153396.078125, 86138.2109375, 131875.84375, 142200.078125, 102562.78125, 0.0, 0.0, 0.0, 0.0, 0.0, 0.0, 0.0, 0.0, 0.0, 0.10493459552526474, 0.0, 0.0, 0.0
14872, 0.0022756413090974092, 0.00018471000657882541, 0.006509048398584127, 0.0038849827833473682, 0.004721406381577253, -0.0025983816012740135, 133388.140625, 153389.171875, 86132.5234375, 131869.703125, 142190.6875, 102567.65625, 0.0, 0.0, 0.0, 0.0, 0.0, 0.0, 0.0, 0.0, 0.0, 0.10588548332452774, 0.0, 0.0, 0.0
14892, 0.0022720680572092533, 0.00016453406715299934, 0.006246193777769804, 0.003927930723875761, 0.004691561218351126, -0.0034697242081165314, 133392.046875, 153387.28125, 86138.2109375, 131871.9375, 142195.53125, 102562.78125, 0.0, 0.0, 0.0, 0.0, 0.0, 0.0, 0.0, 0.0, 0.0, 0.10781361162662506, 0.0, 0.0, 0.0
14912, 0.00224885786883533, 0.0001384283823426813, 0.0061782356351614, 0.0036528012715280056, 0.0048175351694226265, -0.003931066021323204, 133398.796875, 153382.6875, 86137.125, 131875.84375, 142190.96875, 102566.90625, 0.0, 0.0, 0.0, 0.0, 0.0, 0.0, 0.0, 0.0, 0.0, 0.10713841021060944, 0.0, 0.0, 0.0
14932, 0.0022238169331103563, -0.000813014805316925, 0.006853996776044369, 0.0035610655322670937, 0.0003519684250932187, -0.0005253397393971682, 133391.0, 153389.59375, 86135.234375, 131869.703125, 142189.6875, 102563.53125, 0.0, 0.0, 0.0, 0.0, 0.0, 0.0, 0.0, 0.0, 0.0, 0.10588665306568146, 0.0, 0.0, 0.0
14952, 0.0022250341717153788, -0.0007975598564371467, 0.006851051934063435, 0.004024610389024019, 0.0004289000644348562, -0.0006583333015441895, 133392.046875, 153393.78125, 86140.9140625, 131879.171875, 142186.421875, 102568.96875, 0.0, 0.0, 0.0, 0.0, 0.0, 0.0, 0.0, 0.0, 0.0, 0.10518193244934082, 0.0, 0.0, 0.0
14972, 0.0024313549511134624, 0.0008262445917353034, 0.007311810273677111, 0.004867315758019686, 0.00904147420078516, 0.001474894699640572, 133391.4375, 153388.75, 86139.8359375, 131873.609375, 142191.46875, 102566.15625, 0.0, 0.0, 0.0, 0.0, 0.0, 0.0, 0.0, 0.0, 0.0, 0.1059563085436821, 0.0, 0.0, 0.0
14992, 0.0024266561958938837, 0.0001502149534644559, 0.007358883041888475, 0.004861433524638414, 0.005178377032279968, 0.0017074490897357464, 133394.890625, 153393.78125, 86142.0, 131884.25, 142182.875, 102566.90625, 0.0, 0.0, 0.0, 0.0, 0.0, 0.0, 0.0, 0.0, 0.0, 0.10638165473937988, 0.0, 0.0, 0.0
15012, 0.0024231651332229376, 0.0008119834237731993, 0.0072445194236934185, 0.005056601949036121, 0.008474689908325672, 0.0013611007016152143, 133392.640625, 153389.59375, 86139.296875, 131873.609375, 142191.46875, 102565.59375, 0.0, 0.0, 0.0, 0.0, 0.0, 0.0, 0.0, 0.0, 0.0, 0.10777521133422852, 0.0, 0.0, 0.0
15032, 0.0028655859641730785, 0.00014256058784667403, 0.007278268691152334, 0.0075264726765453815, 0.004294260870665312, 0.0015251414151862264, 133386.5, 153400.265625, 86140.9140625, 131875.84375, 142196.015625, 102567.65625, 0.0, 0.0, 0.0, 0.0, 0.0, 0.0, 0.0, 0.0, 0.0, 0.10741183906793594, 0.0, 0.0, 0.0
15052, 0.0024302094243466854, -0.0005280211917124689, 0.007589270826429129, 0.004923687782138586, -0.0001308221253566444, 0.0030722483061254025, 133392.046875, 153391.890625, 86140.109375, 131883.15625, 142180.59375, 102567.65625, 0.0, 0.0, 0.0, 0.0, 0.0, 0.0, 0.0, 0.0, 0.0, 0.10730602592229843, 0.0, 0.0, 0.0
15072, 0.0024202994536608458, 0.0007429747493006289, 0.007653368171304464, 0.004468225408345461, 0.006576459854841232, 0.0032260650768876076, 133395.9375, 153389.171875, 86140.9140625, 131877.515625, 142189.6875, 102571.78125, 0.0, 0.0, 0.0, 0.0, 0.0, 0.0, 0.0, 0.0, 0.0, 0.10592574626207352, 0.0, 0.0, 0.0
15092, 0.002260696142911911, -0.0007698365370742977, 0.007040143013000488, 0.00338691845536232, -0.002078500110656023, -0.0011870893649756908, 133396.546875, 153394.203125, 86143.8984375, 131880.34375, 142190.96875, 102567.65625, 0.0, 0.0, 0.0, 0.0, 0.0, 0.0, 0.0, 0.0, 0.0, 0.10317999124526978, 0.0, 0.0, 0.0
15112, 0.0024770742747932673, 0.00033260651980526745, 0.007032947614789009, 0.004409145098179579, 0.0038708136416971684, -0.0010176276555284858, 133401.046875, 153384.984375, 86142.8125, 131878.09375, 142193.25, 102566.15625, 0.0, 0.0, 0.0, 0.0, 0.0, 0.0, 0.0, 0.0, 0.0, 0.10562348365783691, 0.0, 0.0, 0.0
15132, 0.0020435587503015995, 0.00011457558139227331, 0.007011740002781153, 0.0014218536671251059, 0.0020685119088739157, -0.0011731359409168363, 133390.390625, 153389.171875, 86151.4765625, 131880.34375, 142190.96875, 102565.59375, 0.0, 0.0, 0.0, 0.0, 0.0, 0.0, 0.0, 0.0, 0.0, 0.10615513473749161, 0.0, 0.0, 0.0
15152, 0.002254864666610956, -0.0005248291417956352, 0.006990035530179739, 0.002857344690710306, -0.0015744185075163841, -0.001307522295974195, 133397.15625, 153385.40625, 86146.6015625, 131880.921875, 142194.25, 102577.21875, 0.0, 0.0, 0.0, 0.0, 0.0, 0.0, 0.0, 0.0, 0.0, 0.10662368685007095, 0.0, 0.0, 0.0
15172, 0.0022790394723415375, -0.00032550847390666604, 0.006969029083848, 0.002917552599683404, -0.00036434747744351625, -0.0008720235782675445, 133389.796875, 153388.75, 86144.7109375, 131882.578125, 142188.703125, 102565.59375, 0.0, 0.0, 0.0, 0.0, 0.0, 0.0, 0.0, 0.0, 0.0, 0.10664093494415283, 0.0, 0.0, 0.0
15192, 0.002283763373270631, -0.0007724897586740553, 0.007389484439045191, 0.002986981999129057, -0.0025832941755652428, 0.0012366757728159428, 133393.25, 153389.171875, 86143.625, 131879.75, 142189.203125, 102564.84375, 0.0, 0.0, 0.0, 0.0, 0.0, 0.0, 0.0, 0.0, 0.0, 0.10942770540714264, 0.0, 0.0, 0.0
15212, 0.0022911131381988525, -0.0007547946879640222, 0.007423100061714649, 0.0031676769722253084, -0.0023835827596485615, 0.0009533590637147427, 133402.703125, 153387.28125, 86145.515625, 131877.015625, 142191.46875, 102575.15625, 0.0, 0.0, 0.0, 0.0, 0.0, 0.0, 0.0, 0.0, 0.0, 0.10941684991121292, 0.0, 0.0, 0.0
15232, 0.0025293745566159487, -0.0005202752654440701, 0.006842009257525206, 0.004593196325004101, -0.0004917877377010882, -0.0028650634922087193, 133394.296875, 153396.5, 86149.5859375, 131880.921875, 142195.53125, 102575.15625, 0.0, 0.0, 0.0, 0.0, 0.0, 0.0, 0.0, 0.0, 0.0, 0.11139734834432602, 0.0, 0.0, 0.0
15252, 0.0025245696306228638, 0.00013255761587060988, 0.006786225829273462, 0.0045548384077847, 0.003049671184271574, -0.003013578476384282, 133396.546875, 153393.34375, 86145.515625, 131886.484375, 142195.03125, 102569.71875, 0.0, 0.0, 0.0, 0.0, 0.0, 0.0, 0.0, 0.0, 0.0, 0.1104678213596344, 0.0, 0.0, 0.0
15272, 0.0025044898502528667, 0.0001380995090585202, 0.007234570104628801, 0.004333271645009518, 0.002614561701193452, -0.0003722177352756262, 133383.640625, 153391.890625, 86148.7734375, 131876.4375, 142190.96875, 102569.71875, 0.0, 0.0, 0.0, 0.0, 0.0, 0.0, 0.0, 0.0, 0.0, 0.10937591642141342, 0.0, 0.0, 0.0
15292, 0.002594407182186842, 0.00019886356312781572, 0.007228434085845947, 0.004947742912918329, 0.0030479084234684706, -0.00042542352457530797, 133396.546875, 153391.046875, 86142.8125, 131884.25, 142191.96875, 102575.15625, 0.0, 0.0, 0.0, 0.0, 0.0, 0.0, 0.0, 0.0, 0.0, 0.1088346391916275, 0.0, 0.0, 0.0
15312, 0.002812292193993926, -0.0007407570374198258, 0.0075308093801140785, 0.006268491968512535, -0.001899583963677287, 0.0014046278083696961, 133395.9375, 153392.3125, 86144.7109375, 131880.34375, 142190.96875, 102573.09375, 0.0, 0.0, 0.0, 0.0, 0.0, 0.0, 0.0, 0.0, 0.0, 0.10901248455047607, 0.0, 0.0, 0.0
15332, 0.0021141350734978914, -0.0007660237606614828, 0.007566030137240887, 0.0022699886467307806, -0.0016007008962333202, 0.0015852376818656921, 133391.4375, 153395.65625, 86148.5, 131880.34375, 142193.75, 102569.71875, 0.0, 0.0, 0.0, 0.0, 0.0, 0.0, 0.0, 0.0, 0.0, 0.10800936073064804, 0.0, 0.0, 0.0
15352, 0.0026168138720095158, -2.7327527277520858e-05, 0.006598253734409809, 0.0049713244661688805, 0.0023165540769696236, -0.0032046926207840443, 133393.25, 153389.59375, 86150.3984375, 131887.578125, 142193.25, 102577.21875, 0.0, 0.0, 0.0, 0.0, 0.0, 0.0, 0.0, 0.0, 0.0, 0.11033795028924942, 0.0, 0.0, 0.0
15372, 0.0023562826681882143, -0.0002717579482123256, 0.006538867484778166, 0.003461578395217657, 0.0014277866575866938, -0.0031428555957973003, 133392.046875, 153382.6875, 86152.5625, 131884.828125, 142180.59375, 102576.4609375, 0.0, 0.0, 0.0, 0.0, 0.0, 0.0, 0.0, 0.0, 0.0, 0.10858084261417389, 0.0, 0.0, 0.0
15392, 0.0023712541442364454, 0.00020363381190691143, 0.007467211224138737, 0.003787774359807372, 0.004228419158607721, 0.0022103062365204096, 133398.1875, 153391.890625, 86154.4609375, 131886.484375, 142191.96875, 102571.03125, 0.0, 0.0, 0.0, 0.0, 0.0, 0.0, 0.0, 0.0, 0.0, 0.10655280202627182, 0.0, 0.0, 0.0
15412, 0.002605227055028081, 0.0011488825548440218, 0.007515254430472851, 0.0053826807998120785, 0.009018199518322945, 0.0020117375534027815, 133397.15625, 153398.375, 86149.5859375, 131875.84375, 142189.203125, 102579.28125, 0.0, 0.0, 0.0, 0.0, 0.0, 0.0, 0.0, 0.0, 0.0, 0.10611379891633987, 0.0, 0.0, 0.0
15432, 0.002687326166778803, 0.0001833835558500141, 0.0065939840860664845, 0.005813279189169407, 0.003147650044411421, -0.0033404799178242683, 133398.796875, 153395.65625, 86147.6875, 131880.34375, 142192.75, 102576.4609375, 0.0, 0.0, 0.0, 0.0, 0.0, 0.0, 0.0, 0.0, 0.0, 0.10451886802911758, 0.0, 0.0, 0.0
15452, 0.0026907213032245636, 0.0001819922326831147, 0.006533211097121239, 0.005725560709834099, 0.0033566311467438936, -0.0032241991721093655, 133398.796875, 153391.890625, 86152.5625, 131873.03125, 142186.921875, 102577.21875, 0.0, 0.0, 0.0, 0.0, 0.0, 0.0, 0.0, 0.0, 0.0, 0.10545270889997482, 0.0, 0.0, 0.0
15472, 0.0024635817389935255, -0.0008155231480486691, 0.006468722131103277, 0.004361190367490053, -0.002008287003263831, -0.0033317729830741882, 133403.296875, 153390.015625, 86153.375, 131874.1875, 142193.25, 102579.28125, 0.0, 0.0, 0.0, 0.0, 0.0, 0.0, 0.0, 0.0, 0.0, 0.10418500751256943, 0.0, 0.0, 0.0
15492, 0.0024893044028431177, 0.00021358535741455853, 0.0053766146302223206, 0.004726403392851353, 0.003460005158558488, -0.00883488543331623, 133395.9375, 153389.171875, 86148.5, 131878.09375, 142191.46875, 102575.7109375, 0.0, 0.0, 0.0, 0.0, 0.0, 0.0, 0.0, 0.0, 0.0, 0.10345139354467392, 0.0, 0.0, 0.0
15512, 0.0025555600877851248, -0.000820977904368192, 0.005202886648476124, 0.005199736449867487, -0.002092821290716529, -0.008619006723165512, 133398.1875, 153394.203125, 86149.5859375, 131878.09375, 142189.6875, 102583.9609375, 0.0, 0.0, 0.0, 0.0, 0.0, 0.0, 0.0, 0.0, 0.0, 0.10331977903842926, 0.0, 0.0, 0.0
15532, 0.002854317892342806, -3.175852179992944e-05, 0.006248132325708866, 0.006693118251860142, 0.002129570348188281, -0.0017537105595692992, 133399.40625, 153392.3125, 86153.1015625, 131884.828125, 142189.6875, 102585.46875, 0.0, 0.0, 0.0, 0.0, 0.0, 0.0, 0.0, 0.0, 0.0, 0.10362901538610458, 0.0, 0.0, 0.0
15552, 0.0026313471607863903, -0.0008750177221372724, 0.006210870575159788, 0.005681305192410946, -0.0025324642192572355, -0.0019597781356424093, 133395.9375, 153396.078125, 86153.375, 131880.921875, 142189.203125, 102573.09375, 0.0, 0.0, 0.0, 0.0, 0.0, 0.0, 0.0, 0.0, 0.0, 0.10376057773828506, 0.0, 0.0, 0.0
15572, 0.002859590109437704, 0.00022679239918943495, 0.0065030790865421295, 0.006893810350447893, 0.0029943424742668867, -0.0003336883382871747, 133404.953125, 153387.28125, 86147.6875, 131880.34375, 142190.96875, 102580.03125, 0.0, 0.0, 0.0, 0.0, 0.0, 0.0, 0.0, 0.0, 0.0, 0.10486436635255814, 0.0, 0.0, 0.0
15592, 0.0022781675215810537, -0.0008583763265050948, 0.0064942301250994205, 0.004007651004940271, -0.00250284094363451, -0.0008227759972214699, 133407.203125, 153393.34375, 86153.375, 131880.921875, 142189.203125, 102586.21875, 0.0, 0.0, 0.0, 0.0, 0.0, 0.0, 0.0, 0.0, 0.0, 0.10578883439302444, 0.0, 0.0, 0.0
15612, 0.0025189737789332867, -0.0005808885907754302, 0.006683348678052425, 0.004976712632924318, -0.001045471872203052, 0.00018306280253455043, 133403.296875, 153395.65625, 86152.5625, 131877.515625, 142189.203125, 102574.3984375, 0.0, 0.0, 0.0, 0.0, 0.0, 0.0, 0.0, 0.0, 0.0, 0.10635501891374588, 0.0, 0.0, 0.0
15632, 0.002734985901042819, 0.00018072716193273664, 0.006687988992780447, 0.00615869602188468, 0.0028705268632620573, 3.533534618327394e-05, 133407.203125, 153391.890625, 86156.359375, 131884.828125, 142190.96875, 102577.96875, 0.0, 0.0, 0.0, 0.0, 0.0, 0.0, 0.0, 0.0, 0.0, 0.10646021366119385, 0.0, 0.0, 0.0
15652, 0.002460847143083811, 0.00041421898640692234, 0.006815763656049967, 0.0047829910181462765, 0.003978642635047436, 0.0004556486674118787, 133409.453125, 153389.171875, 86150.671875, 131884.25, 142184.640625, 102582.6484375, 0.0, 0.0, 0.0, 0.0, 0.0, 0.0, 0.0, 0.0, 0.0, 0.10625077784061432, 0.0, 0.0, 0.0
15672, 0.0024902320001274347, 0.0002071763447020203, 0.0068265460431575775, 0.005155503749847412, 0.0026973895728588104, 0.0003906853962689638, 133399.40625, 153389.59375, 86153.375, 131886.484375, 142189.203125, 102575.15625, 0.0, 0.0, 0.0, 0.0, 0.0, 0.0, 0.0, 0.0, 0.0, 0.1059885248541832, 0.0, 0.0, 0.0
15692, 0.002550071571022272, -0.0008783851517364383, 0.006844344548881054, 0.005729916505515575, -0.0033169498201459646, 0.003071945160627365, 133403.296875, 153398.8125, 86154.4609375, 131881.421875, 142185.921875, 102578.5234375, 0.0, 0.0, 0.0, 0.0, 0.0, 0.0, 0.0, 0.0, 0.0, 0.10720477998256683, 0.0, 0.0, 0.0
15712, 0.0028472733683884144, 0.00022638041991740465, 0.007351692300289869, 0.0068337698467075825, 0.002233839128166437, 0.002888545161113143, 133401.65625, 153395.65625, 86148.5, 131888.734375, 142188.703125, 102579.28125, 0.0, 0.0, 0.0, 0.0, 0.0, 0.0, 0.0, 0.0, 0.0, 0.10400310158729553, 0.0, 0.0, 0.0
15732, 0.0028043657075613737, -6.0915925132576376e-05, 0.007413218729197979, 0.006691282149404287, 0.000910236849449575, 0.002258776454254985, 133409.453125, 153393.34375, 86157.1640625, 131878.09375, 142191.46875, 102580.5859375, 0.0, 0.0, 0.0, 0.0, 0.0, 0.0, 0.0, 0.0, 0.0, 0.10321058332920074, 0.0, 0.0, 0.0
15752, 0.002521050628274679, -0.0005871441098861396, 0.007298293523490429, 0.005044624209403992, -0.0019029623363167048, 0.0008456084178760648, 133404.953125, 153391.890625, 86151.4765625, 131882.578125, 142190.96875, 102580.03125, 0.0, 0.0, 0.0, 0.0, 0.0, 0.0, 0.0, 0.0, 0.0, 0.10391619801521301, 0.0, 0.0, 0.0
15772, 0.0025609591975808144, 0.0002415511989966035, 0.007322993129491806, 0.005509605165570974, 0.00261690397746861, 0.0012499920558184385, 133403.296875, 153386.859375, 86151.203125, 131879.75, 142201.859375, 102580.5859375, 0.0, 0.0, 0.0, 0.0, 0.0, 0.0, 0.0, 0.0, 0.0, 0.10352585464715958, 0.0, 0.0, 0.0
15792, 0.0025607456918805838, 0.000249616801738739, 0.006798149086534977, 0.005407572723925114, 0.0028525374364107847, -0.0016638258239254355, 133407.203125, 153391.046875, 86151.4765625, 131880.34375, 142180.09375, 102581.8984375, 0.0, 0.0, 0.0, 0.0, 0.0, 0.0, 0.0, 0.0, 0.0, 0.10458516329526901, 0.0, 0.0, 0.0
15812, 0.0028742034919559956, 0.0002927986497525126, 0.006758938077837229, 0.007093656808137894, 0.003082316368818283, -0.002183781238272786, 133404.34375, 153391.890625, 86149.5859375, 131878.671875, 142186.421875, 102585.46875, 0.0, 0.0, 0.0, 0.0, 0.0, 0.0, 0.0, 0.0, 0.0, 0.10559038817882538, 0.0, 0.0, 0.0
15832, 0.002835784573107958, 0.00028635154012590647, 0.006428783759474754, 0.00680072046816349, 0.0030043188016861677, -0.003603273071348667, 133412.3125, 153389.171875, 86155.2734375, 131886.484375, 142181.875, 102585.46875, 0.0, 0.0, 0.0, 0.0, 0.0, 0.0, 0.0, 0.0, 0.0, 0.1056516170501709, 0.0, 0.0, 0.0
15852, 0.0027992308605462313, 0.000535244878847152, 0.00635905796661973, 0.006331494078040123, 0.0038892587181180716, -0.0038714709226042032, 133407.203125, 153391.046875, 86154.1875, 131878.671875, 142185.140625, 102586.7734375, 0.0, 0.0, 0.0, 0.0, 0.0, 0.0, 0.0, 0.0, 0.0, 0.1058153361082077, 0.0, 0.0, 0.0
15872, 0.002757525071501732, -0.0005073725478723645, 0.006945557426661253, 0.006019061431288719, -0.001322072115726769, -0.00023588494514115155, 133411.703125, 153402.140625, 86152.5625, 131879.75, 142186.921875, 102586.7734375, 0.0, 0.0, 0.0, 0.0, 0.0, 0.0, 0.0, 0.0, 0.0, 0.10790979862213135, 0.0, 0.0, 0.0
15892, 0.002488036872819066, -0.0005050262552686036, 0.006940104532986879, 0.004560541361570358, -0.0010146694257855415, -0.00044359086314216256, 133407.8125, 153391.46875, 86157.1640625, 131874.1875, 142188.703125, 102584.7109375, 0.0, 0.0, 0.0, 0.0, 0.0, 0.0, 0.0, 0.0, 0.0, 0.1081048771739006, 0.0, 0.0, 0.0
15912, 0.0027205017395317554, -0.0007609726744703948, 0.006955279037356377, 0.005430926568806171, -0.0021964998450130224, -0.0004950151196680963, 133411.703125, 153393.34375, 86156.078125, 131882.0, 142181.09375, 102583.40625, 0.0, 0.0, 0.0, 0.0, 0.0, 0.0, 0.0, 0.0, 0.0, 0.10837608575820923, 0.0, 0.0, 0.0
15932, 0.002243278780952096, -0.0007738899439573288, 0.006941895931959152, 0.0027471946086734533, -0.002171398838981986, -0.0007379381568171084, 133411.703125, 153393.78125, 86155.2734375, 131887.0625, 142187.421875, 102583.40625, 0.0, 0.0, 0.0, 0.0, 0.0, 0.0, 0.0, 0.0, 0.0, 0.10506792366504669, 0.0, 0.0, 0.0
15952, 0.0027285933028906584, -0.0007640391122549772, 0.0073726545087993145, 0.005120414774864912, -0.0023065556306391954, 0.0022931641433387995, 133407.8125, 153395.65625, 86159.0625, 131882.578125, 142186.921875, 102585.46875, 0.0, 0.0, 0.0, 0.0, 0.0, 0.0, 0.0, 0.0, 0.0, 0.10501214116811752, 0.0, 0.0, 0.0
15972, 0.0027164462953805923, -0.0007710446952842176, 0.0074277906678617, 0.004938813857734203, -0.0024369058664888144, 0.002876327373087406, 133410.0625, 153394.796875, 86159.0625, 131880.921875, 142185.140625, 102587.53125, 0.0, 0.0, 0.0, 0.0, 0.0, 0.0, 0.0, 0.0, 0.0, 0.106203094124794, 0.0, 0.0, 0.0
15992, 0.0024696451146155596, -5.56382947252132e-05, 0.007510442286729813, 0.0037830446381121874, 0.001115948660299182, 0.002997883828356862, 133410.0625, 153384.5625, 86156.078125, 131880.921875, 142184.640625, 102581.34375, 0.0, 0.0, 0.0, 0.0, 0.0, 0.0, 0.0, 0.0, 0.0, 0.10537555068731308, 0.0, 0.0, 0.0
16012, 0.002250474411994219, 0.00018733674369286746, 0.006919223815202713, 0.0026360885240137577, 0.002511174650862813, -0.0005730853299610317, 133406.15625, 153391.890625, 86162.0390625, 131877.515625, 142186.921875, 102581.34375, 0.0, 0.0, 0.0, 0.0, 0.0, 0.0, 0.0, 0.0, 0.0, 0.10643622279167175, 0.0, 0.0, 0.0
16032, 0.0027702967636287212, 0.0002400345547357574, 0.006905282381922007, 0.005141478963196278, 0.0027001614216715097, -0.0007034229347482324, 133408.40625, 153393.34375, 86162.0390625, 131880.34375, 142182.375, 102583.40625, 0.0, 0.0, 0.0, 0.0, 0.0, 0.0, 0.0, 0.0, 0.0, 0.10815734416246414, 0.0, 0.0, 0.0
16052, 0.0022869312670081854, 0.00023972298367880285, 0.00776942353695631, 0.00294804316945374, 0.00231920531950891, 0.003810529364272952, 133415.171875, 153393.34375, 86164.75, 131880.34375, 142182.375, 102588.8359375, 0.0, 0.0, 0.0, 0.0, 0.0, 0.0, 0.0, 0.0, 0.0, 0.1082431972026825, 0.0, 0.0, 0.0
16072, 0.0025348705239593983, 0.00025045129586942494, 0.00784723274409771, 0.004508844576776028, 0.00209458963945508, 0.0035113117191940546, 133407.8125, 153390.015625, 86158.7890625, 131880.921875, 142182.875, 102588.8359375, 0.0, 0.0, 0.0, 0.0, 0.0, 0.0, 0.0, 0.0, 0.0, 0.10652833431959152, 0.0, 0.0, 0.0
16092, 0.0025937771424651146, -0.0007755154510959983, 0.007128750439733267, 0.004502811934798956, -0.0034152257721871138, -0.0011585326865315437, 133409.453125, 153389.171875, 86163.9375, 131884.25, 142184.640625, 102588.8359375, 0.0, 0.0, 0.0, 0.0, 0.0, 0.0, 0.0, 0.0, 0.0, 0.10815787315368652, 0.0, 0.0, 0.0
16112, 0.0025718759279698133, 0.00024943804601207376, 0.007109318859875202, 0.004335242323577404, 0.0017684975173324347, -0.0014227709034457803, 133412.3125, 153395.234375, 86160.9609375, 131880.921875, 142182.875, 102583.40625, 0.0, 0.0, 0.0, 0.0, 0.0, 0.0, 0.0, 0.0, 0.0, 0.10858209431171417, 0.0, 0.0, 0.0
16132, 0.0028587470296770334, 0.00024329643929377198, 0.007849660702049732, 0.005745243281126022, 0.0014760589692741632, 0.0027423712890595198, 133416.203125, 153391.46875, 86155.2734375, 131882.578125, 142186.421875, 102590.1484375, 0.0, 0.0, 0.0, 0.0, 0.0, 0.0, 0.0, 0.0, 0.0, 0.11116600781679153, 0.0, 0.0, 0.0
16152, 0.002577166771516204, 0.0002213927946286276, 0.007907657884061337, 0.0040955087170004845, 0.0016282574506476521, 0.0022229719907045364, 133416.203125, 153391.46875, 86162.0390625, 131878.671875, 142180.09375, 102588.8359375, 0.0, 0.0, 0.0, 0.0, 0.0, 0.0, 0.0, 0.0, 0.0, 0.11125051975250244, 0.0, 0.0, 0.0
16172, 0.0025854434352368116, 0.00021592382108792663, 0.006794194225221872, 0.0038542659021914005, 0.0016952689038589597, -0.004044773988425732, 133415.609375, 153391.46875, 86156.890625, 131874.1875, 142188.703125, 102590.8984375, 0.0, 0.0, 0.0, 0.0, 0.0, 0.0, 0.0, 0.0, 0.0, 0.11181095987558365, 0.0, 0.0, 0.0
16192, 0.0028016315773129463, 0.0002102250000461936, 0.006722103804349899, 0.004898237995803356, 0.001787486020475626, -0.004094071686267853, 133409.453125, 153390.625, 86159.875, 131880.34375, 142180.09375, 102586.96875, 0.0, 0.0, 0.0, 0.0, 0.0, 0.0, 0.0, 0.0, 0.0, 0.11089599132537842, 0.0, 0.0, 0.0
16212, 0.002535727107897401, -0.0005112028447911143, 0.007180130574852228, 0.003255374962463975, -0.0019494626903906465, -0.0010350082302466035, 133407.203125, 153395.65625, 86162.8515625, 131883.671875, 142187.203125, 102588.8359375, 0.0, 0.0, 0.0, 0.0, 0.0, 0.0, 0.0, 0.0, 0.0, 0.10922680795192719, 0.0, 0.0, 0.0
16232, 0.0025193970650434494, -0.0004898817278444767, 0.007164373528212309, 0.003100114408880472, -0.0021402467973530293, -0.0010719449492171407, 133416.8125, 153390.015625, 86158.25, 131884.828125, 142184.140625, 102588.28125, 0.0, 0.0, 0.0, 0.0, 0.0, 0.0, 0.0, 0.0, 0.0, 0.11016475409269333, 0.0, 0.0, 0.0
16252, 0.002514692023396492, -0.0007059738854877651, 0.007150274235755205, 0.0032210994977504015, -0.003287763800472021, -0.0008860159432515502, 133411.703125, 153393.78125, 86164.75, 131882.578125, 142179.59375, 102586.7734375, 0.0, 0.0, 0.0, 0.0, 0.0, 0.0, 0.0, 0.0, 0.0, 0.10693472623825073, 0.0, 0.0, 0.0
16272, 0.0027404772117733955, 0.0009121538023464382, 0.007494743447750807, 0.004383437801152468, 0.00518935127183795, 0.0007058053161017597, 133410.0625, 153392.921875, 86156.078125, 131880.34375, 142180.09375, 102590.8984375, 0.0, 0.0, 0.0, 0.0, 0.0, 0.0, 0.0, 0.0, 0.0, 0.10813833773136139, 0.0, 0.0, 0.0
16292, 0.002962736412882805, 0.001114462036639452, 0.007513528689742088, 0.005060494411736727, 0.006011162884533405, 0.0003427826741244644, 133421.3125, 153397.953125, 86159.875, 131878.671875, 142182.375, 102591.65625, 0.0, 0.0, 0.0, 0.0, 0.0, 0.0, 0.0, 0.0, 0.0, 0.10976677387952805, 0.0, 0.0, 0.0
16312, 0.0027701242361217737, 0.001072168699465692, 0.006495804060250521, 0.004260251298546791, 0.005550452042371035, -0.004449855536222458, 133412.3125, 153387.28125, 86161.765625, 131878.671875, 142186.921875, 102591.65625, 0.0, 0.0, 0.0, 0.0, 0.0, 0.0, 0.0, 0.0, 0.0, 0.10918771475553513, 0.0, 0.0, 0.0
16332, 0.002324359957128763, -0.0007318900898098946, 0.0064191934652626514, 0.002250680234283209, -0.003990554716438055, -0.003908166661858559, 133416.203125, 153387.28125, 86162.8515625, 131882.578125, 142177.328125, 102588.8359375, 0.0, 0.0, 0.0, 0.0, 0.0, 0.0, 0.0, 0.0, 0.0, 0.11118689924478531, 0.0, 0.0, 0.0
16352, 0.00275057228282094, -0.0005158259882591665, 0.0066167558543384075, 0.004660195671021938, -0.0025506820529699326, -0.002594822784885764, 133409.453125, 153393.78125, 86159.875, 131884.25, 142180.09375, 102591.65625, 0.0, 0.0, 0.0, 0.0, 0.0, 0.0, 0.0, 0.0, 0.0, 0.10995213687419891, 0.0, 0.0, 0.0
16372, 0.0023087398149073124, -0.0007280205609276891, 0.006570026278495789, 0.002494764979928732, -0.003490475006401539, -0.002264446811750531, 133415.171875, 153393.34375, 86162.8515625, 131888.734375, 142182.875, 102585.46875, 0.0, 0.0, 0.0, 0.0, 0.0, 0.0, 0.0, 0.0, 0.0, 0.11005005985498428, 0.0, 0.0, 0.0
16392, 0.0027949614450335503, 0.00015972310211509466, 0.006310416851192713, 0.005280626006424427, 0.0014483510749414563, -0.0029300092719495296, 133412.3125, 153397.53125, 86167.453125, 131878.09375, 142188.203125, 102587.53125, 0.0, 0.0, 0.0, 0.0, 0.0, 0.0, 0.0, 0.0, 0.0, 0.110162153840065, 0.0, 0.0, 0.0
16412, 0.0025999993085861206, -0.0005425644922070205, 0.0062540872022509575, 0.004179962910711765, -0.0021553211845457554, -0.002942644292488694, 133411.703125, 153386.4375, 86156.890625, 131886.484375, 142173.765625, 102590.8984375, 0.0, 0.0, 0.0, 0.0, 0.0, 0.0, 0.0, 0.0, 0.0, 0.10801076889038086, 0.0, 0.0, 0.0
16432, 0.0028271654155105352, 0.0004044726665597409, 0.006506838370114565, 0.005197398830205202, 0.0026093509513884783, -0.0015771830221638083, 133412.3125, 153395.65625, 86168.5390625, 131878.671875, 142177.8125, 102587.53125, 0.0, 0.0, 0.0, 0.0, 0.0, 0.0, 0.0, 0.0, 0.0, 0.10798346251249313, 0.0, 0.0, 0.0
16452, 0.003285203594714403, 0.00017228534852620214, 0.006483325269073248, 0.007765209302306175, 0.0011775526218116283, -0.0013815027195960283, 133416.203125, 153391.46875, 86162.578125, 131878.671875, 142184.140625, 102587.53125, 0.0, 0.0, 0.0, 0.0, 0.0, 0.0, 0.0, 0.0, 0.0, 0.11034072935581207, 0.0, 0.0, 0.0
16472, 0.003275264287367463, 0.00038401110214181244, 0.00667379517108202, 0.007933110930025578, 0.0023230446968227625, -0.00015848754264879972, 133413.359375, 153391.046875, 86165.5625, 131889.3125, 142186.421875, 102592.2109375, 0.0, 0.0, 0.0, 0.0, 0.0, 0.0, 0.0, 0.0, 0.0, 0.11083424836397171, 0.0, 0.0, 0.0
16492, 0.0025866397190839052, -0.0005376898916438222, 0.0066776336170732975, 0.004096989054232836, -0.0025041811168193817, -0.00021136538998689502, 133410.0625, 153391.046875, 86168.5390625, 131882.578125, 142179.09375, 102589.59375, 0.0, 0.0, 0.0, 0.0, 0.0, 0.0, 0.0, 0.0, 0.0, 0.11115337908267975, 0.0, 0.0, 0.0
16512, 0.002846434013918042, 0.00012985743524041027, 0.006675682030618191, 0.005237573757767677, 0.0014994696248322725, -0.00035747289075516164, 133417.421875, 153389.59375, 86161.765625, 131887.0625, 142175.546875, 102588.28125, 0.0, 0.0, 0.0, 0.0, 0.0, 0.0, 0.0, 0.0, 0.0, 0.11084923148155212, 0.0, 0.0, 0.0
16532, 0.0026315690483897924, -0.0006047169445082545, 0.007228850852698088, 0.003849963191896677, -0.002670102985575795, 0.0024116348940879107, 133413.953125, 153400.265625, 86157.1640625, 131890.984375, 142173.265625, 102586.21875, 0.0, 0.0, 0.0, 0.0, 0.0, 0.0, 0.0, 0.0, 0.0, 0.11140133440494537, 0.0, 0.0, 0.0
16552, 0.002852092031389475, -0.0008423139224760234, 0.007284204475581646, 0.0049303192645311356, -0.0035596396774053574, 0.0030385316349565983, 133416.8125, 153388.75, 86162.8515625, 131883.15625, 142176.828125, 102591.65625, 0.0, 0.0, 0.0, 0.0, 0.0, 0.0, 0.0, 0.0, 0.0, 0.11242381483316422, 0.0, 0.0, 0.0
16572, 0.002645829925313592, 0.00014892722538206726, 0.006823290605098009, 0.003376814303919673, 0.002032530726864934, 0.0005391600425355136, 133416.8125, 153391.046875, 86162.8515625, 131887.0625, 142180.09375, 102590.34375, 0.0, 0.0, 0.0, 0.0, 0.0, 0.0, 0.0, 0.0, 0.0, 0.11314526200294495, 0.0, 0.0, 0.0
16592, 0.002714255591854453, 0.00019928367692045867, 0.006832353305071592, 0.0036205530632287264, 0.0025742363650351763, 0.0003564184298738837, 133416.203125, 153384.5625, 86159.875, 131883.15625, 142183.65625, 102597.84375, 0.0, 0.0, 0.0, 0.0, 0.0, 0.0, 0.0, 0.0, 0.0, 0.11178664863109589, 0.0, 0.0, 0.0
16612, 0.003766268491744995, 0.00017730746185407043, 0.008146006613969803, 0.00850982591509819, 0.002481910167261958, 0.007257422897964716, 133418.46875, 153389.171875, 86164.75, 131887.0625, 142179.59375, 102586.21875, 0.0, 0.0, 0.0, 0.0, 0.0, 0.0, 0.0, 0.0, 0.0, 0.11420068889856339, 0.0, 0.0, 0.0
16632, 0.0032561880070716143, 0.00019795469415839761, 0.008302298374474049, 0.005329928360879421, 0.0022357215639203787, 0.007748795207589865, 133410.65625, 153395.234375, 86161.765625, 131882.578125, 142171.484375, 102591.65625, 0.0, 0.0, 0.0, 0.0, 0.0, 0.0, 0.0, 0.0, 0.0, 0.11427480727434158, 0.0, 0.0, 0.0
16652, 0.0029404405504465103, -0.0009140838519670069, 0.008715230040252209, 0.0037364568561315536, -0.0036107124760746956, 0.008850670419633389, 133417.25, 153391.046875, 86156.890625, 131887.0625, 142177.328125, 102591.65625, 0.0, 0.0, 0.0, 0.0, 0.0, 0.0, 0.0, 0.0, 0.0, 0.11549466103315353, 0.0, 0.0, 0.0
16672, 0.002648906083777547, -0.0008932554628700018, 0.008925231173634529, 0.002172573236748576, -0.003539257450029254, 0.008797797374427319, 133419.0625, 153387.28125, 86161.765625, 131880.921875, 142180.09375, 102589.59375, 0.0, 0.0, 0.0, 0.0, 0.0, 0.0, 0.0, 0.0, 0.0, 0.11713361740112305, 0.0, 0.0, 0.0
16692, 0.002679036231711507, 0.0013063400983810425, 0.008298486471176147, 0.002529941499233246, 0.007754710037261248, 0.0045920307748019695, 133421.3125, 153386.4375, 86161.765625, 131884.828125, 142176.53125, 102595.78125, 0.0, 0.0, 0.0, 0.0, 0.0, 0.0, 0.0, 0.0, 0.0, 0.11686816066503525, 0.0, 0.0, 0.0
16712, 0.002923165448009968, 0.0004343387845437974, 0.008401589468121529, 0.004065812099725008, 0.003080470487475395, 0.0047807879745960236, 133412.3125, 153386.859375, 86162.8515625, 131889.3125, 142170.984375, 102587.53125, 0.0, 0.0, 0.0, 0.0, 0.0, 0.0, 0.0, 0.0, 0.0, 0.11726157367229462, 0.0, 0.0, 0.0
16732, 0.003699342953041196, 0.00041862743091769516, 0.008322020061314106, 0.007977795787155628, 0.003007464576512575, 0.003936839755624533, 133404.515625, 153395.234375, 86163.6640625, 131884.828125, 142179.59375, 102594.46875, 0.0, 0.0, 0.0, 0.0, 0.0, 0.0, 0.0, 0.0, 0.0, 0.11610039323568344, 0.0, 0.0, 0.0
16752, 0.00314826937392354, 0.0003952306869905442, 0.008409642614424229, 0.005322562530636787, 0.0023546735756099224, 0.004130729008466005, 133421.3125, 153389.59375, 86168.265625, 131883.15625, 142177.328125, 102593.71875, 0.0, 0.0, 0.0, 0.0, 0.0, 0.0, 0.0, 0.0, 0.0, 0.11557876318693161, 0.0, 0.0, 0.0
16772, 0.0026294963899999857, -0.0008737961179576814, 0.008503550663590431, 0.002413180423900485, -0.0041258083656430244, 0.0048889052122831345, 133421.3125, 153386.4375, 86157.9765625, 131887.0625, 142180.59375, 102591.65625, 0.0, 0.0, 0.0, 0.0, 0.0, 0.0, 0.0, 0.0, 0.0, 0.11639292538166046, 0.0, 0.0, 0.0
16792, 0.0026303960476070642, 0.0010940434876829386, 0.008394286036491394, 0.002639295533299446, 0.005641310941427946, 0.0043908399529755116, 133409.453125, 153386.859375, 86163.9375, 131884.828125, 142170.984375, 102593.71875, 0.0, 0.0, 0.0, 0.0, 0.0, 0.0, 0.0, 0.0, 0.0, 0.11874935775995255, 0.0, 0.0, 0.0
16812, 0.0026581017300486565, -0.0009028687491081655, 0.008501759730279446, 0.003185504348948598, -0.004333257209509611, 0.00471467012539506, 133420.109375, 153389.171875, 86160.9609375, 131880.921875, 142175.546875, 102592.40625, 0.0, 0.0, 0.0, 0.0, 0.0, 0.0, 0.0, 0.0, 0.0, 0.11687737703323364, 0.0, 0.0, 0.0
16832, 0.0029232995584607124, 0.00010364312038291246, 0.007975134067237377, 0.004720615688711405, 0.0008382915984839201, 0.0018252615118399262, 133420.71875, 153393.34375, 86157.9765625, 131878.09375, 142175.546875, 102598.59375, 0.0, 0.0, 0.0, 0.0, 0.0, 0.0, 0.0, 0.0, 0.0, 0.11847889423370361, 0.0, 0.0, 0.0
16852, 0.003025631420314312, 0.00011319058830849826, 0.008018494583666325, 0.005446701776236296, 0.0006971930852159858, 0.0024450283963233232, 133416.8125, 153384.140625, 86162.0390625, 131890.390625, 142179.59375, 102592.9609375, 0.0, 0.0, 0.0, 0.0, 0.0, 0.0, 0.0, 0.0, 0.0, 0.11645396053791046, 0.0, 0.0, 0.0
16872, 0.0031527902465313673, 0.00012253655586391687, 0.0076470449566841125, 0.006424141116440296, 0.0005259538302198052, 0.0006133063579909503, 133422.96875, 153389.171875, 86169.625, 131882.578125, 142166.4375, 102595.0234375, 0.0, 0.0, 0.0, 0.0, 0.0, 0.0, 0.0, 0.0, 0.0, 0.11774121224880219, 0.0, 0.0, 0.0
16892, 0.002814779756590724, 9.550394315738231e-05, 0.007672461215406656, 0.0048459479585289955, 0.0003407088515814394, 0.0007593816262669861, 133416.203125, 153388.75, 86162.578125, 131874.1875, 142175.546875, 102589.59375, 0.0, 0.0, 0.0, 0.0, 0.0, 0.0, 0.0, 0.0, 0.0, 0.11804328113794327, 0.0, 0.0, 0.0
16912, 0.0030644836369901896, 0.001228980370797217, 0.007834624499082565, 0.0062570893205702305, 0.006012768018990755, 0.0016106920083984733, 133416.203125, 153391.046875, 86165.5625, 131891.5625, 142166.9375, 102589.59375, 0.0, 0.0, 0.0, 0.0, 0.0, 0.0, 0.0, 0.0, 0.0, 0.11898422241210938, 0.0, 0.0, 0.0
16932, 0.00304139475338161, 8.05355011834763e-05, 0.007880130782723427, 0.00592756737023592, 0.0005438962834887207, 0.0017689428059384227, 133417.421875, 153386.859375, 86163.6640625, 131888.734375, 142170.984375, 102590.34375, 0.0, 0.0, 0.0, 0.0, 0.0, 0.0, 0.0, 0.0, 0.0, 0.11742084473371506, 0.0, 0.0, 0.0
16952, 0.0030792236793786287, -0.0007797703146934509, 0.007953089661896229, 0.006250150967389345, -0.0036732135340571404, 0.001822004560381174, 133418.46875, 153400.265625, 86161.765625, 131887.0625, 142167.71875, 102597.0859375, 0.0, 0.0, 0.0, 0.0, 0.0, 0.0, 0.0, 0.0, 0.0, 0.11786331236362457, 0.0, 0.0, 0.0
16972, 0.0029708154033869505, 7.262897270265967e-05, 0.007974250242114067, 0.005354325287044048, 0.0008996347896754742, 0.0013712988002225757, 133420.71875, 153384.140625, 86157.1640625, 131879.84375, 142172.765625, 102587.53125, 0.0, 0.0, 0.0, 0.0, 0.0, 0.0, 0.0, 0.0, 0.0, 0.12062720209360123, 0.0, 0.0, 0.0
16992, 0.002937470329925418, -0.0009495958802290261, 0.008016458712518215, 0.005387434735894203, -0.003987643867731094, 0.0012816452654078603, 133412.921875, 153388.75, 86166.640625, 131877.015625, 142166.4375, 102594.46875, 0.0, 0.0, 0.0, 0.0, 0.0, 0.0, 0.0, 0.0, 0.0, 0.12058332562446594, 0.0, 0.0, 0.0
17012, 0.0028906206134706736, 0.000830787408631295, 0.008052628487348557, 0.005075947847217321, 0.005367659498006105, 0.0014414259931072593, 133423.578125, 153389.59375, 86160.9609375, 131878.671875, 142166.4375, 102597.0859375, 0.0, 0.0, 0.0, 0.0, 0.0, 0.0, 0.0, 0.0, 0.0, 0.12204979360103607, 0.0, 0.0, 0.0
17032, 0.002661958569660783, 9.409670747118071e-05, 0.008115970529615879, 0.004142825026065111, 0.0012502038152888417, 0.0011325906962156296, 133419.671875, 153388.3125, 86157.1640625, 131890.984375, 142173.265625, 102592.40625, 0.0, 0.0, 0.0, 0.0, 0.0, 0.0, 0.0, 0.0, 0.0, 0.12281656265258789, 0.0, 0.0, 0.0
17052, 0.0026891562156379223, -0.0009717765497043729, 0.008518134243786335, 0.004165394231677055, -0.004002086352556944, 0.0026214253157377243, 133419.0625, 153386.859375, 86160.6796875, 131883.15625, 142164.65625, 102589.59375, 0.0, 0.0, 0.0, 0.0, 0.0, 0.0, 0.0, 0.0, 0.0, 0.12393089383840561, 0.0, 0.0, 0.0
17072, 0.0026621439028531313, -0.0009659655042923987, 0.008601135574281216, 0.004325000569224358, -0.004093330819159746, 0.003065284341573715, 133420.71875, 153396.078125, 86159.0625, 131883.15625, 142166.4375, 102585.65625, 0.0, 0.0, 0.0, 0.0, 0.0, 0.0, 0.0, 0.0, 0.0, 0.12454205006361008, 0.0, 0.0, 0.0
17092, 0.002763623371720314, -0.0010368501534685493, 0.007983705960214138, 0.004398152697831392, -0.0038012247532606125, -0.00023991467605810612, 133414.5625, 153391.46875, 86166.640625, 131889.3125, 142170.5, 102592.40625, 0.0, 0.0, 0.0, 0.0, 0.0, 0.0, 0.0, 0.0, 0.0, 0.12483981251716614, 0.0, 0.0, 0.0
17112, 0.003030814230442047, 0.00011900367826456204, 0.007988618686795235, 0.005963523406535387, 0.0025811963714659214, -2.7819807655760087e-05, 133418.46875, 153391.46875, 86158.7890625, 131887.65625, 142164.65625, 102593.71875, 0.0, 0.0, 0.0, 0.0, 0.0, 0.0, 0.0, 0.0, 0.0, 0.1240009292960167, 0.0, 0.0, 0.0
17132, 0.002698418917134404, 9.971714462153614e-05, 0.008389146067202091, 0.0039423308335244656, 0.0021391373593360186, 0.0020180032588541508, 133411.703125, 153393.78125, 86159.0625, 131889.890625, 142169.21875, 102595.0234375, 0.0, 0.0, 0.0, 0.0, 0.0, 0.0, 0.0, 0.0, 0.0, 0.12378020584583282, 0.0, 0.0, 0.0
17152, 0.0029283748008310795, 0.0011518175015226007, 0.008438055403530598, 0.005103031639009714, 0.007308050990104675, 0.0020978401880711317, 133416.8125, 153388.3125, 86151.203125, 131882.578125, 142170.984375, 102593.71875, 0.0, 0.0, 0.0, 0.0, 0.0, 0.0, 0.0, 0.0, 0.0, 0.12404756993055344, 0.0, 0.0, 0.0
17172, 0.0028999948408454657, -0.00018832932983059436, 0.008307714946568012, 0.0050771539099514484, 0.00018695049220696092, 0.0012752556940540671, 133419.0625, 153391.046875, 86160.9609375, 131887.0625, 142163.671875, 102595.0234375, 0.0, 0.0, 0.0, 0.0, 0.0, 0.0, 0.0, 0.0, 0.0, 0.12542152404785156, 0.0, 0.0, 0.0
17192, 0.0026350978296250105, -0.0007137227221392095, 0.008332230150699615, 0.003661348484456539, -0.002469688421115279, 0.0015575903235003352, 133418.46875, 153393.34375, 86163.9375, 131887.0625, 142168.71875, 102596.53125, 0.0, 0.0, 0.0, 0.0, 0.0, 0.0, 0.0, 0.0, 0.0, 0.12548908591270447, 0.0, 0.0, 0.0
17212, 0.0028783613815903664, 2.5883200578391552e-05, 0.007836195640265942, 0.004746847786009312, 0.001661543152295053, -0.0014178461860865355, 133422.96875, 153388.75, 86159.6015625, 131880.921875, 142166.4375, 102592.9609375, 0.0, 0.0, 0.0, 0.0, 0.0, 0.0, 0.0, 0.0, 0.0, 0.12463557720184326, 0.0, 0.0, 0.0
17232, 0.0026186141185462475, 3.1385909096570686e-05, 0.007814696989953518, 0.003313422203063965, 0.0016830518143251538, -0.0012048084754496813, 133421.3125, 153389.171875, 86162.578125, 131889.3125, 142166.4375, 102587.53125, 0.0, 0.0, 0.0, 0.0, 0.0, 0.0, 0.0, 0.0, 0.0, 0.12627965211868286, 0.0, 0.0, 0.0
17252, 0.0029169004410505295, 6.442155427066609e-05, 0.007117151748389006, 0.004627625457942486, 0.0017962624551728368, -0.0047150240279734135, 133416.8125, 153388.75, 86160.6796875, 131884.25, 142168.71875, 102588.8359375, 0.0, 0.0, 0.0, 0.0, 0.0, 0.0, 0.0, 0.0, 0.0, 0.12575770914554596, 0.0, 0.0, 0.0
17272, 0.0026653108652681112, -0.000663706217892468, 0.007025947794318199, 0.002767295343801379, -0.002139116870239377, -0.004707043524831533, 133420.71875, 153391.046875, 86159.875, 131887.65625, 142171.78125, 102595.78125, 0.0, 0.0, 0.0, 0.0, 0.0, 0.0, 0.0, 0.0, 0.0, 0.1262149065732956, 0.0, 0.0, 0.0
17292, 0.0026639667339622974, -0.0003929809608962387, 0.006940530147403479, 0.0024170703254640102, -0.000569670635741204, -0.004789110738784075, 133414.5625, 153389.171875, 86157.9765625, 131884.828125, 142165.9375, 102588.8359375, 0.0, 0.0, 0.0, 0.0, 0.0, 0.0, 0.0, 0.0, 0.0, 0.1274385303258896, 0.0, 0.0, 0.0
17312, 0.00266910158097744, -0.0006210514693520963, 0.006469572428613901, 0.002469791332259774, -0.001319757429882884, -0.007316038943827152, 133419.0625, 153386.859375, 86159.0625, 131884.828125, 142162.390625, 102592.9609375, 0.0, 0.0, 0.0, 0.0, 0.0, 0.0, 0.0, 0.0, 0.0, 0.12789267301559448, 0.0, 0.0, 0.0
17332, 0.002440582262352109, -0.0008639522129669785, 0.00632467120885849, 0.0012343201087787747, -0.0020758758764714003, -0.007530818693339825, 133422.96875, 153391.046875, 86160.6796875, 131887.65625, 142168.21875, 102589.59375, 0.0, 0.0, 0.0, 0.0, 0.0, 0.0, 0.0, 0.0, 0.0, 0.12697656452655792, 0.0, 0.0, 0.0
17352, 0.0024115731939673424, -0.0008879516390152276, 0.0072802831418812275, 0.0008905257564038038, -0.002038312144577503, -0.0019458243623375893, 133415.171875, 153395.234375, 86160.6796875, 131884.828125, 142164.65625, 102589.03125, 0.0, 0.0, 0.0, 0.0, 0.0, 0.0, 0.0, 0.0, 0.0, 0.12822934985160828, 0.0, 0.0, 0.0
17372, 0.003080161055549979, 0.000644512299913913, 0.0072491406463086605, 0.004346334841102362, 0.006289612501859665, -0.0019257310777902603, 133425.21875, 153389.171875, 86156.078125, 131887.65625, 142161.390625, 102590.34375, 0.0, 0.0, 0.0, 0.0, 0.0, 0.0, 0.0, 0.0, 0.0, 0.1292852759361267, 0.0, 0.0, 0.0
17392, 0.002846179064363241, -3.4448476071702316e-05, 0.00791633315384388, 0.0027092336677014828, 0.0029066659044474363, 0.0012298468500375748, 133421.3125, 153393.34375, 86156.890625, 131882.578125, 142171.484375, 102590.34375, 0.0, 0.0, 0.0, 0.0, 0.0, 0.0, 0.0, 0.0, 0.0, 0.13048136234283447, 0.0, 0.0, 0.0
17412, 0.0026202944573014975, -0.0009016842232085764, 0.007941074669361115, 0.0011693887645378709, -0.0013947264524176717, 0.0009560866164974868, 133419.0625, 153393.34375, 86159.875, 131884.25, 142157.84375, 102590.34375, 0.0, 0.0, 0.0, 0.0, 0.0, 0.0, 0.0, 0.0, 0.0, 0.13262519240379333, 0.0, 0.0, 0.0
17432, 0.0028963673394173384, -9.987200428440701e-06, 0.00682027218863368, 0.0029862546361982822, 0.003925852943211794, -0.004872666671872139, 133425.828125, 153384.5625, 86156.078125, 131885.40625, 142170.0, 102594.46875, 0.0, 0.0, 0.0, 0.0, 0.0, 0.0, 0.0, 0.0, 0.0, 0.13323259353637695, 0.0, 0.0, 0.0
17452, 0.0028943198267370462, 3.7400297969725216e-07, 0.006734450347721577, 0.0030383497942239046, 0.0036058693658560514, -0.004803878255188465, 133423.578125, 153387.71875, 86161.765625, 131888.734375, 142167.71875, 102595.78125, 0.0, 0.0, 0.0, 0.0, 0.0, 0.0, 0.0, 0.0, 0.0, 0.1312703788280487, 0.0, 0.0, 0.0
17472, 0.002869432093575597, -0.0006538816378451884, 0.007566916290670633, 0.0026078519877046347, -0.00037056265864521265, 0.00015230340068228543, 133415.171875, 153389.59375, 86163.6640625, 131885.40625, 142165.4375, 102596.53125, 0.0, 0.0, 0.0, 0.0, 0.0, 0.0, 0.0, 0.0, 0.0, 0.1306457817554474, 0.0, 0.0, 0.0
17492, 0.002663569524884224, -6.6871775743493345e-06, 0.007574624847620726, 0.0013844401109963655, 0.0030523049645125866, 0.00043684159754775465, 133418.46875, 153389.171875, 86155.8046875, 131884.25, 142170.0, 102590.34375, 0.0, 0.0, 0.0, 0.0, 0.0, 0.0, 0.0, 0.0, 0.0, 0.12997139990329742, 0.0, 0.0, 0.0
17512, 0.0028878452721983194, 0.0008279072353616357, 0.006606393959373236, 0.002907497575506568, 0.007694349158555269, -0.004601182881742716, 133421.3125, 153392.921875, 86157.9765625, 131889.3125, 142157.34375, 102591.65625, 0.0, 0.0, 0.0, 0.0, 0.0, 0.0, 0.0, 0.0, 0.0, 0.12984305620193481, 0.0, 0.0, 0.0
17532, 0.0028894483111798763, -0.00022748587070964277, 0.006534062325954437, 0.003109879558905959, 0.0014167024055495858, -0.004610599484294653, 133415.171875, 153392.921875, 86159.0625, 131884.828125, 142162.390625, 102596.53125, 0.0, 0.0, 0.0, 0.0, 0.0, 0.0, 0.0, 0.0, 0.0, 0.13058622181415558, 0.0, 0.0, 0.0
17552, 0.0026779412291944027, -0.0006623634835705161, 0.006274097599089146, 0.001793683273717761, -0.0009805605513975024, -0.0058271135203540325, 133427.46875, 153382.6875, 86156.890625, 131884.828125, 142157.84375, 102601.2109375, 0.0, 0.0, 0.0, 0.0, 0.0, 0.0, 0.0, 0.0, 0.0, 0.13100260496139526, 0.0, 0.0, 0.0
17572, 0.002686698455363512, -0.0008763389196246862, 0.006153803784400225, 0.0019118426134809852, -0.00253090588375926, -0.005950456485152245, 133421.921875, 153395.65625, 86156.078125, 131881.5, 142162.390625, 102596.53125, 0.0, 0.0, 0.0, 0.0, 0.0, 0.0, 0.0, 0.0, 0.0, 0.13040173053741455, 0.0, 0.0, 0.0
17592, 0.002692233305424452, 2.465126999595668e-05, 0.006037662271410227, 0.0018699148204177618, 0.0026151088532060385, -0.006031455006450415, 133425.828125, 153384.984375, 86156.890625, 131891.5625, 142161.890625, 102593.71875, 0.0, 0.0, 0.0, 0.0, 0.0, 0.0, 0.0, 0.0, 0.0, 0.13026878237724304, 0.0, 0.0, 0.0
17612, 0.0028986281249672174, -0.00020736834267154336, 0.006773083005100489, 0.002847143914550543, 0.0009454246610403061, -0.001546210260130465, 133419.671875, 153389.171875, 86158.7890625, 131879.25, 142162.390625, 102597.0859375, 0.0, 0.0, 0.0, 0.0, 0.0, 0.0, 0.0, 0.0, 0.0, 0.13034193217754364, 0.0, 0.0, 0.0
17632, 0.0026674936525523663, 8.819234608381521e-06, 0.006744456011801958, 0.0018366090953350067, 0.0018483431776985526, -0.001691263634711504, 133421.3125, 153386.4375, 86157.1640625, 131880.921875, 142155.5625, 102590.34375, 0.0, 0.0, 0.0, 0.0, 0.0, 0.0, 0.0, 0.0, 0.0, 0.13019117712974548, 0.0, 0.0, 0.0
17652, 0.0027135726995766163, 6.026868140907027e-05, 0.006414937321096659, 0.0020465124398469925, 0.002095938427373767, -0.0032961503602564335, 133421.3125, 153393.34375, 86159.875, 131882.078125, 142159.609375, 102594.2734375, 0.0, 0.0, 0.0, 0.0, 0.0, 0.0, 0.0, 0.0, 1.0, 0.13092781603336334, 0.0, 0.0, 0.0
17672, 0.0027428665198385715, -0.0004127230786252767, 0.0063546220771968365, 0.002417548792436719, -0.00042034342186525464, -0.003153597004711628, 133421.3125, 153389.171875, 86148.5, 131887.65625, 142165.4375, 102590.34375, 0.0, 0.0, 0.0, 0.0, 0.0, 0.0, 0.0, 0.0, 1.0, 0.13359862565994263, 0.0, 0.0, 0.0
17692, 0.003394719213247299, 0.00012684069224633276, 0.006609067786484957, 0.005863032769411802, 0.0021226529497653246, 0.004597009625285864, 133414.5625, 153387.28125, 86154.9921875, 131888.734375, 142159.109375, 102587.53125, 0.0, 0.0, 0.0, 0.0, 0.0, 0.0, 0.0, 0.0, 1.0, 0.11786428838968277, 0.0, 0.0, 0.0
17712, 0.002559009473770857, 0.0004833068232983351, 0.006810231599956751, -0.004666805267333984, 0.002520106267184019, 0.019053813070058823, 133424.609375, 153384.140625, 86148.5, 131884.828125, 142155.0625, 102588.28125, 0.0, 0.0, 0.0, 0.0, 0.0, 0.0, 0.0, 0.0, 1.0, 0.11106926202774048, 0.0, 0.0, 0.0
17732, 0.0004202501440886408, 0.0016996500780805945, 0.007055236957967281, -0.02272709645330906, 0.007862893864512444, 0.04515806585550308, 133419.0625, 153393.34375, 86160.6796875, 131881.5, 142159.109375, 102589.03125, 0.0, 0.0, 0.0, 0.0, 0.0, 0.0, 0.0, 0.0, 1.0, 0.00494002178311348, 0.0, 0.0, 0.0
17752, -0.004243341274559498, 0.004380420316010714, 0.008307158946990967, -0.05457238107919693, 0.021938014775514603, 0.1056733950972557, 133418.46875, 153386.4375, 86161.765625, 131890.46875, 142161.890625, 102584.90625, 0.0, 0.0, 0.0, 0.0, 0.0, 0.0, 0.0, 0.0, 1.0, -0.07392068207263947, 0.0, 0.0, 0.0
17772, -0.005469829309731722, 0.008334621787071228, 0.009453979320824146, -0.06213528662919998, 0.044096991419792175, 0.18375734984874725, 133421.3125, 153388.75, 86152.015625, 131898.296875, 142163.671875, 102591.09375, 0.0, 0.0, 0.0, 0.0, 0.0, 0.0, 0.0, 0.0, 1.0, -0.16383755207061768, 0.0, 0.0, 0.0
17792, -0.008627214469015598, 0.011896648444235325, 0.013712907209992409, -0.07373921573162079, 0.06331811100244522, 0.26436904072761536, 133416.8125, 153391.890625, 86157.9765625, 131896.046875, 142165.4375, 102592.40625, 0.0, 0.0, 0.0, 0.0, 0.0, 0.0, 0.0, 0.0, 1.0, -0.29419225454330444, 0.0, 0.0, 0.0
17812, -0.004574750084429979, 0.011608223430812359, 0.020445138216018677, -0.036752473562955856, 0.0586697943508625, 0.33446162939071655, 133419.671875, 153388.75, 86153.1015625, 131898.875, 142159.609375, 102590.34375, 0.0, 0.0, 0.0, 0.0, 0.0, 0.0, 0.0, 0.0, 1.0, -0.37515488266944885, 0.0, 0.0, 0.0
17832, -0.007349404972046614, 0.017376713454723358, 0.027442455291748047, -0.03212396800518036, 0.08783874660730362, 0.38396334648132324, 133421.921875, 153384.984375, 86171.2421875, 131899.953125, 142168.71875, 102595.21875, 0.0, 0.0, 0.0, 0.0, 0.0, 0.0, 0.0, 0.0, 1.0, -0.58207768201828, 0.0, 0.0, 0.0
17852, -0.00045661116018891335, 0.01591809280216694, 0.035499610006809235, 0.028874356299638748, 0.07127954065799713, 0.4124319851398468, 133409.453125, 153389.171875, 86172.0546875, 131879.25, 142164.171875, 102602.15625, 0.0, 0.0, 0.0, 0.0, 0.0, 0.0, 0.0, 0.0, 1.0, -0.6292257905006409, 0.0, 0.0, 0.0
17872, 0.0011580977588891983, 0.020031532272696495, 0.04758160561323166, 0.05777958780527115, 0.08673317730426788, 0.4446793496608734, 133411.703125, 153398.375, 86173.953125, 131861.3125, 142162.390625, 102592.40625, 0.0, 0.0, 0.0, 0.0, 0.0, 0.0, 0.0, 0.0, 1.0, -0.8077746033668518, 0.0, 0.0, 0.0
17892, 0.004706067498773336, 0.02250455692410469, 0.0560554638504982, 0.09444113820791245, 0.09082449972629547, 0.4382847249507904, 133397.75, 153386.859375, 86175.8515625, 131858.484375, 142164.171875, 102591.84375, 0.0, 0.0, 0.0, 0.0, 0.0, 0.0, 0.0, 0.0, 1.0, -0.9319266676902771, 0.0, 0.0, 0.0
17912, 0.007281188853085041, 0.025401398539543152, 0.06855566054582596, 0.12193857878446579, 0.09576773643493652, 0.44237393140792847, 133401.65625, 153395.65625, 86179.640625, 131855.65625, 142157.84375, 102582.84375, 0.0, 0.0, 0.0, 0.0, 0.0, 0.0, 0.0, 0.0, 1.0, -1.0408345460891724, 0.0, 0.0, 0.0
17932, 0.008874590508639812, 0.026936035603284836, 0.07744504511356354, 0.14027082920074463, 0.09214869886636734, 0.42080527544021606, 133403.90625, 153391.46875, 86183.703125, 131854.0, 142164.65625, 102584.15625, 0.0, 0.0, 0.0, 0.0, 0.0, 0.0, 0.0, 0.0, 1.0, -1.1000077724456787, 0.0, 0.0, 0.0
17952, 0.012529980391263962, 0.028009070083498955, 0.08981849253177643, 0.16645075380802155, 0.08485764265060425, 0.41347405314445496, 133404.515625, 153396.078125, 86170.1640625, 131874.1875, 142165.4375, 102584.90625, 0.0, 0.0, 0.0, 0.0, 0.0, 0.0, 0.0, 0.0, 1.0, -1.0880374908447266, 0.0, 0.0, 0.0
17972, 0.016118677332997322, 0.028508050367236137, 0.0978948324918747, 0.18741606175899506, 0.07510659098625183, 0.38224413990974426, 133416.8125, 153395.234375, 86166.3671875, 131889.890625, 142162.390625, 102584.15625, 0.0, 0.0, 0.0, 0.0, 0.0, 0.0, 0.0, 0.0, 1.0, -1.0687721967697144, 0.0, 0.0, 0.0
17992, 0.020752491429448128, 0.02963928133249283, 0.10809425264596939, 0.20906022191047668, 0.06922749429941177, 0.36376553773880005, 133421.3125, 153388.3125, 86162.578125, 131901.703125, 142160.609375, 102598.59375, 0.0, 0.0, 0.0, 0.0, 0.0, 0.0, 0.0, 0.0, 1.0, -1.0915734767913818, 0.0, 0.0, 0.0
18012, 0.02470296248793602, 0.03009989485144615, 0.11516867578029633, 0.22209815680980682, 0.06053406745195389, 0.33330610394477844, 133445.484375, 153386.859375, 86156.890625, 131916.828125, 142161.890625, 102597.84375, 0.0, 0.0, 0.0, 0.0, 0.0, 0.0, 0.0, 0.0, 1.0, -1.0741550922393799, 0.0, 0.0, 0.0
18032, 0.028989024460315704, 0.0303950197994709, 0.12097561359405518, 0.23239733278751373, 0.05196843668818474, 0.3017720878124237, 133433.78125, 153390.625, 86153.9140625, 131920.734375, 142164.171875, 102600.09375, 0.0, 0.0, 0.0, 0.0, 0.0, 0.0, 0.0, 0.0, 1.0, -1.0702687501907349, 0.0, 0.0, 0.0
18052, 0.033732954412698746, 0.03073389269411564, 0.12671901285648346, 0.24090325832366943, 0.0444425605237484, 0.2733864486217499, 133437.6875, 153391.046875, 86149.3125, 131915.15625, 142164.65625, 102607.59375, 0.0, 0.0, 0.0, 0.0, 0.0, 0.0, 0.0, 0.0, 1.0, -1.0624991655349731, 0.0, 0.0, 0.0
18072, 0.03808920830488205, 0.030696334317326546, 0.1296694576740265, 0.24436497688293457, 0.03595621511340141, 0.2352047860622406, 133428.078125, 153395.234375, 86154.1875, 131907.84375, 142160.109375, 102601.40625, 0.0, 0.0, 0.0, 0.0, 0.0, 0.0, 0.0, 0.0, 1.0, -1.0444914102554321, 0.0, 0.0, 0.0
18092, 0.04307599365711212, 0.030322778970003128, 0.1341034173965454, 0.24780796468257904, 0.026103362441062927, 0.2104671150445938, 133419.0625, 153389.171875, 86166.3671875, 131898.875, 142160.109375, 102600.65625, 0.0, 0.0, 0.0, 0.0, 0.0, 0.0, 0.0, 0.0, 1.0, -0.9975442886352539, 0.0, 0.0, 0.0
18112, 0.04814288765192032, 0.02958308532834053, 0.13767163455486298, 0.24988582730293274, 0.015401730313897133, 0.18814729154109955, 133421.921875, 153388.75, 86163.6640625, 131884.828125, 142164.171875, 102594.46875, 0.0, 0.0, 0.0, 0.0, 0.0, 0.0, 0.0, 0.0, 1.0, -0.9503659009933472, 0.0, 0.0, 0.0
18132, 0.05376151204109192, 0.0292098019272089, 0.14118592441082, 0.2533634603023529, 0.008024586364626884, 0.17018388211727142, 133411.265625, 153391.046875, 86172.0546875, 131879.25, 142170.984375, 102591.84375, 0.0, 0.0, 0.0, 0.0, 0.0, 0.0, 0.0, 0.0, 1.0, -0.9665743708610535, 0.0, 0.0, 0.0
18152, 0.05878353863954544, 0.02847619168460369, 0.14444802701473236, 0.25300461053848267, -0.00041424264782108366, 0.15631234645843506, 133414.5625, 153391.46875, 86157.703125, 131874.1875, 142160.109375, 102599.34375, 0.0, 0.0, 0.0, 0.0, 0.0, 0.0, 0.0, 0.0, 1.0, -0.9624627232551575, 0.0, 0.0, 0.0
18172, 0.06411948055028915, 0.028055764734745026, 0.14573951065540314, 0.25315120816230774, -0.00638869684189558, 0.1362878978252411, 133410.0625, 153396.078125, 86167.9921875, 131873.109375, 142161.390625, 102591.09375, 0.0, 0.0, 0.0, 0.0, 0.0, 0.0, 0.0, 0.0, 1.0, -1.0137680768966675, 0.0, 0.0, 0.0
18192, 0.06913473457098007, 0.027357013896107674, 0.14838726818561554, 0.2516825497150421, -0.012659337371587753, 0.1303875893354416, 133419.0625, 153389.171875, 86158.7890625, 131878.671875, 142155.5625, 102592.40625, 0.0, 0.0, 0.0, 0.0, 0.0, 0.0, 0.0, 0.0, 1.0, -1.0587310791015625, 0.0, 0.0, 0.0
18212, 0.07394801080226898, 0.026722796261310577, 0.14943578839302063, 0.2487226277589798, -0.017505232244729996, 0.1228402704000473, 133417.421875, 153389.171875, 86153.9140625, 131888.8125, 142160.109375, 102594.46875, 0.0, 0.0, 0.0, 0.0, 0.0, 0.0, 0.0, 0.0, 1.0, -1.1354553699493408, 0.0, 0.0, 0.0
18232, 0.07849176228046417, 0.025574518367648125, 0.1519348919391632, 0.24310149252414703, -0.023943599313497543, 0.12487254291772842, 133415.171875, 153388.75, 86157.9765625, 131885.984375, 142160.109375, 102602.71875, 0.0, 0.0, 0.0, 0.0, 0.0, 0.0, 0.0, 0.0, 1.0, -1.2160046100616455, 0.0, 0.0, 0.0
18252, 0.08267493546009064, 0.024626953527331352, 0.1528080254793167, 0.23509839177131653, -0.02858709543943405, 0.1218089833855629, 133421.3125, 153384.984375, 86163.390625, 131894.96875, 142162.390625, 102606.84375, 0.0, 0.0, 0.0, 0.0, 0.0, 0.0, 0.0, 0.0, 1.0, -1.2555608749389648, 0.0, 0.0, 0.0
18272, 0.08716344088315964, 0.023381557315587997, 0.15533451735973358, 0.2274715006351471, -0.03369618579745293, 0.13002707064151764, 133410.65625, 153389.171875, 86173.953125, 131901.109375, 142164.65625, 102602.15625, 0.0, 0.0, 0.0, 0.0, 0.0, 0.0, 0.0, 0.0, 1.0, -1.2843588590621948, 0.0, 0.0, 0.0
18292, 0.09113078564405441, 0.022520510479807854, 0.15656572580337524, 0.21725238859653473, -0.035943351686000824, 0.1286846250295639, 133417.421875, 153386.859375, 86164.4765625, 131898.375, 142162.390625, 102608.15625, 0.0, 0.0, 0.0, 0.0, 0.0, 0.0, 0.0, 0.0, 1.0, -1.2924940586090088, 0.0, 0.0, 0.0
18312, 0.0937671959400177, 0.021856334060430527, 0.15933190286159515, 0.20058253407478333, -0.03647376224398613, 0.13755272328853607, 133414.5625, 153393.34375, 86164.4765625, 131898.875, 142155.0625, 102606.84375, 0.0, 0.0, 0.0, 0.0, 0.0, 0.0, 0.0, 0.0, 1.0, -1.271946907043457, 0.0, 0.0, 0.0
18332, 0.09783522039651871, 0.020864717662334442, 0.16128204762935638, 0.19140170514583588, -0.03788137808442116, 0.1401938647031784, 133417.421875, 153395.234375, 86152.015625, 131886.5625, 142153.78125, 102600.09375, 0.0, 0.0, 0.0, 0.0, 0.0, 0.0, 0.0, 0.0, 1.0, -1.2525588274002075, 0.0, 0.0, 0.0
18352, 0.1012473925948143, 0.02031673677265644, 0.16415637731552124, 0.17983360588550568, -0.03678223490715027, 0.14516481757164001, 133409.015625, 153395.65625, 86161.765625, 131882.078125, 142155.0625, 102593.90625, 0.0, 0.0, 0.0, 0.0, 0.0, 0.0, 0.0, 0.0, 1.0, -1.2583861351013184, 0.0, 0.0, 0.0
18372, 0.10468003153800964, 0.01905602402985096, 0.1693962663412094, 0.16929350793361664, -0.038404591381549835, 0.16103467345237732, 133416.8125, 153384.5625, 86165.28125, 131887.65625, 142160.109375, 102597.28125, 0.0, 0.0, 0.0, 0.0, 0.0, 0.0, 0.0, 0.0, 1.0, -1.2892636060714722, 0.0, 0.0, 0.0
18392, 0.10823255777359009, 0.017696687951683998, 0.17264653742313385, 0.16048690676689148, -0.0403023324906826, 0.16579054296016693, 133415.765625, 153399.828125, 86167.1796875, 131881.5, 142155.5625, 102600.65625, 0.0, 0.0, 0.0, 0.0, 0.0, 0.0, 0.0, 0.0, 1.0, -1.3223928213119507, 0.0, 0.0, 0.0
18412, 0.11072848737239838, 0.01674371398985386, 0.17599420249462128, 0.1484278440475464, -0.0400296188890934, 0.16555406153202057, 133412.3125, 153391.46875, 86164.4765625, 131877.015625, 142160.109375, 102596.71875, 0.0, 0.0, 0.0, 0.0, 0.0, 0.0, 0.0, 0.0, 1.0, -1.3805817365646362, 0.0, 0.0, 0.0
18432, 0.11420651525259018, 0.01614704541862011, 0.18013860285282135, 0.14159831404685974, -0.03810817003250122, 0.16946758329868317, 133410.65625, 153398.375, 86152.2890625, 131881.5, 142164.65625, 102599.34375, 0.0, 0.0, 0.0, 0.0, 0.0, 0.0, 0.0, 0.0, 1.0, -1.437179684638977, 0.0, 0.0, 0.0
18452, 0.116111159324646, 0.01505053136497736, 0.18352162837982178, 0.12921671569347382, -0.038126420229673386, 0.1658683717250824, 133406.15625, 153390.625, 86156.078125, 131882.078125, 142155.5625, 102603.46875, 0.0, 0.0, 0.0, 0.0, 0.0, 0.0, 0.0, 0.0, 1.0, -1.4601805210113525, 0.0, 0.0, 0.0
18472, 0.11840474605560303, 0.014489325694739819, 0.18547314405441284, 0.11924546211957932, -0.0358298197388649, 0.1555289626121521, 133408.40625, 153388.75, 86163.390625, 131889.890625, 142155.0625, 102606.28125, 0.0, 0.0, 0.0, 0.0, 0.0, 0.0, 0.0, 0.0, 1.0, -1.4756736755371094, 0.0, 0.0, 0.0
18492, 0.12101121991872787, 0.013501079753041267, 0.18850480020046234, 0.11108507215976715, -0.03507538512349129, 0.1484333723783493, 133415.171875, 153395.234375, 86170.1640625, 131893.296875, 142156.0625, 102605.53125, 0.0, 0.0, 0.0, 0.0, 0.0, 0.0, 0.0, 0.0, 1.0, -1.462411880493164, 0.0, 0.0, 0.0
18512, 0.12233112752437592, 0.012973589822649956, 0.19101405143737793, 0.09833580255508423, -0.03213924542069435, 0.1394398957490921, 133413.515625, 153391.046875, 86165.28125, 131884.328125, 142151.015625, 102603.46875, 0.0, 0.0, 0.0, 0.0, 0.0, 0.0, 0.0, 0.0, 1.0, -1.4440159797668457, 0.0, 0.0, 0.0
18532, 0.12419311702251434, 0.01256184559315443, 0.1937287300825119, 0.08861863613128662, -0.02874302864074707, 0.1318652629852295, 133416.8125, 153391.046875, 86164.4765625, 131890.46875, 142147.453125, 102598.03125, 0.0, 0.0, 0.0, 0.0, 0.0, 0.0, 0.0, 0.0, 1.0, -1.4088634252548218, 0.0, 0.0, 0.0
18552, 0.12606623768806458, 0.011412548832595348, 0.19559800624847412, 0.0788152739405632, -0.028124438598752022, 0.1189991682767868, 133412.3125, 153382.6875, 86149.0390625, 131888.234375, 142151.515625, 102605.53125, 0.0, 0.0, 0.0, 0.0, 0.0, 0.0, 0.0, 0.0, 1.0, -1.3876277208328247, 0.0, 0.0, 0.0
18572, 0.127061665058136, 0.011027426458895206, 0.19793683290481567, 0.06735773384571075, -0.024972815066576004, 0.11445644497871399, 133416.8125, 153384.5625, 86154.9921875, 131883.75, 142157.84375, 102607.59375, 0.0, 0.0, 0.0, 0.0, 0.0, 0.0, 0.0, 0.0, 1.0, -1.3446017503738403, 0.0, 0.0, 0.0
18592, 0.1280033141374588, 0.010060954838991165, 0.19972245395183563, 0.05695226043462753, -0.02387540228664875, 0.10889063030481339, 133417.421875, 153386.4375, 86158.7890625, 131877.59375, 142148.734375, 102598.59375, 0.0, 0.0, 0.0, 0.0, 0.0, 0.0, 0.0, 0.0, 1.0, -1.3473730087280273, 0.0, 0.0, 0.0
18612, 0.12925846874713898, 0.009768487885594368, 0.2018788903951645, 0.04903802275657654, -0.020535381510853767, 0.10667773336172104, 133408.40625, 153394.203125, 86158.7890625, 131887.0625, 142155.5625, 102599.34375, 0.0, 0.0, 0.0, 0.0, 0.0, 0.0, 0.0, 0.0, 1.0, -1.3361088037490845, 0.0, 0.0, 0.0
18632, 0.13011929392814636, 0.009256820194423199, 0.20283673703670502, 0.04103521630167961, -0.0182957760989666, 0.09726850688457489, 133414.5625, 153391.046875, 86156.890625, 131886.484375, 142157.34375, 102602.90625, 0.0, 0.0, 0.0, 0.0, 0.0, 0.0, 0.0, 0.0, 1.0, -1.32566237449646, 0.0, 0.0, 0.0
18652, 0.1303606927394867, 0.008615335449576378, 0.2047661542892456, 0.03204008564352989, -0.01647765561938286, 0.09545629471540451, 133410.65625, 153391.890625, 86160.6796875, 131885.984375, 142155.5625, 102600.09375, 0.0, 0.0, 0.0, 0.0, 0.0, 0.0, 0.0, 0.0, 1.0, -1.3237645626068115, 0.0, 0.0, 0.0
18672, 0.13110533356666565, 0.008307096548378468, 0.20264874398708344, 0.0260197501629591, -0.013812370598316193, 0.06935708224773407, 133411.265625, 153391.46875, 86155.8046875, 131876.4375, 142157.84375, 102604.21875, 0.0, 0.0, 0.0, 0.0, 0.0, 0.0, 0.0, 0.0, 1.0, -1.3055869340896606, 0.0, 0.0, 0.0
18692, 0.13066355884075165, 0.008238280192017555, 0.20402498543262482, 0.016880450770258904, -0.010483079589903355, 0.06754115968942642, 133407.8125, 153391.046875, 86157.9765625, 131877.015625, 142151.015625, 102608.34375, 0.0, 0.0, 0.0, 0.0, 0.0, 0.0, 0.0, 0.0, 1.0, -1.2884939908981323, 0.0, 0.0, 0.0
18712, 0.1298639327287674, 0.008624530397355556, 0.20538470149040222, 0.007564258296042681, -0.005876126699149609, 0.06955023109912872, 133411.703125, 153391.46875, 86152.015625, 131889.890625, 142157.34375, 102611.71875, 0.0, 0.0, 0.0, 0.0, 0.0, 0.0, 0.0, 0.0, 1.0, -1.241010308265686, 0.0, 0.0, 0.0
18732, 0.12988325953483582, 0.008382581174373627, 0.20636792480945587, 0.002030752133578062, -0.0036605263594537973, 0.0725121721625328, 133403.90625, 153386.859375, 86149.3125, 131877.015625, 142153.78125, 102611.71875, 0.0, 0.0, 0.0, 0.0, 0.0, 0.0, 0.0, 0.0, 1.0, -1.2227526903152466, 0.0, 0.0, 0.0
18752, 0.12999725341796875, 0.00818194355815649, 0.2078835666179657, -0.002043085405603051, -0.0016140230000019073, 0.07915954291820526, 133410.65625, 153396.078125, 86165.28125, 131887.0625, 142159.609375, 102615.09375, 0.0, 0.0, 0.0, 0.0, 0.0, 0.0, 0.0, 0.0, 1.0, -1.1898880004882812, 0.0, 0.0, 0.0
18772, 0.1304883062839508, 0.007479422725737095, 0.2080259472131729, -0.0038650911301374435, -0.0017640171572566032, 0.07766107469797134, 133408.40625, 153386.4375, 86163.390625, 131884.90625, 142149.234375, 102611.71875, 0.0, 0.0, 0.0, 0.0, 0.0, 0.0, 0.0, 0.0, 1.0, -1.1292455196380615, 0.0, 0.0, 0.0
18792, 0.12538214027881622, 0.007674607913941145, 0.20966121554374695, -0.02248334139585495, 0.0009490555967204273, 0.0856548473238945, 133406.765625, 153395.234375, 86165.5625, 131886.5625, 142153.78125, 102608.34375, 0.0, 0.0, 0.0, 0.0, 0.0, 0.0, 0.0, 0.0, 1.0, -1.0966060161590576, 0.0, 0.0, 0.0
18812, 0.12449511885643005, 0.00832109060138464, 0.21124835312366486, -0.026217304170131683, 0.004401239566504955, 0.09372346103191376, 133406.765625, 153389.59375, 86159.6015625, 131884.90625, 142153.28125, 102609.65625, 0.0, 0.0, 0.0, 0.0, 0.0, 0.0, 0.0, 0.0, 1.0, -1.0522292852401733, 0.0, 0.0, 0.0
18832, 0.12423456460237503, 0.008226254023611546, 0.21320313215255737, -0.02721184864640236, 0.005118173081427813, 0.10142719745635986, 133404.515625, 153389.171875, 86153.1015625, 131887.65625, 142161.390625, 102605.53125, 0.0, 0.0, 0.0, 0.0, 0.0, 0.0, 0.0, 0.0, 1.0, -1.0311596393585205, 0.0, 0.0, 0.0
18852, 0.12269743531942368, 0.00866719800978899, 0.2160084843635559, -0.03146138787269592, 0.0073466734029352665, 0.11454683542251587, 133412.921875, 153389.171875, 86154.71875, 131881.5, 142151.015625, 102608.90625, 0.0, 0.0, 0.0, 0.0, 0.0, 0.0, 0.0, 0.0, 1.0, -1.017013669013977, 0.0, 0.0, 0.0
18872, 0.12198487669229507, 0.00903463363647461, 0.21835081279277802, -0.03241604194045067, 0.009005374275147915, 0.11969981342554092, 133403.90625, 153388.3125, 86150.1171875, 131877.59375, 142152.78125, 102604.21875, 0.0, 0.0, 0.0, 0.0, 0.0, 0.0, 0.0, 0.0, 1.0, -0.9972768425941467, 0.0, 0.0, 0.0
18892, 0.1209721639752388, 0.008960585109889507, 0.22243104875087738, -0.03374006226658821, 0.008980453945696354, 0.13071836531162262, 133410.0625, 153383.109375, 86152.015625, 131873.109375, 142140.125, 102610.96875, 0.0, 0.0, 0.0, 0.0, 0.0, 0.0, 0.0, 0.0, 1.0, -0.9639196991920471, 0.0, 0.0, 0.0
18912, 0.12043335288763046, 0.009303250350058079, 0.2250644415616989, -0.03299643471837044, 0.009868992492556572, 0.13256244361400604, 133408.40625, 153391.046875, 86149.3125, 131881.5, 142149.234375, 102607.59375, 0.0, 0.0, 0.0, 0.0, 0.0, 0.0, 0.0, 0.0, 1.0, -0.9217734932899475, 0.0, 0.0, 0.0
18932, 0.11990927904844284, 0.010085951536893845, 0.22771884500980377, -0.03174857050180435, 0.011751694604754448, 0.13245709240436554, 133401.65625, 153386.859375, 86162.3046875, 131875.34375, 142155.0625, 102613.78125, 0.0, 0.0, 0.0, 0.0, 0.0, 0.0, 0.0, 0.0, 1.0, -0.8818971514701843, 0.0, 0.0, 0.0
18952, 0.11908860504627228, 0.009955284185707569, 0.2313447892665863, -0.03109639883041382, 0.010712699964642525, 0.13848870992660522, 133408.40625, 153386.859375, 86159.6015625, 131874.765625, 142153.28125, 102607.59375, 0.0, 0.0, 0.0, 0.0, 0.0, 0.0, 0.0, 0.0, 1.0, -0.8383620381355286, 0.0, 0.0, 0.0
18972, 0.11888303607702255, 0.01040708553045988, 0.2342149317264557, -0.02829572930932045, 0.011128352023661137, 0.13470131158828735, 133405.546875, 153393.78125, 86164.4765625, 131877.59375, 142155.5625, 102610.40625, 0.0, 0.0, 0.0, 0.0, 0.0, 0.0, 0.0, 0.0, 1.0, -0.7741978168487549, 0.0, 0.0, 0.0
18992, 0.11842504143714905, 0.01087215356528759, 0.2376059591770172, -0.02667771838605404, 0.011318495497107506, 0.13404318690299988, 133398.796875, 153392.921875, 86163.390625, 131887.65625, 142148.734375, 102607.7890625, 0.0, 0.0, 0.0, 0.0, 0.0, 0.0, 0.0, 0.0, 1.0, -0.7477380037307739, 0.0, 0.0, 0.0
19012, 0.11751377582550049, 0.010939076542854309, 0.24022798240184784, -0.02648685686290264, 0.010280625894665718, 0.12846583127975464, 133408.40625, 153396.078125, 86158.7890625, 131890.46875, 142151.015625, 102611.71875, 0.0, 0.0, 0.0, 0.0, 0.0, 0.0, 0.0, 0.0, 1.0, -0.7048391699790955, 0.0, 0.0, 0.0
19032, 0.1168857142329216, 0.011526298709213734, 0.2441977560520172, -0.0258205384016037, 0.01054227165877819, 0.13049371540546417, 133401.65625, 153393.78125, 86154.71875, 131882.078125, 142151.015625, 102609.09375, 0.0, 0.0, 0.0, 0.0, 0.0, 0.0, 0.0, 0.0, 1.0, -0.6645853519439697, 0.0, 0.0, 0.0
19052, 0.11704719811677933, 0.011099522933363914, 0.24673059582710266, -0.023328885436058044, 0.00798893254250288, 0.12177713960409164, 133404.515625, 153396.5, 86154.9921875, 131879.84375, 142156.0625, 102608.34375, 0.0, 0.0, 0.0, 0.0, 0.0, 0.0, 0.0, 0.0, 1.0, -0.6453525424003601, 0.0, 0.0, 0.0
19072, 0.1165771409869194, 0.011253447271883488, 0.2503100633621216, -0.022988660261034966, 0.006882354151457548, 0.11943739652633667, 133403.90625, 153387.28125, 86140.640625, 131881.5, 142142.40625, 102612.46875, 0.0, 0.0, 0.0, 0.0, 0.0, 0.0, 0.0, 0.0, 1.0, -0.6242794394493103, 0.0, 0.0, 0.0
19092, 0.11633752286434174, 0.010495312511920929, 0.25264695286750793, -0.02245585434138775, 0.0034525964874774218, 0.11450178176164627, 133403.90625, 153387.28125, 86142.5390625, 131880.921875, 142157.34375, 102609.09375, 0.0, 0.0, 0.0, 0.0, 0.0, 0.0, 0.0, 0.0, 1.0, -0.5955808162689209, 0.0, 0.0, 0.0
19112, 0.11571735143661499, 0.01120862364768982, 0.254959374666214, -0.02317660115659237, 0.0043101501651108265, 0.10834192484617233, 133405.546875, 153388.3125, 86157.703125, 131879.25, 142155.5625, 102608.34375, 0.0, 0.0, 0.0, 0.0, 0.0, 0.0, 0.0, 0.0, 1.0, -0.594048261642456, 0.0, 0.0, 0.0
19132, 0.11678936332464218, 0.011419737711548805, 0.25701573491096497, -0.019584480673074722, 0.0037896176800131798, 0.09821882843971252, 133401.65625, 153393.78125, 86160.6796875, 131877.59375, 142155.5625, 102607.7890625, 0.0, 0.0, 0.0, 0.0, 0.0, 0.0, 0.0, 0.0, 1.0, -0.570128858089447, 0.0, 0.0, 0.0
19152, 0.1150466725230217, 0.0105042215436697, 0.25815263390541077, -0.02383260987699032, 0.0004905252135358751, 0.08790214359760284, 133397.75, 153391.46875, 86152.015625, 131881.5, 142155.0625, 102606.28125, 0.0, 0.0, 0.0, 0.0, 0.0, 0.0, 0.0, 0.0, 1.0, -0.5568917393684387, 0.0, 0.0, 0.0
19172, 0.11455976963043213, 0.010504313744604588, 0.25985246896743774, -0.024858508259058, -0.0004638475365936756, 0.08184035122394562, 133399.40625, 153393.78125, 86149.0390625, 131882.078125, 142152.78125, 102619.21875, 0.0, 0.0, 0.0, 0.0, 0.0, 0.0, 0.0, 0.0, 1.0, -0.5427887439727783, 0.0, 0.0, 0.0
19192, 0.11405159533023834, 0.010487397201359272, 0.2614419460296631, -0.026004325598478317, -0.0012288521975278854, 0.07638442516326904, 133405.546875, 153391.46875, 86145.515625, 131877.59375, 142149.734375, 102616.59375, 0.0, 0.0, 0.0, 0.0, 0.0, 0.0, 0.0, 0.0, 1.0, -0.5294629335403442, 0.0, 0.0, 0.0
19212, 0.12012314051389694, 0.008461669087409973, 0.26271623373031616, -0.01044143084436655, -0.007092280313372612, 0.06740301847457886, 133405.546875, 153393.78125, 86147.140625, 131884.328125, 142151.515625, 102619.96875, 0.0, 0.0, 0.0, 0.0, 0.0, 0.0, 0.0, 0.0, 1.0, -0.4840456545352936, 0.0, 0.0, 0.0
19232, 0.11731844395399094, 0.00695717753842473, 0.26405036449432373, -0.018049752339720726, -0.011399460956454277, 0.06679265201091766, 133403.90625, 153386.859375, 86148.2265625, 131886.5625, 142151.515625, 102612.46875, 0.0, 0.0, 0.0, 0.0, 0.0, 0.0, 0.0, 0.0, 1.0, -0.4342517852783203, 0.0, 0.0, 0.0
19252, 0.10683557391166687, 0.024091266095638275, 0.2674406170845032, -0.044445544481277466, 0.030883988365530968, 0.07506661862134933, 133397.75, 153380.375, 86149.3125, 131883.75, 142156.84375, 102612.46875, 0.0, 0.0, 0.0, 0.0, 0.0, 0.0, 0.0, 0.0, 1.0, -0.41560208797454834, 0.0, 0.0, 0.0
19272, 0.107094407081604, 0.02425997331738472, 0.2689245939254761, -0.04324498027563095, 0.030063604936003685, 0.07280537486076355, 133400.0, 153391.046875, 86147.140625, 131885.984375, 142153.28125, 102613.78125, 0.0, 0.0, 0.0, 0.0, 0.0, 0.0, 0.0, 0.0, 1.0, -0.37583640217781067, 0.0, 0.0, 0.0
19292, 0.10634906589984894, 0.02493463270366192, 0.26923903822898865, -0.04445572569966316, 0.030023058876395226, 0.06342824548482895, 133410.0625, 153391.890625, 86137.9375, 131882.078125, 142150.515625, 102611.71875, 0.0, 0.0, 0.0, 0.0, 0.0, 0.0, 0.0, 0.0, 1.0, -0.350879043340683, 0.0, 0.0, 0.0
19312, 0.10482457280158997, 0.02636793628334999, 0.27048203349113464, -0.047361452132463455, 0.031473372131586075, 0.06109924986958504, 133414.5625, 153398.375, 86134.1484375, 131879.25, 142151.515625, 102610.40625, 0.0, 0.0, 0.0, 0.0, 0.0, 0.0, 0.0, 0.0, 1.0, -0.3311854898929596, 0.0, 0.0, 0.0
19332, 0.10448229312896729, 0.026038940995931625, 0.2712542712688446, -0.047022074460983276, 0.028239678591489792, 0.057601429522037506, 133403.90625, 153397.953125, 86141.7265625, 131871.4375, 142151.515625, 102608.90625, 0.0, 0.0, 0.0, 0.0, 0.0, 0.0, 0.0, 0.0, 1.0, -0.3070695996284485, 0.0, 0.0, 0.0
19352, 0.10390490293502808, 0.02617407590150833, 0.27244848012924194, -0.04672141373157501, 0.02545841783285141, 0.056462280452251434, 133397.75, 153396.078125, 86141.7265625, 131881.5, 142150.515625, 102613.78125, 0.0, 0.0, 0.0, 0.0, 0.0, 0.0, 0.0, 0.0, 1.0, -0.2625349164009094, 0.0, 0.0, 0.0
19372, 0.10295862704515457, 0.0256132110953331, 0.2747840881347656, -0.04681392014026642, 0.02113291248679161, 0.06538884341716766, 133397.75, 153395.234375, 86145.515625, 131883.75, 142155.5625, 102615.09375, 0.0, 0.0, 0.0, 0.0, 0.0, 0.0, 0.0, 0.0, 1.0, -0.2526193857192993, 0.0, 0.0, 0.0
19392, 0.10216251760721207, 0.0253391545265913, 0.27610036730766296, -0.04628501832485199, 0.017244568094611168, 0.06510452926158905, 133397.15625, 153384.984375, 86143.3515625, 131870.859375, 142148.734375, 102616.0390625, 0.0, 0.0, 0.0, 0.0, 0.0, 0.0, 0.0, 0.0, 1.0, -0.2417130172252655, 0.0, 0.0, 0.0
19412, 0.10131743550300598, 0.025654971599578857, 0.2772260308265686, -0.045783478766679764, 0.014530031010508537, 0.0625549778342247, 133400.0, 153391.46875, 86136.8515625, 131887.0625, 142151.015625, 102615.84375, 0.0, 0.0, 0.0, 0.0, 0.0, 0.0, 0.0, 0.0, 1.0, -0.21106460690498352, 0.0, 0.0, 0.0
19432, 0.09992066770792007, 0.026423649862408638, 0.2784908413887024, -0.04676462337374687, 0.013078131712973118, 0.06386597454547882, 133404.515625, 153391.46875, 86143.625, 131884.328125, 142146.953125, 102614.53125, 0.0, 0.0, 0.0, 0.0, 0.0, 0.0, 0.0, 0.0, 1.0, -0.17279475927352905, 0.0, 0.0, 0.0
19452, 0.09716279804706573, 0.02470766380429268, 0.27870315313339233, -0.05069934204220772, 0.006355109624564648, 0.05601925030350685, 133398.96875, 153387.71875, 86130.0859375, 131879.25, 142146.953125, 102607.03125, 0.0, 0.0, 0.0, 0.0, 0.0, 0.0, 0.0, 0.0, 1.0, -0.17001758515834808, 0.0, 0.0, 0.0
19472, 0.09731390327215195, 0.024010850116610527, 0.2797880470752716, -0.0476362481713295, 0.0023868530988693237, 0.0514521524310112, 133405.546875, 153400.265625, 86153.1015625, 131885.984375, 142151.015625, 102608.34375, 0.0, 0.0, 0.0, 0.0, 0.0, 0.0, 0.0, 0.0, 1.0, -0.18680937588214874, 0.0, 0.0, 0.0
19492, 0.09600833058357239, 0.022706933319568634, 0.28078722953796387, -0.04796973988413811, -0.0028147464618086815, 0.04837767034769058, 133398.359375, 153397.953125, 86144.4375, 131879.84375, 142151.015625, 102618.65625, 0.0, 0.0, 0.0, 0.0, 0.0, 0.0, 0.0, 0.0, 1.0, -0.19229574501514435, 0.0, 0.0, 0.0
19512, 0.09426647424697876, 0.02097637951374054, 0.28354036808013916, -0.049212273210287094, -0.008786496706306934, 0.0604674331843853, 133401.046875, 153391.46875, 86154.9921875, 131877.59375, 142146.953125, 102616.59375, 0.0, 0.0, 0.0, 0.0, 0.0, 0.0, 0.0, 0.0, 1.0, -0.1893039047718048, 0.0, 0.0, 0.0
19532, 0.09470398724079132, 0.02089777961373329, 0.28473612666130066, -0.04575488716363907, -0.01041612308472395, 0.058789391070604324, 133405.546875, 153386.859375, 86151.203125, 131879.25, 142148.234375, 102610.40625, 0.0, 0.0, 0.0, 0.0, 0.0, 0.0, 0.0, 0.0, 1.0, -0.19944076240062714, 0.0, 0.0, 0.0
19552, 0.09300144761800766, 0.019427023828029633, 0.2848963439464569, -0.047104209661483765, -0.014944002032279968, 0.0511796697974205, 133400.609375, 153391.46875, 86150.1171875, 131877.015625, 142155.0625, 102615.84375, 0.0, 0.0, 0.0, 0.0, 0.0, 0.0, 0.0, 0.0, 1.0, -0.21360129117965698, 0.0, 0.0, 0.0
19572, 0.09287344664335251, 0.01865408569574356, 0.2859035134315491, -0.04498143866658211, -0.017532281577587128, 0.04915672540664673, 133400.609375, 153390.015625, 86148.2265625, 131872.03125, 142151.015625, 102618.65625, 0.0, 0.0, 0.0, 0.0, 0.0, 0.0, 0.0, 0.0, 1.0, -0.20762524008750916, 0.0, 0.0, 0.0
19592, 0.09288769960403442, 0.017607901245355606, 0.2871013879776001, -0.042861178517341614, -0.020458346232771873, 0.04690590500831604, 133395.5, 153391.890625, 86141.453125, 131878.171875, 142152.78125, 102622.78125, 0.0, 0.0, 0.0, 0.0, 0.0, 0.0, 0.0, 0.0, 1.0, -0.19046519696712494, 0.0, 0.0, 0.0
19612, 0.09207317233085632, 0.014898900873959064, 0.28804612159729004, -0.0424204021692276, -0.02660060115158558, 0.04670194163918495, 133397.75, 153389.59375, 86149.3125, 131882.078125, 142153.78125, 102622.03125, 0.0, 0.0, 0.0, 0.0, 0.0, 0.0, 0.0, 0.0, 1.0, -0.15433843433856964, 0.0, 0.0, 0.0
19632, 0.0916837751865387, 0.012081876397132874, 0.28797203302383423, -0.04120400547981262, -0.03221019729971886, 0.03966914117336273, 133402.265625, 153394.625, 86140.640625, 131882.65625, 142150.515625, 102615.84375, 0.0, 0.0, 0.0, 0.0, 0.0, 0.0, 0.0, 0.0, 1.0, -0.14488744735717773, 0.0, 0.0, 0.0
19652, 0.08920133113861084, 0.010616067796945572, 0.2887432873249054, -0.04439152404665947, -0.034607578068971634, 0.03765801712870598, 133398.796875, 153396.078125, 86131.1640625, 131884.328125, 142152.78125, 102613.21875, 0.0, 0.0, 0.0, 0.0, 0.0, 0.0, 0.0, 0.0, 1.0, -0.1293841451406479, 0.0, 0.0, 0.0
19672, 0.08721424639225006, 0.009707866236567497, 0.28969335556030273, -0.046859949827194214, -0.03555108234286308, 0.04010258987545967, 133397.15625, 153394.203125, 86136.8515625, 131888.8125, 142146.453125, 102617.90625, 0.0, 0.0, 0.0, 0.0, 0.0, 0.0, 0.0, 0.0, 1.0, -0.12191952019929886, 0.0, 0.0, 0.0
19692, 0.08591365814208984, 0.007865210995078087, 0.29050543904304504, -0.04790152236819267, -0.037762947380542755, 0.041819870471954346, 133402.265625, 153392.3125, 86130.0859375, 131888.234375, 142153.28125, 102616.59375, 0.0, 0.0, 0.0, 0.0, 0.0, 0.0, 0.0, 0.0, 1.0, -0.09045165032148361, 0.0, 0.0, 0.0
19712, 0.08630157262086868, 0.007219241466373205, 0.2913552522659302, -0.045465532690286636, -0.03705417737364769, 0.0430733822286129, 133397.75, 153397.953125, 86130.0859375, 131886.5625, 142151.015625, 102617.90625, 0.0, 0.0, 0.0, 0.0, 0.0, 0.0, 0.0, 0.0, 1.0, -0.09144117683172226, 0.0, 0.0, 0.0
19732, 0.08494723588228226, 0.005204047542065382, 0.2903610169887543, -0.0468478798866272, -0.038910165429115295, 0.03221431374549866, 133397.15625, 153390.015625, 86129.2734375, 131879.25, 142149.234375, 102616.59375, 0.0, 0.0, 0.0, 0.0, 0.0, 0.0, 0.0, 0.0, 1.0, -0.10774347931146622, 0.0, 0.0, 0.0
19752, 0.08447856456041336, 0.0034571345895528793, 0.2910393476486206, -0.046087075024843216, -0.03980853781104088, 0.034841910004615784, 133395.5, 153388.75, 86133.875, 131874.765625, 142148.734375, 102623.34375, 0.0, 0.0, 0.0, 0.0, 0.0, 0.0, 0.0, 0.0, 1.0, -0.10906875878572464, 0.0, 0.0, 0.0
19772, 0.08351920545101166, 0.0026387928519397974, 0.2913636267185211, -0.04589103162288666, -0.038004543632268906, 0.033257197588682175, 133393.25, 153395.65625, 86134.9609375, 131881.5, 142153.78125, 102618.65625, 0.0, 0.0, 0.0, 0.0, 0.0, 0.0, 0.0, 0.0, 1.0, -0.12805892527103424, 0.0, 0.0, 0.0
19792, 0.08269988000392914, 0.0009643652592785656, 0.29201823472976685, -0.04574824869632721, -0.03851577639579773, 0.033157430589199066, 133403.90625, 153391.046875, 86129.2734375, 131882.078125, 142149.234375, 102611.9140625, 0.0, 0.0, 0.0, 0.0, 0.0, 0.0, 0.0, 0.0, 1.0, -0.12283139675855637, 0.0, 0.0, 0.0
19812, 0.0784807801246643, -0.0030949260108172894, 0.293102502822876, -0.052587904036045074, -0.04396335035562515, 0.03836563602089882, 133397.15625, 153391.890625, 86131.1640625, 131870.859375, 142145.1875, 102617.15625, 0.0, 0.0, 0.0, 0.0, 0.0, 0.0, 0.0, 0.0, 1.0, -0.08863760530948639, 0.0, 0.0, 0.0
19832, 0.07708011567592621, -0.004085256718099117, 0.2938483953475952, -0.05389312654733658, -0.04246850684285164, 0.03749357908964157, 133394.890625, 153391.890625, 86136.8515625, 131884.328125, 142141.125, 102617.90625, 0.0, 0.0, 0.0, 0.0, 0.0, 0.0, 0.0, 0.0, 1.0, -0.07795574516057968, 0.0, 0.0, 0.0
19852, 0.0751291885972023, -0.0061387596651911736, 0.29534876346588135, -0.05569586157798767, -0.04285763204097748, 0.044093672186136246, 133397.75, 153395.65625, 86136.8515625, 131882.078125, 142151.515625, 102623.5390625, 0.0, 0.0, 0.0, 0.0, 0.0, 0.0, 0.0, 0.0, 1.0, -0.06326400488615036, 0.0, 0.0, 0.0
19872, 0.07459386438131332, -0.007472851779311895, 0.29624366760253906, -0.05439889430999756, -0.04170430451631546, 0.04427012428641319, 133397.15625, 153391.890625, 86128.1875, 131888.8125, 142149.234375, 102617.34375, 0.0, 0.0, 0.0, 0.0, 0.0, 0.0, 0.0, 0.0, 1.0, -0.05633527785539627, 0.0, 0.0, 0.0
19892, 0.07489034533500671, -0.007551177404820919, 0.29688623547554016, -0.05108447000384331, -0.03759998455643654, 0.04579303786158562, 133397.15625, 153387.28125, 86127.375, 131888.234375, 142151.515625, 102624.09375, 0.0, 0.0, 0.0, 0.0, 0.0, 0.0, 0.0, 0.0, 1.0, -0.05626048520207405, 0.0, 0.0, 0.0
19912, 0.07280375808477402, -0.00796118751168251, 0.29783177375793457, -0.052392568439245224, -0.033889178186655045, 0.04686708375811577, 133396.546875, 153387.28125, 86131.1640625, 131882.078125, 142152.78125, 102614.53125, 0.0, 0.0, 0.0, 0.0, 0.0, 0.0, 0.0, 0.0, 1.0, -0.06857993453741074, 0.0, 0.0, 0.0
19932, 0.07139270007610321, -0.00828828476369381, 0.29902204871177673, -0.0525423139333725, -0.03018474020063877, 0.045820947736501694, 133395.5, 153391.046875, 86127.1015625, 131879.84375, 142148.734375, 102622.03125, 0.0, 0.0, 0.0, 0.0, 0.0, 0.0, 0.0, 0.0, 1.0, -0.08716610819101334, 0.0, 0.0, 0.0
19952, 0.06855841726064682, -0.009320714510977268, 0.2999596893787384, -0.05600748956203461, -0.028135063126683235, 0.04866625368595123, 133392.203125, 153389.59375, 86133.0625, 131882.078125, 142147.453125, 102622.78125, 0.0, 0.0, 0.0, 0.0, 0.0, 0.0, 0.0, 0.0, 1.0, -0.07715985178947449, 0.0, 0.0, 0.0
19972, 0.06724027544260025, -0.01140335202217102, 0.30095723271369934, -0.05672410875558853, -0.028093431144952774, 0.04983775317668915, 133393.25, 153394.203125, 86134.9609375, 131878.171875, 142146.453125, 102623.5390625, 0.0, 0.0, 0.0, 0.0, 0.0, 0.0, 0.0, 0.0, 1.0, -0.06808581948280334, 0.0, 0.0, 0.0
19992, 0.06793704628944397, -0.012115095742046833, 0.3019140362739563, -0.05287811532616615, -0.02508987858891487, 0.046179160475730896, 133390.390625, 153392.3125, 86131.1640625, 131879.25, 142147.953125, 102622.78125, 0.0, 0.0, 0.0, 0.0, 0.0, 0.0, 0.0, 0.0, 1.0, -0.08060300350189209, 0.0, 0.0, 0.0
20012, 0.06575241684913635, -0.012748993001878262, 0.30280351638793945, -0.05452537536621094, -0.02220778353512287, 0.04275697469711304, 133400.0, 153396.5, 86133.0625, 131877.59375, 142144.6875, 102628.21875, 0.0, 0.0, 0.0, 0.0, 0.0, 0.0, 0.0, 0.0, 1.0, -0.09520717710256577, 0.0, 0.0, 0.0
20032, 0.06413356214761734, -0.01333710178732872, 0.30328288674354553, -0.055080994963645935, -0.019874395802617073, 0.03703053668141365, 133393.859375, 153396.5, 86125.484375, 131879.84375, 142151.515625, 102621.4765625, 0.0, 0.0, 0.0, 0.0, 0.0, 0.0, 0.0, 0.0, 1.0, -0.10477537661790848, 0.0, 0.0, 0.0
20052, 0.062335945665836334, -0.013489208184182644, 0.3040348291397095, -0.055809956043958664, -0.016675759106874466, 0.037148408591747284, 133393.25, 153397.953125, 86130.0859375, 131887.15625, 142155.5625, 102622.78125, 0.0, 0.0, 0.0, 0.0, 0.0, 0.0, 0.0, 0.0, 1.0, -0.10360357910394669, 0.0, 0.0, 0.0
20072, 0.06040366739034653, -0.013608599081635475, 0.3039212226867676, -0.056820452213287354, -0.013442921452224255, 0.03048437461256981, 133396.109375, 153400.265625, 86126.2890625, 131889.890625, 142144.6875, 102613.21875, 0.0, 0.0, 0.0, 0.0, 0.0, 0.0, 0.0, 0.0, 1.0, -0.1035456582903862, 0.0, 0.0, 0.0
20092, 0.05872397497296333, -0.013738991692662239, 0.3045116364955902, -0.05741439759731293, -0.010756002739071846, 0.029897620901465416, 133403.90625, 153400.6875, 86135.765625, 131884.90625, 142146.953125, 102617.90625, 0.0, 0.0, 0.0, 0.0, 0.0, 0.0, 0.0, 0.0, 1.0, -0.10650179535150528, 0.0, 0.0, 0.0
20112, 0.05758616328239441, -0.014129670336842537, 0.30477046966552734, -0.056931644678115845, -0.009050669148564339, 0.02900366485118866, 133392.640625, 153390.4375, 86130.0859375, 131889.890625, 142149.234375, 102619.96875, 0.0, 0.0, 0.0, 0.0, 0.0, 0.0, 0.0, 0.0, 1.0, -0.0943431630730629, 0.0, 0.0, 0.0
20132, 0.05746087804436684, -0.013789037242531776, 0.3053577244281769, -0.05397104099392891, -0.005503842607140541, 0.028619760647416115, 133391.0, 153398.8125, 86131.703125, 131892.71875, 142148.234375, 102620.1640625, 0.0, 0.0, 0.0, 0.0, 0.0, 0.0, 0.0, 0.0, 1.0, -0.08262287825345993, 0.0, 0.0, 0.0
20152, 0.0566292367875576, -0.014327649027109146, 0.3064715564250946, -0.05202750861644745, -0.0039534661918878555, 0.03076690062880516, 133397.15625, 153393.34375, 86130.890625, 131882.078125, 142148.734375, 102621.4765625, 0.0, 0.0, 0.0, 0.0, 0.0, 0.0, 0.0, 0.0, 1.0, -0.09730659425258636, 0.0, 0.0, 0.0
20172, 0.05535715073347092, -0.012814429588615894, 0.3070752024650574, -0.050896719098091125, 0.0011078933021053672, 0.029341431334614754, 133388.75, 153398.375, 86123.3125, 131879.84375, 142142.90625, 102623.5390625, 0.0, 0.0, 0.0, 0.0, 0.0, 0.0, 0.0, 0.0, 1.0, -0.06779005378484726, 0.0, 0.0, 0.0
20192, 0.054029278457164764, -0.01472583506256342, 0.30833372473716736, -0.049734581261873245, -0.001200550002977252, 0.03507912531495094, 133388.75, 153391.890625, 86124.3984375, 131883.75, 142149.734375, 102621.4765625, 0.0, 0.0, 0.0, 0.0, 0.0, 0.0, 0.0, 0.0, 1.0, -0.04192348197102547, 0.0, 0.0, 0.0
20212, 0.05225072428584099, -0.013237819075584412, 0.3090640902519226, -0.04935465753078461, 0.003262014826759696, 0.03648071736097336, 133392.640625, 153394.203125, 86116.8203125, 131882.078125, 142148.734375, 102624.84375, 0.0, 0.0, 0.0, 0.0, 0.0, 0.0, 0.0, 0.0, 1.0, -0.02209748886525631, 0.0, 0.0, 0.0
20232, 0.04953910782933235, -0.014835034497082233, 0.30947762727737427, -0.050952523946762085, 0.0008560604765079916, 0.03467458486557007, 133395.5, 153386.859375, 86123.5859375, 131882.078125, 142149.234375, 102622.2265625, 0.0, 0.0, 0.0, 0.0, 0.0, 0.0, 0.0, 0.0, 1.0, -0.00520751578733325, 0.0, 0.0, 0.0
20252, 0.048696160316467285, -0.015370023436844349, 0.31014707684516907, -0.048680804669857025, 0.00021969820954836905, 0.033518314361572266, 133393.25, 153400.6875, 86116.0078125, 131888.234375, 142146.453125, 102620.71875, 0.0, 0.0, 0.0, 0.0, 0.0, 0.0, 0.0, 0.0, 1.0, -0.005413414910435677, 0.0, 0.0, 0.0
20272, 0.046747565269470215, -0.015440668910741806, 0.31078529357910156, -0.04852112755179405, 0.0004444790829438716, 0.032193515449762344, 133395.5, 153389.59375, 86115.46875, 131877.59375, 142155.0625, 102618.65625, 0.0, 0.0, 0.0, 0.0, 0.0, 0.0, 0.0, 0.0, 1.0, -0.018101969733834267, 0.0, 0.0, 0.0
20292, 0.04472517594695091, -0.01600450836122036, 0.3123432695865631, -0.04855997860431671, -0.0005844535189680755, 0.03534447029232979, 133397.75, 153398.8125, 86116.0078125, 131882.078125, 142144.6875, 102624.84375, 0.0, 0.0, 0.0, 0.0, 0.0, 0.0, 0.0, 0.0, 1.0, -0.016923435032367706, 0.0, 0.0, 0.0
20312, 0.043791983276605606, -0.015548383817076683, 0.3130415678024292, -0.04656224325299263, 1.8157170416088775e-05, 0.03417286276817322, 133393.859375, 153389.59375, 86110.046875, 131885.984375, 142152.0, 102621.4765625, 0.0, 0.0, 0.0, 0.0, 0.0, 0.0, 0.0, 0.0, 1.0, -0.02182871289551258, 0.0, 0.0, 0.0
20332, 0.04146565869450569, -0.015839334577322006, 0.31411871314048767, -0.04787062481045723, -0.0009249719441868365, 0.035106539726257324, 133389.34375, 153396.5, 86121.6953125, 131879.25, 142151.515625, 102624.84375, 0.0, 0.0, 0.0, 0.0, 0.0, 0.0, 0.0, 0.0, 1.0, -0.01978800632059574, 0.0, 0.0, 0.0
20352, 0.04083435237407684, -0.016714293509721756, 0.31483447551727295, -0.04584534838795662, -0.0028849507216364145, 0.03501123562455177, 133391.609375, 153398.375, 86113.8359375, 131878.75, 142145.1875, 102615.28125, 0.0, 0.0, 0.0, 0.0, 0.0, 0.0, 0.0, 0.0, 1.0, -0.010161779820919037, 0.0, 0.0, 0.0
20372, 0.0396992489695549, -0.016469571739435196, 0.3147573173046112, -0.04475286975502968, -0.00222444674000144, 0.028454529121518135, 133400.0, 153392.75, 86127.1015625, 131886.5625, 142157.84375, 102617.90625, 0.0, 0.0, 0.0, 0.0, 0.0, 0.0, 0.0, 0.0, 1.0, -0.043039433658123016, 0.0, 0.0, 0.0
20392, 0.03881726786494255, -0.01651613600552082, 0.31530070304870605, -0.04341810569167137, -0.0024574652779847383, 0.026565859094262123, 133396.109375, 153396.5, 86133.0625, 131878.75, 142157.34375, 102619.4140625, 0.0, 0.0, 0.0, 0.0, 0.0, 0.0, 0.0, 0.0, 1.0, -0.06735911965370178, 0.0, 0.0, 0.0
20412, 0.037961963564157486, -0.016569385305047035, 0.3159737288951874, -0.04218912497162819, -0.002907123416662216, 0.024279199540615082, 133394.453125, 153391.046875, 86120.609375, 131880.421875, 142151.515625, 102626.90625, 0.0, 0.0, 0.0, 0.0, 0.0, 0.0, 0.0, 0.0, 1.0, -0.06000339612364769, 0.0, 0.0, 0.0
20432, 0.03702705353498459, -0.017167631536722183, 0.3164180517196655, -0.04148584604263306, -0.0041470397263765335, 0.021870791912078857, 133387.703125, 153391.890625, 86131.1640625, 131885.984375, 142151.015625, 102617.34375, 0.0, 0.0, 0.0, 0.0, 0.0, 0.0, 0.0, 0.0, 1.0, -0.036983124911785126, 0.0, 0.0, 0.0
20452, 0.03453434258699417, -0.017935235053300858, 0.3165897727012634, -0.04409482702612877, -0.0055931247770786285, 0.020833618938922882, 133395.5, 153392.3125, 86124.3984375, 131873.6875, 142151.515625, 102628.21875, 0.0, 0.0, 0.0, 0.0, 0.0, 0.0, 0.0, 0.0, 1.0, -0.02789132483303547, 0.0, 0.0, 0.0
20472, 0.03539115563035011, -0.017550112679600716, 0.31701627373695374, -0.04003703221678734, -0.004759492818266153, 0.021156802773475647, 133391.609375, 153393.78125, 86118.7109375, 131882.65625, 142151.515625, 102624.84375, 0.0, 0.0, 0.0, 0.0, 0.0, 0.0, 0.0, 0.0, 1.0, 0.016008324921131134, 0.0, 0.0, 0.0
20492, 0.03443257138133049, -0.018916567787528038, 0.3172604739665985, -0.039520446211099625, -0.0068880608305335045, 0.017393389716744423, 133388.75, 153392.3125, 86117.625, 131882.078125, 142151.015625, 102623.5390625, 0.0, 0.0, 0.0, 0.0, 0.0, 0.0, 0.0, 0.0, 1.0, 0.030776366591453552, 0.0, 0.0, 0.0
20512, 0.03376138210296631, -0.019223256036639214, 0.3175830543041229, -0.0383354127407074, -0.006930339615792036, 0.014508270658552647, 133395.5, 153394.203125, 86110.046875, 131883.75, 142153.28125, 102620.71875, 0.0, 0.0, 0.0, 0.0, 0.0, 0.0, 0.0, 0.0, 1.0, 0.014229994267225266, 0.0, 0.0, 0.0
20532, 0.03143875673413277, -0.01931357942521572, 0.31787505745887756, -0.040383003652095795, -0.006764346733689308, 0.015565198846161366, 133393.25, 153407.171875, 86115.734375, 131891.640625, 142149.234375, 102626.15625, 0.0, 0.0, 0.0, 0.0, 0.0, 0.0, 0.0, 0.0, 1.0, -0.0028984714299440384, 0.0, 0.0, 0.0
20552, 0.028694570064544678, -0.019036972895264626, 0.3165259063243866, -0.04364873841404915, -0.006270791403949261, 0.007137367036193609, 133389.34375, 153389.59375, 86110.046875, 131888.8125, 142156.0625, 102630.28125, 0.0, 0.0, 0.0, 0.0, 0.0, 0.0, 0.0, 0.0, 1.0, -0.01864534057676792, 0.0, 0.0, 0.0
20572, 0.028729872778058052, -0.020392488688230515, 0.3166847825050354, -0.041440293192863464, -0.008896104991436005, 0.009902020916342735, 133393.25, 153396.078125, 86112.21875, 131888.8125, 142153.28125, 102627.6640625, 0.0, 0.0, 0.0, 0.0, 0.0, 0.0, 0.0, 0.0, 1.0, -0.002813996747136116, 0.0, 0.0, 0.0
20592, 0.025925690308213234, -0.020509975031018257, 0.3170205056667328, -0.045208826661109924, -0.00872389879077673, 0.01139531098306179, 133394.453125, 153396.5, 86106.53125, 131874.265625, 142148.734375, 102618.1015625, 0.0, 0.0, 0.0, 0.0, 0.0, 0.0, 0.0, 0.0, 1.0, -0.028365638107061386, 0.0, 0.0, 0.0
20612, 0.025329407304525375, -0.020128659904003143, 0.3172452449798584, -0.044329822063446045, -0.007548302412033081, 0.010658086277544498, 133393.859375, 153398.8125, 86107.34375, 131890.46875, 142143.6875, 102624.09375, 0.0, 0.0, 0.0, 0.0, 0.0, 0.0, 0.0, 0.0, 1.0, -0.02631000615656376, 0.0, 0.0, 0.0
20632, 0.02631806582212448, -0.02143017388880253, 0.3177918791770935, -0.03978791832923889, -0.009653723798692226, 0.013439039699733257, 133393.25, 153398.375, 86097.8671875, 131882.078125, 142149.234375, 102621.4765625, 0.0, 0.0, 0.0, 0.0, 0.0, 0.0, 0.0, 0.0, 1.0, -0.019503910094499588, 0.0, 0.0, 0.0
20652, 0.02434573695063591, -0.02184201590716839, 0.31807202100753784, -0.04069948568940163, -0.009764325805008411, 0.013293348252773285, 133400.0, 153389.59375, 86108.15625, 131883.75, 142152.78125, 102619.4140625, 0.0, 0.0, 0.0, 0.0, 0.0, 0.0, 0.0, 0.0, 1.0, -0.012203852646052837, 0.0, 0.0, 0.0
20672, 0.023255670443177223, -0.02193869650363922, 0.3190998435020447, -0.039708130061626434, -0.009519826620817184, 0.019669901579618454, 133400.0, 153394.203125, 86101.9296875, 131882.65625, 142145.1875, 102626.15625, 0.0, 0.0, 0.0, 0.0, 0.0, 0.0, 0.0, 0.0, 1.0, 0.003803001483902335, 0.0, 0.0, 0.0
20692, 0.022478319704532623, -0.022128544747829437, 0.3195090591907501, -0.038003675639629364, -0.009433644823729992, 0.02127194218337536, 133392.640625, 153391.890625, 86108.4296875, 131879.84375, 142152.78125, 102620.71875, 0.0, 0.0, 0.0, 0.0, 0.0, 0.0, 0.0, 0.0, 1.0, 0.027531789615750313, 0.0, 0.0, 0.0
20712, 0.0215133186429739, -0.022808019071817398, 0.3184284567832947, -0.036766961216926575, -0.009994227439165115, 0.0131613127887249, 133391.609375, 153394.203125, 86107.0703125, 131882.078125, 142151.515625, 102621.4765625, 0.0, 0.0, 0.0, 0.0, 0.0, 0.0, 0.0, 0.0, 1.0, 0.04055042192339897, 0.0, 0.0, 0.0
20732, 0.02080172672867775, -0.022269917652010918, 0.31870388984680176, -0.03534362092614174, -0.008492994122207165, 0.015171868726611137, 133388.75, 153401.53125, 86104.3671875, 131882.078125, 142151.515625, 102625.6015625, 0.0, 0.0, 0.0, 0.0, 0.0, 0.0, 0.0, 0.0, 1.0, 0.05650390312075615, 0.0, 0.0, 0.0
20752, 0.020109446719288826, -0.022436019033193588, 0.3194884657859802, -0.033839162439107895, -0.008185498416423798, 0.020104439929127693, 133386.5, 153401.109375, 86114.921875, 131882.078125, 142149.234375, 102626.15625, 0.0, 0.0, 0.0, 0.0, 0.0, 0.0, 0.0, 0.0, 1.0, 0.07906552404165268, 0.0, 0.0, 0.0
20772, 0.018339915201067924, -0.024500558152794838, 0.31991252303123474, -0.034443628042936325, -0.011396517977118492, 0.02193596214056015, 133385.453125, 153394.203125, 86113.03125, 131883.75, 142146.953125, 102625.6015625, 0.0, 0.0, 0.0, 0.0, 0.0, 0.0, 0.0, 0.0, 1.0, 0.0745401605963707, 0.0, 0.0, 0.0
20792, 0.014990290626883507, -0.02393258735537529, 0.3203619420528412, -0.03824524208903313, -0.009659656323492527, 0.02193997986614704, 133387.09375, 153391.890625, 86114.109375, 131882.65625, 142153.28125, 102628.96875, 0.0, 0.0, 0.0, 0.0, 0.0, 0.0, 0.0, 0.0, 1.0, 0.07502248138189316, 0.0, 0.0, 0.0
20812, 0.014241105876863003, -0.02412215620279312, 0.3206409513950348, -0.03670354187488556, -0.009223360568284988, 0.02158617414534092, 133391.0, 153402.984375, 86114.921875, 131874.265625, 142153.28125, 102623.5390625, 0.0, 0.0, 0.0, 0.0, 0.0, 0.0, 0.0, 0.0, 1.0, 0.08256568014621735, 0.0, 0.0, 0.0
20832, 0.013804217800498009, -0.02576329931616783, 0.32108116149902344, -0.03508622571825981, -0.011725686490535736, 0.022326815873384476, 133393.859375, 153395.046875, 86111.1328125, 131884.328125, 142138.359375, 102624.84375, 0.0, 0.0, 0.0, 0.0, 0.0, 0.0, 0.0, 0.0, 1.0, 0.091948501765728, 0.0, 0.0, 0.0
20852, 0.013112805783748627, -0.025991611182689667, 0.32231804728507996, -0.03405718505382538, -0.011214005760848522, 0.025050178170204163, 133392.203125, 153398.375, 86105.4453125, 131886.5625, 142149.734375, 102628.96875, 0.0, 0.0, 0.0, 0.0, 0.0, 0.0, 0.0, 0.0, 1.0, 0.10727795958518982, 0.0, 0.0, 0.0
20872, 0.01308350171893835, -0.02831285074353218, 0.32280436158180237, -0.03182995319366455, -0.014467474073171616, 0.024151697754859924, 133389.34375, 153390.4375, 86107.34375, 131886.5625, 142149.234375, 102620.71875, 0.0, 0.0, 0.0, 0.0, 0.0, 0.0, 0.0, 0.0, 1.0, 0.10181781649589539, 0.0, 0.0, 0.0
20892, 0.011919321492314339, -0.028091907501220703, 0.3237714171409607, -0.03220763057470322, -0.012992587871849537, 0.025089865550398827, 133400.0, 153396.5, 86102.46875, 131891.0625, 142146.953125, 102626.90625, 0.0, 0.0, 0.0, 0.0, 0.0, 0.0, 0.0, 0.0, 1.0, 0.10342832654714584, 0.0, 0.0, 0.0
20912, 0.009387657977640629, -0.028368668630719185, 0.32427728176116943, -0.035477034747600555, -0.012355837970972061, 0.02502453327178955, 133389.953125, 153385.40625, 86104.3671875, 131884.90625, 142149.234375, 102626.15625, 0.0, 0.0, 0.0, 0.0, 0.0, 0.0, 0.0, 0.0, 1.0, 0.12994681298732758, 0.0, 0.0, 0.0
20932, 0.008677266538143158, -0.028604095801711082, 0.3253847062587738, -0.03561652451753616, -0.011484237387776375, 0.026379354298114777, 133384.84375, 153396.5, 86111.1328125, 131884.90625, 142155.0625, 102618.65625, 0.0, 0.0, 0.0, 0.0, 0.0, 0.0, 0.0, 0.0, 1.0, 0.13780327141284943, 0.0, 0.0, 0.0
20952, 0.006539918947964907, -0.0295143723487854, 0.3258938789367676, -0.038556016981601715, -0.011964394710958004, 0.02397403120994568, 133388.75, 153387.71875, 86103.5546875, 131880.421875, 142148.734375, 102622.78125, 0.0, 0.0, 0.0, 0.0, 0.0, 0.0, 0.0, 0.0, 1.0, 0.15397243201732635, 0.0, 0.0, 0.0
20972, 0.005718515254557133, -0.03105519339442253, 0.32510823011398315, -0.038639869540929794, -0.013389015570282936, 0.01566365733742714, 133385.453125, 153389.59375, 86108.4296875, 131886.5625, 142151.015625, 102620.1640625, 0.0, 0.0, 0.0, 0.0, 0.0, 0.0, 0.0, 0.0, 1.0, 0.14104530215263367, 0.0, 0.0, 0.0
20992, 0.006065414287149906, -0.030951928347349167, 0.32538408041000366, -0.03620890527963638, -0.011751562356948853, 0.010902789421379566, 133391.0, 153390.015625, 86096.78125, 131885.484375, 142140.625, 102623.5390625, 0.0, 0.0, 0.0, 0.0, 0.0, 0.0, 0.0, 0.0, 1.0, 0.12083885818719864, 0.0, 0.0, 0.0
21012, 0.005345531273633242, -0.03117484413087368, 0.3261657953262329, -0.03571845963597298, -0.010902013629674911, 0.01209227554500103, 133388.75, 153396.078125, 86094.890625, 131888.8125, 142148.234375, 102627.6640625, 0.0, 0.0, 0.0, 0.0, 0.0, 0.0, 0.0, 0.0, 1.0, 0.10380677133798599, 0.0, 0.0, 0.0
21032, 0.005028323270380497, -0.029703011736273766, 0.3264002799987793, -0.03454055264592171, -0.006653562653809786, 0.011563943699002266, 133391.0, 153391.890625, 86094.890625, 131886.5625, 142152.78125, 102628.96875, 0.0, 0.0, 0.0, 0.0, 0.0, 0.0, 0.0, 0.0, 1.0, 0.11250323057174683, 0.0, 0.0, 0.0
21052, 0.004342388361692429, -0.029826542362570763, 0.3266209065914154, -0.034123752266168594, -0.005758935585618019, 0.010933375917375088, 133387.703125, 153396.5, 86098.6796875, 131880.421875, 142146.953125, 102629.7265625, 0.0, 0.0, 0.0, 0.0, 0.0, 0.0, 0.0, 0.0, 1.0, 0.12534461915493011, 0.0, 0.0, 0.0
21072, 0.0033479270059615374, -0.029626574367284775, 0.3274567425251007, -0.03459667041897774, -0.00444847671315074, 0.015085335820913315, 133388.75, 153398.375, 86096.78125, 131887.15625, 142146.953125, 102629.7265625, 0.0, 0.0, 0.0, 0.0, 0.0, 0.0, 0.0, 0.0, 1.0, 0.14149856567382812, 0.0, 0.0, 0.0
21092, 0.0026580512057989836, -0.029706738889217377, 0.3277468979358673, -0.03446704149246216, -0.003612792817875743, 0.012719616293907166, 133394.890625, 153398.8125, 86094.890625, 131880.421875, 142143.40625, 102623.5390625, 0.0, 0.0, 0.0, 0.0, 0.0, 0.0, 0.0, 0.0, 1.0, 0.15225228667259216, 0.0, 0.0, 0.0
21112, 0.0014653957914561033, -0.02810320071876049, 0.32851311564445496, -0.035256512463092804, 0.00048018075176514685, 0.012706044130027294, 133391.609375, 153398.8125, 86114.109375, 131884.328125, 142145.96875, 102631.03125, 0.0, 0.0, 0.0, 0.0, 0.0, 0.0, 0.0, 0.0, 1.0, 0.16062632203102112, 0.0, 0.0, 0.0
21132, 0.00114584737457335, -0.02717217616736889, 0.3287614583969116, -0.03434043377637863, 0.0029581491835415363, 0.012188187800347805, 133393.859375, 153394.625, 86110.3203125, 131883.15625, 142145.1875, 102622.78125, 0.0, 0.0, 0.0, 0.0, 0.0, 0.0, 0.0, 0.0, 1.0, 0.1615740954875946, 0.0, 0.0, 0.0
21152, 0.000801415997557342, -0.027138398960232735, 0.32977280020713806, -0.034172479063272476, 0.0033408580347895622, 0.016947247087955475, 133384.84375, 153394.203125, 86109.234375, 131884.328125, 142155.5625, 102622.9765625, 0.0, 0.0, 0.0, 0.0, 0.0, 0.0, 0.0, 0.0, 1.0, 0.1602267473936081, 0.0, 0.0, 0.0
21172, 0.0016461220802739263, -0.02549881301820278, 0.3301164209842682, -0.031263165175914764, 0.006942537147551775, 0.015470225363969803, 133382.59375, 153390.015625, 86111.9453125, 131886.5625, 142142.40625, 102625.6015625, 0.0, 0.0, 0.0, 0.0, 0.0, 0.0, 0.0, 0.0, 1.0, 0.16890691220760345, 0.0, 0.0, 0.0
21192, 0.001638620044104755, -0.02360125444829464, 0.3310414254665375, -0.029996680095791817, 0.010898293927311897, 0.015428259037435055, 133389.34375, 153391.890625, 86099.4921875, 131878.171875, 142149.234375, 102625.6015625, 0.0, 0.0, 0.0, 0.0, 0.0, 0.0, 0.0, 0.0, 1.0, 0.14536665380001068, 0.0, 0.0, 0.0
21212, 0.0023267576470971107, -0.024444427341222763, 0.3313504755496979, -0.027474481612443924, 0.009697006084024906, 0.015481032431125641, 133382.59375, 153396.078125, 86105.171875, 131886.5625, 142145.1875, 102630.4765625, 0.0, 0.0, 0.0, 0.0, 0.0, 0.0, 0.0, 0.0, 1.0, 0.1338309943675995, 0.0, 0.0, 0.0
21232, 0.0019044529180973768, -0.022364206612110138, 0.3306198716163635, -0.027347777038812637, 0.013696802780032158, 0.007558903656899929, 133383.203125, 153400.6875, 86099.765625, 131888.8125, 142149.234375, 102627.6640625, 0.0, 0.0, 0.0, 0.0, 0.0, 0.0, 0.0, 0.0, 1.0, 0.10951749980449677, 0.0, 0.0, 0.0
21252, -0.001504326006397605, -0.022521818056702614, 0.3307454288005829, -0.032774668186903, 0.012855930253863335, 0.00715765543282032, 133382.59375, 153391.890625, 86098.6796875, 131887.15625, 142146.953125, 102626.3515625, 0.0, 0.0, 0.0, 0.0, 0.0, 0.0, 0.0, 0.0, 1.0, 0.13597990572452545, 0.0, 0.0, 0.0
21272, -0.0021505302283912897, -0.022261641919612885, 0.3297857940196991, -0.03323027491569519, 0.012663301080465317, -0.0014193489914759994, 133380.953125, 153403.40625, 86104.640625, 131888.8125, 142151.015625, 102630.28125, 0.0, 0.0, 0.0, 0.0, 0.0, 0.0, 0.0, 0.0, 1.0, 0.12864498794078827, 0.0, 0.0, 0.0
21292, -0.0024901835713535547, -0.020095063373446465, 0.32972830533981323, -0.03303123265504837, 0.01585625298321247, -0.004170898348093033, 133389.34375, 153396.5, 86088.125, 131887.15625, 142145.1875, 102631.03125, 0.0, 0.0, 0.0, 0.0, 0.0, 0.0, 0.0, 0.0, 1.0, 0.1496194750070572, 0.0, 0.0, 0.0
21312, -0.0027500807773321867, -0.01746203564107418, 0.33017635345458984, -0.03177547827363014, 0.019171781837940216, 0.0015006352914497256, 133386.5, 153391.890625, 86098.953125, 131886.5625, 142153.28125, 102633.09375, 0.0, 0.0, 0.0, 0.0, 0.0, 0.0, 0.0, 0.0, 1.0, 0.14431211352348328, 0.0, 0.0, 0.0
21332, -0.0011511273914948106, -0.0185709148645401, 0.33018356561660767, -0.02814873680472374, 0.01653154008090496, -0.00035436448524706066, 133391.0, 153398.375, 86097.8671875, 131891.0625, 142149.234375, 102633.8515625, 0.0, 0.0, 0.0, 0.0, 0.0, 0.0, 0.0, 0.0, 1.0, 0.13133779168128967, 0.0, 0.0, 0.0
21352, -0.0014779787743464112, -0.017456907778978348, 0.3301655948162079, -0.02733933925628662, 0.016956403851509094, -0.0011035423958674073, 133376.4375, 153405.71875, 86092.1875, 131880.421875, 142157.84375, 102631.03125, 0.0, 0.0, 0.0, 0.0, 0.0, 0.0, 0.0, 0.0, 1.0, 0.1391678750514984, 0.0, 0.0, 0.0
21372, -0.0016697925748303533, -0.014299795031547546, 0.33008477091789246, -0.025915948674082756, 0.021058326587080956, -0.0001444549416191876, 133388.140625, 153396.921875, 86094.890625, 131891.0625, 142149.734375, 102622.9765625, 0.0, 0.0, 0.0, 0.0, 0.0, 0.0, 0.0, 0.0, 1.0, 0.12140688300132751, 0.0, 0.0, 0.0
21392, -0.0013208226300776005, -0.013409720733761787, 0.33008891344070435, -0.023533590137958527, 0.02069028653204441, 0.0013852802803739905, 133385.890625, 153403.84375, 86091.1015625, 131888.8125, 142153.28125, 102631.7890625, 0.0, 0.0, 0.0, 0.0, 0.0, 0.0, 0.0, 0.0, 1.0, 0.12735556066036224, 0.0, 0.0, 0.0
21412, -0.002353822346776724, -0.011370658874511719, 0.3308717906475067, -0.02358374372124672, 0.0220600925385952, 0.006611385848373175, 133382.59375, 153398.375, 86088.3984375, 131884.328125, 142149.234375, 102631.7890625, 0.0, 0.0, 0.0, 0.0, 0.0, 0.0, 0.0, 0.0, 1.0, 0.133585587143898, 0.0, 0.0, 0.0
21432, -0.0010581542737782001, -0.006738940719515085, 0.3310067653656006, -0.01971236802637577, 0.028327912092208862, 0.006901169661432505, 133388.75, 153403.84375, 86086.5, 131881.0, 142142.90625, 102625.6015625, 0.0, 0.0, 0.0, 0.0, 0.0, 0.0, 0.0, 0.0, 1.0, 0.1328132152557373, 0.0, 0.0, 0.0
21452, 0.0010744996834546328, -0.00588905019685626, 0.32995015382766724, -0.014147772453725338, 0.027579961344599724, 0.0003988443349953741, 133388.75, 153401.109375, 86091.1015625, 131888.234375, 142153.28125, 102629.7265625, 0.0, 0.0, 0.0, 0.0, 0.0, 0.0, 0.0, 0.0, 1.0, 0.1325058788061142, 0.0, 0.0, 0.0
21472, 0.0007837201119400561, -0.00723117683082819, 0.3299720883369446, -0.013002932071685791, 0.022850386798381805, 0.0004198145470581949, 133386.0625, 153391.890625, 86085.140625, 131887.15625, 142145.1875, 102626.3515625, 0.0, 0.0, 0.0, 0.0, 0.0, 0.0, 0.0, 0.0, 1.0, 0.1270536482334137, 0.0, 0.0, 0.0
21492, 0.002433911431580782, -0.00631635682657361, 0.33038392663002014, -0.008700217120349407, 0.021822860464453697, 0.003412198042497039, 133387.703125, 153399.234375, 86087.3125, 131882.65625, 142153.28125, 102630.4765625, 0.0, 0.0, 0.0, 0.0, 0.0, 0.0, 0.0, 0.0, 1.0, 0.15210555493831635, 0.0, 0.0, 0.0
21512, 0.0017607113113626838, -0.004003281705081463, 0.33049774169921875, -0.008966238237917423, 0.023207418620586395, 0.008955991826951504, 133389.34375, 153396.5, 86090.2890625, 131886.5625, 142153.78125, 102625.6015625, 0.0, 0.0, 0.0, 0.0, 0.0, 0.0, 0.0, 0.0, 1.0, 0.17305995523929596, 0.0, 0.0, 0.0
21532, 0.004383193328976631, -0.0022321301512420177, 0.3300386667251587, -0.0034616270568221807, 0.024072622880339622, 0.005780280102044344, 133389.953125, 153392.3125, 86084.609375, 131877.59375, 142146.953125, 102628.96875, 0.0, 0.0, 0.0, 0.0, 0.0, 0.0, 0.0, 0.0, 1.0, 0.15721328556537628, 0.0, 0.0, 0.0
21552, 0.0030723712407052517, -0.0007432774873450398, 0.33012256026268005, -0.005013797897845507, 0.02454974502325058, 0.003435213817283511, 133384.84375, 153391.890625, 86087.3125, 131883.25, 142157.34375, 102631.7890625, 0.0, 0.0, 0.0, 0.0, 0.0, 0.0, 0.0, 0.0, 1.0, 0.14257532358169556, 0.0, 0.0, 0.0
21572, 0.0038732856046408415, 0.002106777159497142, 0.3301865756511688, -0.0029080365784466267, 0.02695716917514801, 0.003599731717258692, 133388.3125, 153398.375, 86088.125, 131890.46875, 142149.234375, 102631.03125, 0.0, 0.0, 0.0, 0.0, 0.0, 0.0, 0.0, 0.0, 1.0, 0.16195161640644073, 0.0, 0.0, 0.0
21592, 0.007106405682861805, 0.0021337373182177544, 0.33103907108306885, 0.0032937387004494667, 0.024073803797364235, 0.009675662964582443, 133380.34375, 153394.625, 86080.546875, 131881.5, 142149.734375, 102624.2890625, 0.0, 0.0, 0.0, 0.0, 0.0, 0.0, 0.0, 0.0, 1.0, 0.15660008788108826, 0.0, 0.0, 0.0
21612, 0.007304259575903416, 0.003961856011301279, 0.3312475383281708, 0.0032314963173121214, 0.02462594397366047, 0.00966712273657322, 133391.0, 153398.375, 86083.5234375, 131892.140625, 142151.515625, 102621.4765625, 0.0, 0.0, 0.0, 0.0, 0.0, 0.0, 0.0, 0.0, 1.0, 0.14371612668037415, 0.0, 0.0, 0.0
21632, 0.007068315055221319, 0.005750275682657957, 0.33292073011398315, 0.0017729098908603191, 0.024925079196691513, 0.015572031028568745, 133384.84375, 153396.5, 86084.3359375, 131882.65625, 142147.453125, 102623.5390625, 0.0, 0.0, 0.0, 0.0, 0.0, 0.0, 0.0, 0.0, 1.0, 0.14468969404697418, 0.0, 0.0, 0.0
21652, 0.009354745969176292, 0.005449067335575819, 0.3332137167453766, 0.004952478222548962, 0.021717572584748268, 0.014014109969139099, 133383.203125, 153402.984375, 86086.5, 131882.65625, 142142.40625, 102628.4140625, 0.0, 0.0, 0.0, 0.0, 0.0, 0.0, 0.0, 0.0, 1.0, 0.14400257170200348, 0.0, 0.0, 0.0
21672, 0.00959344208240509, 0.007329181768000126, 0.3337297737598419, 0.004172234330326319, 0.02272055856883526, 0.013640648685395718, 133391.609375, 153394.625, 86089.203125, 131884.90625, 142152.0, 102628.4140625, 0.0, 0.0, 0.0, 0.0, 0.0, 0.0, 0.0, 0.0, 1.0, 0.16943217813968658, 0.0, 0.0, 0.0
21692, 0.010271542705595493, 0.008406287059187889, 0.33398839831352234, 0.004248909652233124, 0.02209421433508396, 0.012302098795771599, 133384.84375, 153392.3125, 86091.1015625, 131880.421875, 142144.6875, 102629.1640625, 0.0, 0.0, 0.0, 0.0, 0.0, 0.0, 0.0, 0.0, 1.0, 0.17057234048843384, 0.0, 0.0, 0.0
21712, 0.012005338445305824, 0.009342161938548088, 0.33338505029678345, 0.005702088586986065, 0.021195169538259506, 0.005445391405373812, 133389.953125, 153390.015625, 86087.3125, 131890.46875, 142153.28125, 102623.5390625, 0.0, 0.0, 0.0, 0.0, 0.0, 0.0, 0.0, 0.0, 1.0, 0.21084684133529663, 0.0, 0.0, 0.0
21732, 0.012100416235625744, 0.00974737387150526, 0.3334721326828003, 0.003763210028409958, 0.019365675747394562, 0.0033219102770090103, 133380.34375, 153402.984375, 86092.1875, 131884.90625, 142152.0, 102633.09375, 0.0, 0.0, 0.0, 0.0, 0.0, 0.0, 0.0, 0.0, 1.0, 0.23266181349754333, 0.0, 0.0, 0.0
21752, 0.01397258322685957, 0.01002667099237442, 0.33332350850105286, 0.0048210714012384415, 0.017894048243761063, 0.001424904796294868, 133387.09375, 153401.109375, 86091.1015625, 131882.65625, 142149.234375, 102631.03125, 0.0, 0.0, 0.0, 0.0, 0.0, 0.0, 0.0, 0.0, 1.0, 0.2343682497739792, 0.0, 0.0, 0.0
21772, 0.016358738765120506, 0.011979580856859684, 0.3333434462547302, 0.006657353602349758, 0.01960599608719349, -0.00022216059733182192, 133384.84375, 153399.234375, 86086.5, 131888.8125, 142147.453125, 102628.96875, 0.0, 0.0, 0.0, 0.0, 0.0, 0.0, 0.0, 0.0, 1.0, 0.2620045244693756, 0.0, 0.0, 0.0
21792, 0.01643700711429119, 0.01233300194144249, 0.3347136974334717, 0.0038491939194500446, 0.01806584745645523, 0.00569848483428359, 133394.890625, 153401.109375, 86080.8203125, 131887.15625, 142141.625, 102632.34375, 0.0, 0.0, 0.0, 0.0, 0.0, 0.0, 0.0, 0.0, 1.0, 0.28982672095298767, 0.0, 0.0, 0.0
21812, 0.01648658700287342, 0.01269963476806879, 0.3348259925842285, 0.0009828415932133794, 0.01693449541926384, 0.005561485420912504, 133380.34375, 153403.40625, 86087.3125, 131888.8125, 142153.78125, 102627.6640625, 0.0, 0.0, 0.0, 0.0, 0.0, 0.0, 0.0, 0.0, 1.0, 0.31544870138168335, 0.0, 0.0, 0.0
21832, 0.018474608659744263, 0.012482475489377975, 0.333842396736145, 0.002220389898866415, 0.014975129626691341, -0.00020904037228319794, 133387.703125, 153401.53125, 86077.8359375, 131895.546875, 142151.015625, 102635.1640625, 0.0, 0.0, 0.0, 0.0, 0.0, 0.0, 0.0, 0.0, 1.0, 0.32509344816207886, 0.0, 0.0, 0.0
21852, 0.01946553960442543, 0.014731986448168755, 0.3338121771812439, 0.0016848157392814755, 0.017386989668011665, -0.002261718036606908, 133389.953125, 153398.8125, 86086.2265625, 131880.421875, 142151.515625, 102633.09375, 0.0, 0.0, 0.0, 0.0, 0.0, 0.0, 0.0, 0.0, 1.0, 0.35976549983024597, 0.0, 0.0, 0.0
21872, 0.01896987482905388, 0.013457869179546833, 0.33377498388290405, -0.001328967628069222, 0.013105158694088459, -0.0016229217872023582, 133378.703125, 153401.109375, 86097.0546875, 131891.640625, 142151.515625, 102629.7265625, 0.0, 0.0, 0.0, 0.0, 0.0, 0.0, 0.0, 0.0, 1.0, 0.41368091106414795, 0.0, 0.0, 0.0
21892, 0.020371578633785248, 0.015127419494092464, 0.33342796564102173, -0.0007282206206582487, 0.014437047764658928, -0.003832476446405053, 133384.84375, 153394.203125, 86079.734375, 131889.390625, 142145.1875, 102625.6015625, 0.0, 0.0, 0.0, 0.0, 0.0, 0.0, 0.0, 0.0, 1.0, 0.4193726181983948, 0.0, 0.0, 0.0
21912, 0.019428443163633347, 0.016501521691679955, 0.333350270986557, -0.0042826952412724495, 0.014948557130992413, -0.0034843366593122482, 133391.0, 153387.71875, 86079.734375, 131879.84375, 142153.78125, 102627.6640625, 0.0, 0.0, 0.0, 0.0, 0.0, 0.0, 0.0, 0.0, 1.0, 0.44300055503845215, 0.0, 0.0, 0.0
21932, 0.019356420263648033, 0.016799475997686386, 0.33195146918296814, -0.005832224618643522, 0.013539777137339115, -0.009772839955985546, 133385.453125, 153396.5, 86081.625, 131884.90625, 142153.78125, 102628.4140625, 0.0, 0.0, 0.0, 0.0, 0.0, 0.0, 0.0, 0.0, 1.0, 0.4333638548851013, 0.0, 0.0, 0.0
21952, 0.019424699246883392, 0.019683469086885452, 0.3317493498325348, -0.006988221779465675, 0.0169373769313097, -0.010538332164287567, 133391.609375, 153398.8125, 86077.8359375, 131888.8125, 142153.28125, 102628.4140625, 0.0, 0.0, 0.0, 0.0, 0.0, 0.0, 0.0, 0.0, 1.0, 0.43791624903678894, 0.0, 0.0, 0.0
21972, 0.020417440682649612, 0.019864819943904877, 0.33127081394195557, -0.006322741508483887, 0.014988286420702934, -0.011919679120182991, 133381.546875, 153396.921875, 86074.859375, 131889.390625, 142155.5625, 102631.7890625, 0.0, 0.0, 0.0, 0.0, 0.0, 0.0, 0.0, 0.0, 1.0, 0.4323039650917053, 0.0, 0.0, 0.0
21992, 0.021794386208057404, 0.020350007340312004, 0.33107608556747437, -0.005242041312158108, 0.01368738617748022, -0.007978416979312897, 133380.34375, 153394.625, 86077.03125, 131890.46875, 142156.0625, 102624.2890625, 0.0, 0.0, 0.0, 0.0, 0.0, 0.0, 0.0, 0.0, 1.0, 0.4317072331905365, 0.0, 0.0, 0.0
22012, 0.021735956892371178, 0.022869665175676346, 0.33295291662216187, -0.0069275908172130585, 0.016412485390901566, 0.004479208029806614, 133378.09375, 153395.046875, 86077.03125, 131882.65625, 142152.5, 102624.2890625, 0.0, 0.0, 0.0, 0.0, 0.0, 0.0, 0.0, 0.0, 1.0, 0.42593154311180115, 0.0, 0.0, 0.0
22032, 0.02019430696964264, 0.02357601560652256, 0.33306780457496643, -0.011398406699299812, 0.015613682568073273, 0.006377562880516052, 133380.34375, 153397.34375, 86084.609375, 131879.84375, 142152.0, 102627.6640625, 0.0, 0.0, 0.0, 0.0, 0.0, 0.0, 0.0, 0.0, 1.0, 0.4568518400192261, 0.0, 0.0, 0.0
22052, 0.02115853875875473, 0.023210009559988976, 0.33275556564331055, -0.011032039299607277, 0.012811935506761074, 0.006385292392224073, 133384.84375, 153394.625, 86084.609375, 131885.484375, 142151.515625, 102628.4140625, 0.0, 0.0, 0.0, 0.0, 0.0, 0.0, 0.0, 0.0, 1.0, 0.4584603011608124, 0.0, 0.0, 0.0
22072, 0.019666368141770363, 0.022588228806853294, 0.33288055658340454, -0.014734651893377304, 0.010123947635293007, 0.006256864871829748, 133387.09375, 153403.84375, 86078.6484375, 131888.234375, 142143.40625, 102629.7265625, 0.0, 0.0, 0.0, 0.0, 0.0, 0.0, 0.0, 0.0, 1.0, 0.4485183358192444, 0.0, 0.0, 0.0
22092, 0.01935943029820919, 0.0227785874158144, 0.33301207423210144, -0.01589415781199932, 0.00887888390570879, 0.007598703261464834, 133380.34375, 153399.234375, 86081.625, 131892.21875, 142152.5, 102628.4140625, 0.0, 0.0, 0.0, 0.0, 0.0, 0.0, 0.0, 0.0, 1.0, 0.46084243059158325, 0.0, 0.0, 0.0
22112, 0.020340509712696075, 0.0247409176081419, 0.33354127407073975, -0.01450402569025755, 0.010779879055917263, 0.0062324972823262215, 133380.953125, 153398.8125, 86086.2265625, 131891.0625, 142149.234375, 102630.4765625, 0.0, 0.0, 0.0, 0.0, 0.0, 0.0, 0.0, 0.0, 1.0, 0.47952622175216675, 0.0, 0.0, 0.0
22132, 0.02004105970263481, 0.024943972006440163, 0.33362364768981934, -0.015425310470163822, 0.00956729892641306, 0.0028605423867702484, 133388.75, 153394.625, 86082.4375, 131878.75, 142149.734375, 102631.7890625, 0.0, 0.0, 0.0, 0.0, 0.0, 0.0, 0.0, 0.0, 1.0, 0.4639695882797241, 0.0, 0.0, 0.0
22152, 0.019800569862127304, 0.02632025256752968, 0.3338199555873871, -0.01624445803463459, 0.010579179972410202, 0.0029476003255695105, 133383.203125, 153395.046875, 86080.8203125, 131882.65625, 142151.515625, 102633.09375, 0.0, 0.0, 0.0, 0.0, 0.0, 0.0, 0.0, 0.0, 1.0, 0.46948134899139404, 0.0, 0.0, 0.0
22172, 0.018681365996599197, 0.02671920321881771, 0.3338399827480316, -0.019123990088701248, 0.009621703065931797, -0.0012743069091811776, 133378.703125, 153396.921875, 86080.8203125, 131883.25, 142158.328125, 102626.3515625, 0.0, 0.0, 0.0, 0.0, 0.0, 0.0, 0.0, 0.0, 1.0, 0.4998941421508789, 0.0, 0.0, 0.0
22192, 0.0167941115796566, 0.02661505900323391, 0.33469024300575256, -0.023223010823130608, 0.008012400008738041, 0.003117671236395836, 133376.4375, 153395.046875, 86076.7578125, 131883.25, 142153.78125, 102628.4140625, 0.0, 0.0, 0.0, 0.0, 0.0, 0.0, 0.0, 0.0, 1.0, 0.5039682984352112, 0.0, 0.0, 0.0
22212, 0.01623164489865303, 0.02558773010969162, 0.33474498987197876, -0.024855539202690125, 0.0046465275809168816, 0.0008343769586645067, 133387.703125, 153396.921875, 86080.546875, 131893.296875, 142156.0625, 102629.1640625, 0.0, 0.0, 0.0, 0.0, 0.0, 0.0, 0.0, 0.0, 1.0, 0.511956512928009, 0.0, 0.0, 0.0
22232, 0.013470787554979324, 0.0251491479575634, 0.3340652585029602, -0.03026091679930687, 0.00248261378146708, -0.0028594781178981066, 133389.953125, 153396.5, 86070.2578125, 131894.46875, 142152.78125, 102631.2265625, 0.0, 0.0, 0.0, 0.0, 0.0, 0.0, 0.0, 0.0, 1.0, 0.5275664329528809, 0.0, 0.0, 0.0
22252, 0.010172386653721333, 0.0238985363394022, 0.3339846432209015, -0.03630422055721283, -0.0010702452855184674, -0.005007801577448845, 133388.3125, 153398.8125, 86072.96875, 131889.96875, 142154.28125, 102626.3515625, 0.0, 0.0, 0.0, 0.0, 0.0, 0.0, 0.0, 0.0, 1.0, 0.5396302938461304, 0.0, 0.0, 0.0
22272, 0.010996929369866848, 0.02299543470144272, 0.3331175446510315, -0.03458752483129501, -0.003860814729705453, -0.011508108116686344, 133387.09375, 153405.71875, 86065.390625, 131896.125, 142154.28125, 102628.96875, 0.0, 0.0, 0.0, 0.0, 0.0, 0.0, 0.0, 0.0, 1.0, 0.536992073059082, 0.0, 0.0, 0.0
22292, 0.004566875286400318, 0.021940134465694427, 0.3328807055950165, -0.04590015485882759, -0.006846769712865353, -0.01092216745018959, 133384.84375, 153396.921875, 86070.2578125, 131880.421875, 142143.90625, 102632.5390625, 0.0, 0.0, 0.0, 0.0, 0.0, 0.0, 0.0, 0.0, 1.0, 0.5539457201957703, 0.0, 0.0, 0.0
22312, 0.005192037671804428, 0.019762855023145676, 0.3320333659648895, -0.04352036863565445, -0.011555156670510769, -0.013078013435006142, 133386.5, 153396.921875, 86068.3671875, 131884.328125, 142156.5625, 102631.7890625, 0.0, 0.0, 0.0, 0.0, 0.0, 0.0, 0.0, 0.0, 1.0, 0.52481609582901, 0.0, 0.0, 0.0
22332, 0.004747895989567041, 0.020202983170747757, 0.3317726254463196, -0.04255754500627518, -0.011133307591080666, -0.01363480556756258, 133380.34375, 153403.40625, 86073.2421875, 131893.875, 142152.0, 102626.3515625, 0.0, 0.0, 0.0, 0.0, 0.0, 0.0, 0.0, 0.0, 1.0, 0.5129076242446899, 0.0, 0.0, 0.0
22352, 0.002670224290341139, 0.017850752919912338, 0.33149197697639465, -0.04394160211086273, -0.016022304072976112, -0.013893067836761475, 133384.25, 153396.921875, 86072.96875, 131884.90625, 142154.28125, 102637.9765625, 0.0, 0.0, 0.0, 0.0, 0.0, 0.0, 0.0, 0.0, 1.0, 0.4950283467769623, 0.0, 0.0, 0.0
22372, 0.0014405400725081563, 0.01999865472316742, 0.33270594477653503, -0.043346185237169266, -0.012295877560973167, -0.004033065866678953, 133374.796875, 153396.921875, 86071.34375, 131884.90625, 142154.28125, 102629.7265625, 0.0, 0.0, 0.0, 0.0, 0.0, 0.0, 0.0, 0.0, 1.0, 0.513463020324707, 0.0, 0.0, 0.0
22392, -0.0014670249074697495, 0.017020583152770996, 0.3326489329338074, -0.04526706412434578, -0.017907630652189255, -0.0015548637602478266, 133378.703125, 153392.75, 86077.8359375, 131884.90625, 142152.5, 102628.4140625, 0.0, 0.0, 0.0, 0.0, 0.0, 0.0, 0.0, 0.0, 1.0, 0.5051764845848083, 0.0, 0.0, 0.0
22412, -0.00267802900634706, 0.01765824854373932, 0.33192065358161926, -0.0437435619533062, -0.016451135277748108, -0.00669764494523406, 133383.203125, 153394.625, 86062.4140625, 131882.65625, 142153.28125, 102630.4765625, 0.0, 0.0, 0.0, 0.0, 0.0, 0.0, 0.0, 0.0, 1.0, 0.5004792213439941, 0.0, 0.0, 0.0
22432, -0.0033096529077738523, 0.01699236035346985, 0.33178526163101196, -0.040938299149274826, -0.017665402963757515, -0.0062501030042767525, 133385.453125, 153408.015625, 86069.1796875, 131889.390625, 142160.609375, 102640.0390625, 0.0, 0.0, 0.0, 0.0, 0.0, 0.0, 0.0, 0.0, 1.0, 0.5158630609512329, 0.0, 0.0, 0.0
22452, -0.003879997180774808, 0.015232785604894161, 0.3322003185749054, -0.03764529526233673, -0.0204158965498209, -0.0013413764536380768, 133380.953125, 153399.65625, 86062.6796875, 131879.84375, 142151.515625, 102629.1640625, 0.0, 0.0, 0.0, 0.0, 0.0, 0.0, 0.0, 0.0, 1.0, 0.48966893553733826, 0.0, 0.0, 0.0
22472, -0.005725384224206209, 0.013964355923235416, 0.3321433365345001, -0.037005651742219925, -0.022099867463111877, -0.004137847572565079, 133384.84375, 153394.625, 86066.46875, 131890.46875, 142151.515625, 102634.6015625, 0.0, 0.0, 0.0, 0.0, 0.0, 0.0, 0.0, 0.0, 1.0, 0.4673975110054016, 0.0, 0.0, 0.0
22492, -0.00548649113625288, 0.01477828063070774, 0.331623911857605, -0.03245820105075836, -0.019936583936214447, -0.007399678695946932, 133378.703125, 153397.78125, 86068.3671875, 131890.46875, 142147.453125, 102637.4140625, 0.0, 0.0, 0.0, 0.0, 0.0, 0.0, 0.0, 0.0, 1.0, 0.4669610261917114, 0.0, 0.0, 0.0
22512, -0.006134788505733013, 0.01400858722627163, 0.3315136432647705, -0.02987956441938877, -0.020359456539154053, -0.004164231009781361, 133385.453125, 153399.65625, 86069.1796875, 131885.484375, 142154.28125, 102636.6640625, 0.0, 0.0, 0.0, 0.0, 0.0, 0.0, 0.0, 0.0, 1.0, 0.4328393340110779, 0.0, 0.0, 0.0
22532, -0.006362968124449253, 0.012799946591258049, 0.3308787941932678, -0.026744741946458817, -0.0211765356361866, -0.008373900316655636, 133383.203125, 153394.625, 86070.2578125, 131879.34375, 142152.5, 102634.6015625, 0.0, 0.0, 0.0, 0.0, 0.0, 0.0, 0.0, 0.0, 1.0, 0.422050416469574, 0.0, 0.0, 0.0
22552, -0.008131220936775208, 0.011984412558376789, 0.3307012915611267, -0.026756955310702324, -0.021398967131972313, -0.00876909215003252, 133376.4375, 153401.53125, 86074.046875, 131889.96875, 142154.28125, 102629.7265625, 0.0, 0.0, 0.0, 0.0, 0.0, 0.0, 0.0, 0.0, 1.0, 0.43006864190101624, 0.0, 0.0, 0.0
22572, -0.0086752250790596, 0.010496252216398716, 0.3305397033691406, -0.02452811971306801, -0.022715924307703972, -0.007413779851049185, 133382.59375, 153399.65625, 86068.3671875, 131888.8125, 142147.953125, 102627.6640625, 0.0, 0.0, 0.0, 0.0, 0.0, 0.0, 0.0, 0.0, 1.0, 0.44486021995544434, 0.0, 0.0, 0.0
22592, -0.010816255584359169, 0.01008104719221592, 0.3310004770755768, -0.02571130357682705, -0.02172539383172989, -0.0035548515152186155, 133385.453125, 153396.5, 86065.390625, 131886.5625, 142153.28125, 102633.09375, 0.0, 0.0, 0.0, 0.0, 0.0, 0.0, 0.0, 0.0, 1.0, 0.4652612507343292, 0.0, 0.0, 0.0
22612, -0.012279242277145386, 0.008562088944017887, 0.33096835017204285, -0.025325849652290344, -0.022811826318502426, 0.0001485295797465369, 133378.703125, 153405.71875, 86059.9765625, 131891.0625, 142149.234375, 102630.4765625, 0.0, 0.0, 0.0, 0.0, 0.0, 0.0, 0.0, 0.0, 1.0, 0.4614768624305725, 0.0, 0.0, 0.0
22632, -0.012757114134728909, 0.008117405697703362, 0.3314015567302704, -0.022975750267505646, -0.021679682657122612, 0.0012163869105279446, 133378.703125, 153406.5625, 86052.9375, 131885.484375, 142149.734375, 102630.4765625, 0.0, 0.0, 0.0, 0.0, 0.0, 0.0, 0.0, 0.0, 1.0, 0.4597207009792328, 0.0, 0.0, 0.0
22652, -0.015513243153691292, 0.005715915001928806, 0.33141031861305237, -0.02519034408032894, -0.024576179683208466, 0.0003346557205077261, 133395.5, 153396.921875, 86059.703125, 131883.25, 142163.390625, 102626.3515625, 0.0, 0.0, 0.0, 0.0, 0.0, 0.0, 0.0, 0.0, 1.0, 0.45398029685020447, 0.0, 0.0, 0.0
22672, -0.01688910461962223, 0.003539800178259611, 0.3312712013721466, -0.024504372850060463, -0.026837877929210663, 0.0019364223117008805, 133380.953125, 153398.375, 86057.8125, 131887.15625, 142144.6875, 102632.5390625, 0.0, 0.0, 0.0, 0.0, 0.0, 0.0, 0.0, 0.0, 1.0, 0.4447689354419708, 0.0, 0.0, 0.0
22692, -0.01736096292734146, 0.003011972177773714, 0.33128756284713745, -0.022696830332279205, -0.025965051725506783, -0.00022919816547073424, 133382.59375, 153399.65625, 86063.4921875, 131878.75, 142145.6875, 102626.3515625, 0.0, 0.0, 0.0, 0.0, 0.0, 0.0, 0.0, 0.0, 1.0, 0.4522514045238495, 0.0, 0.0, 0.0
22712, -0.01624060980975628, 0.003500297898426652, 0.33077114820480347, -0.017928102985024452, -0.02290238067507744, -0.002287786453962326, 133387.703125, 153403.40625, 86060.515625, 131889.390625, 142149.734375, 102633.2890625, 0.0, 0.0, 0.0, 0.0, 0.0, 0.0, 0.0, 0.0, 1.0, 0.4426271915435791, 0.0, 0.0, 0.0
22732, -0.01591106876730919, 0.0012874454259872437, 0.33072662353515625, -0.015304317697882652, -0.0251509677618742, -0.00243964116089046, 133384.84375, 153407.59375, 86064.3046875, 131883.25, 142149.734375, 102630.4765625, 0.0, 0.0, 0.0, 0.0, 0.0, 0.0, 0.0, 0.0, 1.0, 0.45334336161613464, 0.0, 0.0, 0.0
22752, -0.01601155661046505, 0.0010054530575871468, 0.3307902216911316, -0.013244358822703362, -0.023192457854747772, -0.0024262808728963137, 133389.34375, 153399.65625, 86059.703125, 131891.0625, 142149.734375, 102637.9765625, 0.0, 0.0, 0.0, 0.0, 0.0, 0.0, 0.0, 0.0, 1.0, 0.4569174349308014, 0.0, 0.0, 0.0
22772, -0.01723448932170868, 0.000733798835426569, 0.330748587846756, -0.013434933498501778, -0.02124856226146221, -0.0031369966454803944, 133380.953125, 153397.34375, 86056.7265625, 131887.15625, 142158.328125, 102631.7890625, 0.0, 0.0, 0.0, 0.0, 0.0, 0.0, 0.0, 0.0, 1.0, 0.45304208993911743, 0.0, 0.0, 0.0
22792, -0.018502676859498024, 0.0011487615993246436, 0.3312179446220398, -0.013952240347862244, -0.0181948971003294, -0.00010748177010100335, 133378.703125, 153401.109375, 86052.125, 131891.640625, 142156.0625, 102629.7265625, 0.0, 0.0, 0.0, 0.0, 0.0, 0.0, 0.0, 0.0, 1.0, 0.4971959590911865, 0.0, 0.0, 0.0
22812, -0.02016432210803032, -0.0028732684440910816, 0.3312341272830963, -0.01557477843016386, -0.024070745334029198, 0.0022975397296249866, 133383.796875, 153401.53125, 86059.703125, 131887.15625, 142156.5625, 102633.2890625, 0.0, 0.0, 0.0, 0.0, 0.0, 0.0, 0.0, 0.0, 1.0, 0.5155289769172668, 0.0, 0.0, 0.0
22832, -0.021836018189787865, -0.0033287242986261845, 0.3312875032424927, -0.01757998578250408, -0.022419175133109093, 0.0036716365721076727, 133383.203125, 153401.109375, 86059.9765625, 131887.734375, 142150.234375, 102633.8515625, 0.0, 0.0, 0.0, 0.0, 0.0, 0.0, 0.0, 0.0, 1.0, 0.5373196601867676, 0.0, 0.0, 0.0
22852, -0.02259683609008789, -0.0059040989726781845, 0.3303584158420563, -0.017535841092467308, -0.02499299682676792, -0.001744135981425643, 133383.203125, 153399.65625, 86057.0, 131888.8125, 142154.28125, 102633.8515625, 0.0, 0.0, 0.0, 0.0, 0.0, 0.0, 0.0, 0.0, 1.0, 0.546812117099762, 0.0, 0.0, 0.0
22872, -0.023204632103443146, -0.0044810036197304726, 0.33029577136039734, -0.017150703817605972, -0.019667120650410652, -0.0035504265688359737, 133379.296875, 153396.921875, 86055.9140625, 131888.8125, 142150.234375, 102633.8515625, 0.0, 0.0, 0.0, 0.0, 0.0, 0.0, 0.0, 0.0, 1.0, 0.54854816198349, 0.0, 0.0, 0.0
22892, -0.023700961843132973, -0.004834652878344059, 0.3288668096065521, -0.01664000377058983, -0.018078600987792015, -0.00836087204515934, 133384.84375, 153399.234375, 86052.125, 131879.34375, 142152.0, 102635.9140625, 0.0, 0.0, 0.0, 0.0, 0.0, 0.0, 0.0, 0.0, 1.0, 0.5528465509414673, 0.0, 0.0, 0.0
22912, -0.025140441954135895, -0.0064622568897902966, 0.3287016749382019, -0.01807226426899433, -0.019083719700574875, -0.00950916949659586, 133379.296875, 153401.953125, 86059.703125, 131891.640625, 142157.0625, 102632.5390625, 0.0, 0.0, 0.0, 0.0, 0.0, 0.0, 0.0, 0.0, 1.0, 0.5660496354103088, 0.0, 0.0, 0.0
22932, -0.02504584565758705, -0.008472997695207596, 0.32952576875686646, -0.016267787665128708, -0.02091696672141552, -0.0035601546987891197, 133383.796875, 153395.046875, 86051.3203125, 131885.484375, 142153.78125, 102637.2265625, 0.0, 0.0, 0.0, 0.0, 0.0, 0.0, 0.0, 0.0, 1.0, 0.5650901198387146, 0.0, 0.0, 0.0
22952, -0.025911753997206688, -0.010049957782030106, 0.3294695317745209, -0.016458630561828613, -0.021795867010951042, -0.0025665981229394674, 133383.796875, 153403.84375, 86050.234375, 131887.15625, 142152.0, 102630.4765625, 0.0, 0.0, 0.0, 0.0, 0.0, 0.0, 0.0, 0.0, 1.0, 0.5478733777999878, 0.0, 0.0, 0.0
22972, -0.0275031216442585, -0.01087132003158331, 0.3292286694049835, -0.018201900646090508, -0.021408438682556152, -0.003446253016591072, 133377.046875, 153405.71875, 86052.9375, 131891.0625, 142149.734375, 102635.9140625, 0.0, 0.0, 0.0, 0.0, 0.0, 0.0, 0.0, 0.0, 1.0, 0.5437873601913452, 0.0, 0.0, 0.0
22992, -0.027859879657626152, -0.011286629363894463, 0.3291570246219635, -0.01743973419070244, -0.02005930431187153, -0.0032527432776987553, 133379.90625, 153401.953125, 86051.046875, 131895.546875, 142147.453125, 102632.5390625, 0.0, 0.0, 0.0, 0.0, 0.0, 0.0, 0.0, 0.0, 1.0, 0.5365204215049744, 0.0, 0.0, 0.0
23012, -0.028209051117300987, -0.011678950861096382, 0.32862505316734314, -0.017084233462810516, -0.018624240532517433, -0.007315841503441334, 133378.703125, 153392.75, 86051.3203125, 131891.0625, 142153.78125, 102627.1015625, 0.0, 0.0, 0.0, 0.0, 0.0, 0.0, 0.0, 0.0, 1.0, 0.544701874256134, 0.0, 0.0, 0.0
23032, -0.02823576144874096, -0.014216616749763489, 0.32849130034446716, -0.01634514518082142, -0.021596472710371017, -0.00550957303494215, 133387.703125, 153401.53125, 86047.2578125, 131883.828125, 142151.515625, 102635.1640625, 0.0, 0.0, 0.0, 0.0, 0.0, 0.0, 0.0, 0.0, 1.0, 0.5673030018806458, 0.0, 0.0, 0.0
23052, -0.029321972280740738, -0.014126292429864407, 0.32902729511260986, -0.017928268760442734, -0.018924860283732414, -0.0011606452753767371, 133383.203125, 153404.265625, 86042.65625, 131883.25, 142149.734375, 102628.4140625, 0.0, 0.0, 0.0, 0.0, 0.0, 0.0, 0.0, 0.0, 1.0, 0.5909672379493713, 0.0, 0.0, 0.0
23072, -0.030773337930440903, -0.01449147891253233, 0.32903265953063965, -0.02045566588640213, -0.01702471636235714, 0.0002068855392280966, 133380.953125, 153394.625, 86050.234375, 131883.828125, 142156.0625, 102634.6015625, 0.0, 0.0, 0.0, 0.0, 0.0, 0.0, 0.0, 0.0, 1.0, 0.6075366735458374, 0.0, 0.0, 0.0
23092, -0.0323205292224884, -0.015656346455216408, 0.3278910219669342, -0.022927695885300636, -0.016726968809962273, -0.005304448772221804, 133385.453125, 153399.234375, 86037.7890625, 131885.484375, 142158.328125, 102634.6015625, 0.0, 0.0, 0.0, 0.0, 0.0, 0.0, 0.0, 0.0, 1.0, 0.6042539477348328, 0.0, 0.0, 0.0
23112, -0.03253765031695366, -0.01516555156558752, 0.3277975916862488, -0.022736093029379845, -0.01296082790941, -0.0036021110136061907, 133388.3125, 153401.953125, 86046.4453125, 131884.90625, 142152.5, 102639.4765625, 0.0, 0.0, 0.0, 0.0, 0.0, 0.0, 0.0, 0.0, 1.0, 0.6041938066482544, 0.0, 0.0, 0.0
23132, -0.03459338843822479, -0.017403895035386086, 0.3277246952056885, -0.026005389168858528, -0.0146649070084095, -0.0026524269487708807, 133389.953125, 153401.953125, 86041.84375, 131887.15625, 142155.0625, 102622.9765625, 0.0, 0.0, 0.0, 0.0, 0.0, 0.0, 0.0, 0.0, 1.0, 0.6033833622932434, 0.0, 0.0, 0.0
23152, -0.03561857342720032, -0.017580462619662285, 0.32945287227630615, -0.027289211750030518, -0.012418723665177822, 0.007935898378491402, 133385.453125, 153405.71875, 86036.9765625, 131887.734375, 142156.5625, 102631.2265625, 0.0, 0.0, 0.0, 0.0, 0.0, 0.0, 0.0, 0.0, 1.0, 0.5874777436256409, 0.0, 0.0, 0.0
23172, -0.03695068135857582, -0.01869950257241726, 0.329599529504776, -0.02910427749156952, -0.012357514351606369, 0.006445691455155611, 133383.203125, 153397.34375, 86055.109375, 131887.734375, 142150.234375, 102636.6640625, 0.0, 0.0, 0.0, 0.0, 0.0, 0.0, 0.0, 0.0, 1.0, 0.6021553874015808, 0.0, 0.0, 0.0
23192, -0.03753450885415077, -0.019196176901459694, 0.3302669823169708, -0.02928229235112667, -0.010910145938396454, 0.006670262198895216, 133374.796875, 153392.75, 86052.9375, 131887.15625, 142153.78125, 102636.6640625, 0.0, 0.0, 0.0, 0.0, 0.0, 0.0, 0.0, 0.0, 1.0, 0.6226339340209961, 0.0, 0.0, 0.0
23212, -0.03904930502176285, -0.019390445202589035, 0.33040210604667664, -0.03121701441705227, -0.009141605347394943, 0.006325618829578161, 133383.203125, 153401.53125, 86057.8125, 131897.203125, 142156.5625, 102635.3515625, 0.0, 0.0, 0.0, 0.0, 0.0, 0.0, 0.0, 0.0, 1.0, 0.6159623265266418, 0.0, 0.0, 0.0
23232, -0.0410320870578289, -0.020370056852698326, 0.3307531774044037, -0.03401137515902519, -0.0092161251232028, 0.008055890910327435, 133382.59375, 153403.84375, 86057.8125, 131887.15625, 142153.78125, 102627.8515625, 0.0, 0.0, 0.0, 0.0, 0.0, 0.0, 0.0, 0.0, 1.0, 0.6270396113395691, 0.0, 0.0, 0.0
23252, -0.04117375984787941, -0.02056293934583664, 0.3308967351913452, -0.03241216018795967, -0.007629281375557184, 0.00610442366451025, 133379.296875, 153399.234375, 86062.6796875, 131887.15625, 142150.234375, 102634.6015625, 0.0, 0.0, 0.0, 0.0, 0.0, 0.0, 0.0, 0.0, 1.0, 0.6442505717277527, 0.0, 0.0, 0.0
23272, -0.042180925607681274, -0.020985497161746025, 0.3310089707374573, -0.032279279083013535, -0.006781821139156818, 0.004442279227077961, 133391.609375, 153403.84375, 86053.2109375, 131882.65625, 142149.234375, 102637.4140625, 0.0, 0.0, 0.0, 0.0, 0.0, 0.0, 0.0, 0.0, 1.0, 0.6320891380310059, 0.0, 0.0, 0.0
23292, -0.04411359503865242, -0.020716926082968712, 0.3310803472995758, -0.03394629806280136, -0.004685744643211365, 0.0029764394275844097, 133383.796875, 153401.953125, 86047.2578125, 131894.46875, 142163.875, 102632.5390625, 0.0, 0.0, 0.0, 0.0, 0.0, 0.0, 0.0, 0.0, 1.0, 0.6544660329818726, 0.0, 0.0, 0.0
23312, -0.04502897337079048, -0.020490746945142746, 0.3294880986213684, -0.03292407467961311, -0.002717818832024932, -0.007770763710141182, 133378.703125, 153416.390625, 86047.2578125, 131883.25, 142161.890625, 102641.5390625, 0.0, 0.0, 0.0, 0.0, 0.0, 0.0, 0.0, 0.0, 1.0, 0.638453483581543, 0.0, 0.0, 0.0
23332, -0.04566943645477295, -0.02053031697869301, 0.32932278513908386, -0.031162019819021225, -0.00127022888045758, -0.009648558683693409, 133387.09375, 153403.40625, 86044.5546875, 131885.484375, 142153.78125, 102637.9765625, 0.0, 0.0, 0.0, 0.0, 0.0, 0.0, 0.0, 0.0, 1.0, 0.6238628029823303, 0.0, 0.0, 0.0
23352, -0.04835972189903259, -0.021622292697429657, 0.32911163568496704, -0.03387634456157684, -0.0024050443898886442, -0.011387131176888943, 133371.9375, 153403.84375, 86052.9375, 131889.96875, 142147.953125, 102636.6640625, 0.0, 0.0, 0.0, 0.0, 0.0, 0.0, 0.0, 0.0, 1.0, 0.6162884831428528, 0.0, 0.0, 0.0
23372, -0.04787880927324295, -0.020712867379188538, 0.3292698860168457, -0.02960050292313099, 0.0009201744105666876, -0.00916673056781292, 133383.203125, 153403.84375, 86047.53125, 131893.875, 142154.28125, 102630.4765625, 0.0, 0.0, 0.0, 0.0, 0.0, 0.0, 0.0, 0.0, 1.0, 0.622218132019043, 0.0, 0.0, 0.0
23392, -0.04897274076938629, -0.020991988480091095, 0.32907891273498535, -0.028520848602056503, 0.0018640041816979647, -0.010032838210463524, 133372.546875, 153405.71875, 86054.0234375, 131890.5625, 142154.28125, 102633.2890625, 0.0, 0.0, 0.0, 0.0, 0.0, 0.0, 0.0, 0.0, 1.0, 0.6109210848808289, 0.0, 0.0, 0.0
23412, -0.050689730793237686, -0.021305130794644356, 0.3288100063800812, -0.028949163854122162, 0.002200648421421647, -0.011993675492703915, 133374.796875, 153408.015625, 86055.9140625, 131881.0, 142151.515625, 102633.8515625, 0.0, 0.0, 0.0, 0.0, 0.0, 0.0, 0.0, 0.0, 1.0, 0.5899903178215027, 0.0, 0.0, 0.0
23432, -0.05161924287676811, -0.022652918472886086, 0.32857435941696167, -0.027748122811317444, 6.373762153089046e-05, -0.010738853365182877, 133377.65625, 153399.65625, 86051.046875, 131886.0625, 142154.28125, 102635.3515625, 0.0, 0.0, 0.0, 0.0, 0.0, 0.0, 0.0, 0.0, 1.0, 0.5850479602813721, 0.0, 0.0, 0.0
23452, -0.052592404186725616, -0.022188663482666016, 0.3294130861759186, -0.026909183710813522, 0.0019233588827773929, -0.004172027576714754, 133387.09375, 153401.953125, 86050.234375, 131892.71875, 142161.109375, 102639.4765625, 0.0, 0.0, 0.0, 0.0, 0.0, 0.0, 0.0, 0.0, 1.0, 0.579917311668396, 0.0, 0.0, 0.0
23472, -0.055500224232673645, -0.022875908762216568, 0.3293314278125763, -0.03044973500072956, 0.0010121478699147701, -0.004575391765683889, 133388.3125, 153395.046875, 86037.7890625, 131885.484375, 142147.953125, 102633.2890625, 0.0, 0.0, 0.0, 0.0, 0.0, 0.0, 0.0, 0.0, 1.0, 0.550166130065918, 0.0, 0.0, 0.0
23492, -0.056098081171512604, -0.02285616844892502, 0.32872381806373596, -0.028988320380449295, 0.0014358183834701777, -0.007564557250589132, 133374.1875, 153405.71875, 86044.5546875, 131888.3125, 142153.78125, 102635.3515625, 0.0, 0.0, 0.0, 0.0, 0.0, 0.0, 0.0, 0.0, 1.0, 0.5357646942138672, 0.0, 0.0, 0.0
23512, -0.056660622358322144, -0.022823041304945946, 0.328601598739624, -0.02720794267952442, 0.0019000396132469177, -0.005812040064483881, 133387.703125, 153393.171875, 86041.84375, 131886.5625, 142152.5, 102633.8515625, 0.0, 0.0, 0.0, 0.0, 0.0, 0.0, 0.0, 0.0, 1.0, 0.5318113565444946, 0.0, 0.0, 0.0
23532, -0.057928863912820816, -0.02313297614455223, 0.32868367433547974, -0.027134496718645096, 0.0013987956335768104, -0.0031037903390824795, 133385.453125, 153406.5625, 86041.578125, 131889.390625, 142152.5, 102635.3515625, 0.0, 0.0, 0.0, 0.0, 0.0, 0.0, 0.0, 0.0, 1.0, 0.5118743181228638, 0.0, 0.0, 0.0
23552, -0.06000848859548569, -0.023287340998649597, 0.3286123275756836, -0.028983265161514282, 0.0011073219357058406, -0.002976031042635441, 133385.453125, 153409.890625, 86034.8125, 131892.21875, 142145.1875, 102631.9765625, 0.0, 0.0, 0.0, 0.0, 0.0, 0.0, 0.0, 0.0, 1.0, 0.5090380311012268, 0.0, 0.0, 0.0
23572, -0.06170610338449478, -0.024836672469973564, 0.3283269703388214, -0.02975715883076191, -0.0020609050989151, -0.004063190892338753, 133383.203125, 153406.140625, 86040.765625, 131891.640625, 142156.5625, 102636.6640625, 0.0, 0.0, 0.0, 0.0, 0.0, 0.0, 0.0, 0.0, 1.0, 0.5266960859298706, 0.0, 0.0, 0.0
23592, -0.06366240233182907, -0.026798438280820847, 0.3282182812690735, -0.031188711524009705, -0.006075556389987469, -0.005933299660682678, 133374.796875, 153405.71875, 86043.46875, 131894.46875, 142152.0, 102636.6640625, 0.0, 0.0, 0.0, 0.0, 0.0, 0.0, 0.0, 0.0, 1.0, 0.5286539793014526, 0.0, 0.0, 0.0
23612, -0.06442127376794815, -0.02779719978570938, 0.32810428738594055, -0.029451530426740646, -0.007559596560895443, -0.005982299335300922, 133383.796875, 153401.953125, 86037.7890625, 131889.390625, 142149.734375, 102638.7265625, 0.0, 0.0, 0.0, 0.0, 0.0, 0.0, 0.0, 0.0, 1.0, 0.5344388484954834, 0.0, 0.0, 0.0
23632, -0.06601817160844803, -0.027968578040599823, 0.3283647298812866, -0.02960188128054142, -0.007106040138751268, -0.005509595852345228, 133380.953125, 153406.140625, 86047.2578125, 131893.875, 142160.609375, 102634.0390625, 0.0, 0.0, 0.0, 0.0, 0.0, 0.0, 0.0, 0.0, 1.0, 0.5192154049873352, 0.0, 0.0, 0.0
23652, -0.06624899804592133, -0.027009092271327972, 0.3282429575920105, -0.026648489758372307, -0.0041023679077625275, -0.00747073907405138, 133378.703125, 153399.65625, 86046.4453125, 131886.5625, 142154.28125, 102636.6640625, 0.0, 0.0, 0.0, 0.0, 0.0, 0.0, 0.0, 0.0, 1.0, 0.522968053817749, 0.0, 0.0, 0.0
23672, -0.06673113256692886, -0.029083281755447388, 0.32671821117401123, -0.024165213108062744, -0.00760645791888237, -0.01626281440258026, 133384.84375, 153401.53125, 86049.1484375, 131882.65625, 142154.28125, 102636.6640625, 0.0, 0.0, 0.0, 0.0, 0.0, 0.0, 0.0, 0.0, 1.0, 0.5232605934143066, 0.0, 0.0, 0.0
23692, -0.0675748884677887, -0.029354451224207878, 0.32639265060424805, -0.022964708507061005, -0.007339549250900745, -0.01549287885427475, 133383.796875, 153403.84375, 86045.359375, 131885.484375, 142153.78125, 102634.0390625, 0.0, 0.0, 0.0, 0.0, 0.0, 0.0, 0.0, 0.0, 1.0, 0.5024164915084839, 0.0, 0.0, 0.0
23712, -0.06801579892635345, -0.02949737384915352, 0.32599344849586487, -0.02094973251223564, -0.006791310850530863, -0.013817545026540756, 133386.65625, 153402.375, 86044.5546875, 131884.90625, 142153.78125, 102634.6015625, 0.0, 0.0, 0.0, 0.0, 0.0, 0.0, 0.0, 0.0, 1.0, 0.5076128244400024, 0.0, 0.0, 0.0
23732, -0.06946884840726852, -0.029803913086652756, 0.325716495513916, -0.021508539095520973, -0.006320069078356028, -0.012267278507351875, 133374.1875, 153410.328125, 86046.4453125, 131890.5625, 142156.5625, 102635.3515625, 0.0, 0.0, 0.0, 0.0, 0.0, 0.0, 0.0, 0.0, 1.0, 0.49608153104782104, 0.0, 0.0, 0.0
23752, -0.06912790238857269, -0.03137292340397835, 0.32522833347320557, -0.01786118559539318, -0.00870595034211874, -0.013645422644913197, 133384.84375, 153396.921875, 86025.609375, 131887.734375, 142160.609375, 102633.2890625, 0.0, 0.0, 0.0, 0.0, 0.0, 0.0, 0.0, 0.0, 1.0, 0.5004470348358154, 0.0, 0.0, 0.0
23772, -0.07042622566223145, -0.032005321234464645, 0.32498034834861755, -0.01771569438278675, -0.008953673765063286, -0.011877819895744324, 133371.9375, 153400.078125, 86028.046875, 131892.21875, 142158.828125, 102646.2265625, 0.0, 0.0, 0.0, 0.0, 0.0, 0.0, 0.0, 0.0, 1.0, 0.4953383207321167, 0.0, 0.0, 0.0
23792, -0.07083263993263245, -0.03298918902873993, 0.32559913396835327, -0.015277119353413582, -0.009618284180760384, -0.007975745014846325, 133387.09375, 153401.109375, 86035.0859375, 131900.609375, 142147.953125, 102642.1015625, 0.0, 0.0, 0.0, 0.0, 0.0, 0.0, 0.0, 0.0, 1.0, 0.47572311758995056, 0.0, 0.0, 0.0
23812, -0.07105135172605515, -0.032445959746837616, 0.3254775404930115, -0.012539236806333065, -0.007237222511321306, -0.004246868193149567, 133370.890625, 153401.53125, 86030.2109375, 131891.0625, 142150.234375, 102636.1015625, 0.0, 0.0, 0.0, 0.0, 0.0, 0.0, 0.0, 0.0, 1.0, 0.45076701045036316, 0.0, 0.0, 0.0
23832, -0.07113643735647202, -0.031521834433078766, 0.3248860538005829, -0.010059270076453686, -0.004147019702941179, -0.0009547451045364141, 133366.390625, 153404.265625, 86039.6796875, 131894.46875, 142160.609375, 102634.0390625, 0.0, 0.0, 0.0, 0.0, 0.0, 0.0, 0.0, 0.0, 1.0, 0.45040926337242126, 0.0, 0.0, 0.0
23852, -0.07182714343070984, -0.033063024282455444, 0.3249152600765228, -0.009483829140663147, -0.006359112448990345, 0.004551283549517393, 133381.546875, 153403.84375, 86041.578125, 131889.96875, 142156.5625, 102638.7265625, 0.0, 0.0, 0.0, 0.0, 0.0, 0.0, 0.0, 0.0, 1.0, 0.4368974566459656, 0.0, 0.0, 0.0
23872, -0.07211007922887802, -0.034117527306079865, 0.32581114768981934, -0.008233731612563133, -0.007327713072299957, 0.014224056154489517, 133379.296875, 153401.953125, 86042.65625, 131879.34375, 142161.109375, 102636.6640625, 0.0, 0.0, 0.0, 0.0, 0.0, 0.0, 0.0, 0.0, 1.0, 0.4141526222229004, 0.0, 0.0, 0.0
23892, -0.07226047664880753, -0.03425322100520134, 0.3261485993862152, -0.00685541145503521, -0.006234627217054367, 0.020532814785838127, 133375.40625, 153408.4375, 86043.46875, 131884.90625, 142150.234375, 102632.5390625, 0.0, 0.0, 0.0, 0.0, 0.0, 0.0, 0.0, 0.0, 1.0, 0.39773672819137573, 0.0, 0.0, 0.0
23912, -0.0711105465888977, -0.03426770120859146, 0.3266187608242035, -0.0028445411007851362, -0.0050761024467647076, 0.025400495156645775, 133372.546875, 153404.265625, 86040.4921875, 131887.15625, 142154.28125, 102638.7265625, 0.0, 0.0, 0.0, 0.0, 0.0, 0.0, 0.0, 0.0, 1.0, 0.3705143630504608, 0.0, 0.0, 0.0
23932, -0.07117781788110733, -0.03437596932053566, 0.32520365715026855, -0.0016771708615124226, -0.004294549115002155, 0.017676416784524918, 133379.296875, 153401.953125, 86036.1640625, 131891.640625, 142153.0, 102632.5390625, 0.0, 0.0, 0.0, 0.0, 0.0, 0.0, 0.0, 0.0, 1.0, 0.3409916162490845, 0.0, 0.0, 0.0
23952, -0.07036342471837997, -0.034510474652051926, 0.3255852162837982, 0.0010816241847351193, -0.0033525980543345213, 0.0190015509724617, 133378.09375, 153404.6875, 86036.703125, 131893.296875, 142154.28125, 102637.4140625, 0.0, 0.0, 0.0, 0.0, 0.0, 0.0, 0.0, 0.0, 1.0, 0.29371142387390137, 0.0, 0.0, 0.0
23972, -0.0704452320933342, -0.034634027630090714, 0.32649093866348267, 0.0015852829674258828, -0.002598946448415518, 0.022145215421915054, 133383.796875, 153400.078125, 86045.6328125, 131889.96875, 142153.28125, 102634.6015625, 0.0, 0.0, 0.0, 0.0, 0.0, 0.0, 0.0, 0.0, 1.0, 0.2410770058631897, 0.0, 0.0, 0.0
23992, -0.07066772878170013, -0.035279881209135056, 0.326935350894928, 0.0012495201081037521, -0.0030943688470870256, 0.02207903377711773, 133383.203125, 153398.203125, 86034.8125, 131887.15625, 142154.78125, 102637.9765625, 0.0, 0.0, 0.0, 0.0, 0.0, 0.0, 0.0, 0.0, 1.0, 0.21101577579975128, 0.0, 0.0, 0.0
24012, -0.07064039260149002, -0.035330142825841904, 0.3281066119670868, 0.0009597441530786455, -0.0024182226043194532, 0.024326259270310402, 133374.796875, 153401.53125, 86031.0234375, 131889.96875, 142152.0, 102627.8515625, 0.0, 0.0, 0.0, 0.0, 0.0, 0.0, 0.0, 0.0, 1.0, 0.17312781512737274, 0.0, 0.0, 0.0
24032, -0.0710940882563591, -0.03632745146751404, 0.3285490870475769, -0.0005687945522367954, -0.0037687597796320915, 0.02019907720386982, 133374.796875, 153401.53125, 86037.7890625, 131892.21875, 142149.734375, 102639.4765625, 0.0, 0.0, 0.0, 0.0, 0.0, 0.0, 0.0, 0.0, 1.0, 0.14932873845100403, 0.0, 0.0, 0.0
24052, -0.07110767066478729, -0.03638627752661705, 0.33023443818092346, -0.0014142036670818925, -0.0029659164138138294, 0.026140399277210236, 133380.953125, 153397.34375, 86023.4453125, 131887.734375, 142154.78125, 102630.6640625, 0.0, 0.0, 0.0, 0.0, 0.0, 0.0, 0.0, 0.0, 1.0, 0.14429116249084473, 0.0, 0.0, 0.0
24072, -0.07114308327436447, -0.03643668070435524, 0.3307597041130066, -0.0021847952157258987, -0.0021165215875953436, 0.025798946619033813, 133379.296875, 153403.84375, 86026.421875, 131887.734375, 142154.78125, 102638.1640625, 0.0, 0.0, 0.0, 0.0, 0.0, 0.0, 0.0, 0.0, 1.0, 0.13872003555297852, 0.0, 0.0, 0.0
24092, -0.07119304686784744, -0.03647112101316452, 0.331134557723999, -0.002777629066258669, -0.0013084369711577892, 0.017551258206367493, 133378.703125, 153412.625, 86020.46875, 131885.484375, 142161.609375, 102638.7265625, 0.0, 0.0, 0.0, 0.0, 0.0, 0.0, 0.0, 0.0, 1.0, 0.10933557152748108, 0.0, 0.0, 0.0
24112, -0.07129564136266708, -0.03801458701491356, 0.3314303159713745, -0.003512314287945628, -0.003947379998862743, 0.012615431100130081, 133376.4375, 153404.265625, 86022.3671875, 131889.96875, 142147.953125, 102635.3515625, 0.0, 0.0, 0.0, 0.0, 0.0, 0.0, 0.0, 0.0, 1.0, 0.12554600834846497, 0.0, 0.0, 0.0
24132, -0.07137167453765869, -0.038086552172899246, 0.3316427171230316, -0.0040399725548923016, -0.003199690720066428, 0.00729362852871418, 133383.796875, 153408.4375, 86038.8671875, 131885.484375, 142156.5625, 102631.7890625, 0.0, 0.0, 0.0, 0.0, 0.0, 0.0, 0.0, 0.0, 1.0, 0.09956733882427216, 0.0, 0.0, 0.0
24152, -0.07145968824625015, -0.03814064338803291, 0.3318772614002228, -0.0047761970199644566, -0.002278160071000457, 0.0030980303417891264, 133381.546875, 153406.140625, 86033.1875, 131886.0625, 142145.1875, 102632.5390625, 0.0, 0.0, 0.0, 0.0, 0.0, 0.0, 0.0, 0.0, 1.0, 0.07758568227291107, 0.0, 0.0, 0.0
24172, -0.07156528532505035, -0.0381782129406929, 0.33188343048095703, -0.005838416982442141, -0.001521347090601921, -0.001303232740610838, 133381.546875, 153408.875, 86019.9296875, 131894.46875, 142156.5625, 102632.5390625, 0.0, 0.0, 0.0, 0.0, 0.0, 0.0, 0.0, 0.0, 1.0, 0.0515265092253685, 0.0, 0.0, 0.0
24192, -0.07169466465711594, -0.03819380700588226, 0.3326922655105591, -0.007163714617490768, -0.0006571136764250696, 0.00017918128287419677, 133376.0, 153400.078125, 86022.3671875, 131891.640625, 142152.0, 102641.5390625, 0.0, 0.0, 0.0, 0.0, 0.0, 0.0, 0.0, 0.0, 1.0, 0.053717534989118576, 0.0, 0.0, 0.0
24212, -0.07100669294595718, -0.03966572508215904, 0.33267447352409363, -0.006929243449121714, -0.0026828248519450426, -0.001945305848494172, 133372.546875, 153406.140625, 86025.609375, 131886.5625, 142152.5, 102641.5390625, 0.0, 0.0, 0.0, 0.0, 0.0, 0.0, 0.0, 0.0, 1.0, 0.03700106590986252, 0.0, 0.0, 0.0
24232, -0.0711686909198761, -0.0397106371819973, 0.33275488018989563, -0.00843010749667883, -0.0017187345074489713, -0.004591254983097315, 133377.046875, 153410.75, 86012.0859375, 131889.96875, 142152.5, 102640.0390625, 0.0, 0.0, 0.0, 0.0, 0.0, 0.0, 0.0, 0.0, 1.0, 0.016063479706645012, 0.0, 0.0, 0.0
24252, -0.07134807854890823, -0.03973535820841789, 0.3326447904109955, -0.009569287300109863, -0.0008190003572963178, -0.007751177996397018, 133372.546875, 153401.953125, 86030.2109375, 131898.953125, 142150.234375, 102637.4140625, 0.0, 0.0, 0.0, 0.0, 0.0, 0.0, 0.0, 0.0, 1.0, 0.0071131037548184395, 0.0, 0.0, 0.0
24272, -0.0736401230096817, -0.040489595383405685, 0.3318288326263428, -0.015164155513048172, -0.001642051269300282, -0.015017743222415447, 133382.15625, 153398.203125, 86018.0390625, 131881.0, 142147.953125, 102640.2265625, 0.0, 0.0, 0.0, 0.0, 0.0, 0.0, 0.0, 0.0, 1.0, -0.003178782993927598, 0.0, 0.0, 0.0
24292, -0.07395924627780914, -0.040517546236515045, 0.3315187096595764, -0.01670026034116745, -0.0011309999972581863, -0.016082199290394783, 133375.40625, 153406.984375, 86025.34375, 131891.640625, 142157.0625, 102636.6640625, 0.0, 0.0, 0.0, 0.0, 0.0, 0.0, 0.0, 0.0, 1.0, -0.02324875444173813, 0.0, 0.0, 0.0
24312, -0.07513143122196198, -0.03981160372495651, 0.3298649787902832, -0.01992674358189106, 0.0008786063990555704, -0.0235943254083395, 133370.296875, 153401.953125, 86020.7421875, 131887.734375, 142154.28125, 102633.2890625, 0.0, 0.0, 0.0, 0.0, 0.0, 0.0, 0.0, 0.0, 1.0, -0.027245668694376945, 0.0, 0.0, 0.0
24332, -0.07724373787641525, -0.041628532111644745, 0.32937103509902954, -0.0247386172413826, -0.002240557922050357, -0.025449708104133606, 133370.890625, 153408.4375, 86026.1484375, 131889.96875, 142150.234375, 102640.7890625, 0.0, 0.0, 0.0, 0.0, 0.0, 0.0, 0.0, 0.0, 1.0, -0.0539860725402832, 0.0, 0.0, 0.0
24352, -0.07755701243877411, -0.04185684025287628, 0.32801058888435364, -0.025351038202643394, -0.0025174550246447325, -0.03179014474153519, 133377.046875, 153408.875, 86015.0625, 131885.484375, 142152.0, 102639.4765625, 0.0, 0.0, 0.0, 0.0, 0.0, 0.0, 0.0, 0.0, 1.0, -0.05388388782739639, 0.0, 0.0, 0.0
24372, -0.08289777487516403, -0.042562372982501984, 0.3273635804653168, -0.03539282828569412, -0.0038140651304274797, -0.033298227936029434, 133377.65625, 153397.34375, 86013.1640625, 131896.125, 142152.0, 102634.6015625, 0.0, 0.0, 0.0, 0.0, 0.0, 0.0, 0.0, 0.0, 1.0, -0.05612774193286896, 0.0, 0.0, 0.0
24392, -0.08860884606838226, -0.04325532913208008, 0.326728880405426, -0.04497852176427841, -0.005082197021692991, -0.029670504853129387, 133373.140625, 153408.875, 86017.765625, 131894.46875, 142153.0, 102637.9765625, 0.0, 0.0, 0.0, 0.0, 0.0, 0.0, 0.0, 0.0, 1.0, -0.0458347424864769, 0.0, 0.0, 0.0
24412, -0.09140094369649887, -0.04359135776758194, 0.32675766944885254, -0.04826577752828598, -0.005712998099625111, -0.022134503349661827, 133384.40625, 153406.140625, 86010.1875, 131889.390625, 142154.28125, 102637.4140625, 0.0, 0.0, 0.0, 0.0, 0.0, 0.0, 0.0, 0.0, 1.0, -0.05198604613542557, 0.0, 0.0, 0.0
24432, -0.09806296974420547, -0.044713083654642105, 0.3263474106788635, -0.05831284448504448, -0.008048268035054207, -0.01848696731030941, 133374.796875, 153404.6875, 86018.8515625, 131896.703125, 142159.328125, 102636.1015625, 0.0, 0.0, 0.0, 0.0, 0.0, 0.0, 0.0, 0.0, 1.0, -0.06585416197776794, 0.0, 0.0, 0.0
24452, -0.09820817410945892, -0.04546240717172623, 0.326711505651474, -0.055184099823236465, -0.009746839292347431, -0.011335069313645363, 133375.40625, 153408.875, 86018.0390625, 131889.96875, 142156.5625, 102642.8515625, 0.0, 0.0, 0.0, 0.0, 0.0, 0.0, 0.0, 0.0, 1.0, -0.053516775369644165, 0.0, 0.0, 0.0
24472, -0.09827392548322678, -0.04549836367368698, 0.3265124261379242, -0.0515102744102478, -0.009952411986887455, -0.008186845108866692, 133370.890625, 153406.140625, 86028.3203125, 131883.25, 142154.28125, 102638.7265625, 0.0, 0.0, 0.0, 0.0, 0.0, 0.0, 0.0, 0.0, 1.0, -0.0504477359354496, 0.0, 0.0, 0.0
24492, -0.10073196887969971, -0.04755191132426262, 0.3248901963233948, -0.0516783744096756, -0.013950185850262642, -0.01597343012690544, 133368.046875, 153413.046875, 86029.3984375, 131886.65625, 142159.609375, 102641.5390625, 0.0, 0.0, 0.0, 0.0, 0.0, 0.0, 0.0, 0.0, 1.0, -0.03311947360634804, 0.0, 0.0, 0.0
24512, -0.1011035218834877, -0.04696942865848541, 0.32454216480255127, -0.04751283675432205, -0.012824795208871365, -0.018431134521961212, 133379.296875, 153401.53125, 86014.25, 131895.546875, 142154.78125, 102636.859375, 0.0, 0.0, 0.0, 0.0, 0.0, 0.0, 0.0, 0.0, 1.0, -0.022036593407392502, 0.0, 0.0, 0.0
24532, -0.10380513221025467, -0.04602275416254997, 0.3244255483150482, -0.047362152487039566, -0.01108353678137064, -0.017581159248948097, 133374.796875, 153402.375, 86019.65625, 131891.0625, 142155.28125, 102636.6640625, 0.0, 0.0, 0.0, 0.0, 0.0, 0.0, 0.0, 0.0, 1.0, -0.005849959794431925, 0.0, 0.0, 0.0
24552, -0.10689696669578552, -0.049177173525094986, 0.3240571618080139, -0.04797928035259247, -0.017055794596672058, -0.019815104082226753, 133372.546875, 153415.78125, 86009.3828125, 131886.65625, 142159.328125, 102637.9765625, 0.0, 0.0, 0.0, 0.0, 0.0, 0.0, 0.0, 0.0, 1.0, 0.015995323657989502, 0.0, 0.0, 0.0
24572, -0.10894472151994705, -0.05039078742265701, 0.322939932346344, -0.04631607234477997, -0.018911907449364662, -0.02271496132016182, 133378.703125, 153408.4375, 86012.359375, 131889.96875, 142153.0, 102637.9765625, 0.0, 0.0, 0.0, 0.0, 0.0, 0.0, 0.0, 0.0, 1.0, 0.0155637226998806, 0.0, 0.0, 0.0
24592, -0.11135739088058472, -0.051473673433065414, 0.3224792182445526, -0.04553209990262985, -0.020497974008321762, -0.02365759201347828, 133374.796875, 153411.171875, 86024.53125, 131882.65625, 142156.0625, 102637.4140625, 0.0, 0.0, 0.0, 0.0, 0.0, 0.0, 0.0, 0.0, 1.0, 0.01133749820291996, 0.0, 0.0, 0.0
24612, -0.11225473880767822, -0.05190629884600639, 0.3230494260787964, -0.04140113666653633, -0.020590797066688538, -0.019312061369419098, 133383.796875, 153409.296875, 86022.6328125, 131886.0625, 142158.328125, 102640.7890625, 0.0, 0.0, 0.0, 0.0, 0.0, 0.0, 0.0, 0.0, 1.0, 0.010625932365655899, 0.0, 0.0, 0.0
24632, -0.1134650781750679, -0.05290354788303375, 0.3226590156555176, -0.038005005568265915, -0.021445665508508682, -0.018396928906440735, 133382.15625, 153404.6875, 86021.5546875, 131892.21875, 142157.0625, 102631.9765625, 0.0, 0.0, 0.0, 0.0, 0.0, 0.0, 0.0, 0.0, 1.0, 0.013249393552541733, 0.0, 0.0, 0.0
24652, -0.12020612508058548, -0.053136035799980164, 0.3223157525062561, -0.04516015946865082, -0.020576033741235733, -0.01577380858361721, 133379.296875, 153409.296875, 86021.828125, 131886.0625, 142154.78125, 102635.3515625, 0.0, 0.0, 0.0, 0.0, 0.0, 0.0, 0.0, 0.0, 1.0, 0.02902207337319851, 0.0, 0.0, 0.0
24672, -0.12185487151145935, -0.055566102266311646, 0.3218913972377777, -0.042288415133953094, -0.023809008300304413, -0.013180803507566452, 133381.546875, 153399.65625, 86026.1484375, 131896.703125, 142152.5, 102643.6015625, 0.0, 0.0, 0.0, 0.0, 0.0, 0.0, 0.0, 0.0, 1.0, 0.04411958530545235, 0.0, 0.0, 0.0
24692, -0.12090715765953064, -0.05645522102713585, 0.3216497004032135, -0.03445814922451973, -0.02359938435256481, -0.011869264766573906, 133386.65625, 153401.53125, 86026.421875, 131898.953125, 142157.0625, 102637.4140625, 0.0, 0.0, 0.0, 0.0, 0.0, 0.0, 0.0, 0.0, 1.0, 0.07035237550735474, 0.0, 0.0, 0.0
24712, -0.12169340252876282, -0.05835499241948128, 0.32239633798599243, -0.030217066407203674, -0.02520572580397129, -0.007961291819810867, 133380.953125, 153413.046875, 86013.9765625, 131892.21875, 142158.328125, 102642.8515625, 0.0, 0.0, 0.0, 0.0, 0.0, 0.0, 0.0, 0.0, 1.0, 0.08514745533466339, 0.0, 0.0, 0.0
24732, -0.12122096866369247, -0.058770108968019485, 0.322231262922287, -0.02368904836475849, -0.02362508326768875, -0.008501538075506687, 133370.890625, 153408.4375, 86016.953125, 131889.390625, 142153.78125, 102646.2265625, 0.0, 0.0, 0.0, 0.0, 0.0, 0.0, 0.0, 0.0, 1.0, 0.07770776748657227, 0.0, 0.0, 0.0
24752, -0.12163970619440079, -0.059224072843790054, 0.3223757743835449, -0.018930690363049507, -0.02177252620458603, -0.007657886482775211, 133379.90625, 153406.140625, 86018.8515625, 131887.734375, 142153.0, 102641.5390625, 0.0, 0.0, 0.0, 0.0, 0.0, 0.0, 0.0, 0.0, 1.0, 0.04568985849618912, 0.0, 0.0, 0.0
24772, -0.12197492271661758, -0.05964373052120209, 0.3221914768218994, -0.01465623453259468, -0.020220132544636726, -0.01020986121147871, 133377.046875, 153406.984375, 86023.4453125, 131893.875, 142154.78125, 102643.6015625, 0.0, 0.0, 0.0, 0.0, 0.0, 0.0, 0.0, 0.0, 1.0, 0.0246144849807024, 0.0, 0.0, 0.0
24792, -0.12219315767288208, -0.06002842262387276, 0.323205828666687, -0.010661051608622074, -0.018763845786452293, -0.003664840944111347, 133373.75, 153401.953125, 86022.6328125, 131891.0625, 142152.5, 102644.9140625, 0.0, 0.0, 0.0, 0.0, 0.0, 0.0, 0.0, 0.0, 1.0, 0.002387275220826268, 0.0, 0.0, 0.0
24812, -0.12214848399162292, -0.06106637418270111, 0.32310739159584045, -0.007012303918600082, -0.01857180893421173, -0.006597007624804974, 133377.65625, 153411.171875, 86026.421875, 131892.21875, 142161.109375, 102645.6640625, 0.0, 0.0, 0.0, 0.0, 0.0, 0.0, 0.0, 0.0, 1.0, -0.003263560589402914, 0.0, 0.0, 0.0
24832, -0.12159902602434158, -0.06242193281650543, 0.32211199402809143, -0.003202993655577302, -0.018975425511598587, -0.014400563202798367, 133375.40625, 153404.265625, 86019.65625, 131894.46875, 142157.0625, 102649.6015625, 0.0, 0.0, 0.0, 0.0, 0.0, 0.0, 0.0, 0.0, 1.0, -0.016662977635860443, 0.0, 0.0, 0.0
24852, -0.12438233196735382, -0.06446599960327148, 0.32182934880256653, -0.006269250065088272, -0.020560352131724358, -0.014130654744803905, 133383.796875, 153401.53125, 86016.140625, 131888.3125, 142152.5, 102643.6015625, 0.0, 0.0, 0.0, 0.0, 0.0, 0.0, 0.0, 0.0, 1.0, -0.0407707504928112, 0.0, 0.0, 0.0
24872, -0.12438172847032547, -0.06460726261138916, 0.3236459195613861, -0.00433132890611887, -0.018447939306497574, -0.0036867770832031965, 133384.40625, 153404.265625, 86014.7890625, 131892.21875, 142160.609375, 102636.6640625, 0.0, 0.0, 0.0, 0.0, 0.0, 0.0, 0.0, 0.0, 1.0, -0.0574868768453598, 0.0, 0.0, 0.0
24892, -0.1260583996772766, -0.06836938858032227, 0.3236028850078583, -0.006135518662631512, -0.023683032020926476, -0.0007657109526917338, 133386.0625, 153408.875, 86003.703125, 131896.703125, 142159.328125, 102641.5390625, 0.0, 0.0, 0.0, 0.0, 0.0, 0.0, 0.0, 0.0, 1.0, -0.07592028379440308, 0.0, 0.0, 0.0
24912, -0.12727726995944977, -0.06975451111793518, 0.3235912621021271, -0.007291773334145546, -0.023882823064923286, -0.0006957220030017197, 133386.0625, 153408.4375, 86017.765625, 131893.375, 142161.109375, 102645.6640625, 0.0, 0.0, 0.0, 0.0, 0.0, 0.0, 0.0, 0.0, 1.0, -0.0717201679944992, 0.0, 0.0, 0.0
24932, -0.12750288844108582, -0.07169809937477112, 0.3224276602268219, -0.006789480336010456, -0.025065524503588676, -0.0073133367113769054, 133388.3125, 153406.140625, 86013.1640625, 131898.375, 142151.515625, 102639.4765625, 0.0, 0.0, 0.0, 0.0, 0.0, 0.0, 0.0, 0.0, 1.0, -0.04844106733798981, 0.0, 0.0, 0.0
24952, -0.12763643264770508, -0.07274935394525528, 0.322285532951355, -0.006219738628715277, -0.024170152842998505, -0.006747021339833736, 133372.546875, 153413.046875, 86006.40625, 131897.28125, 142157.0625, 102639.4765625, 0.0, 0.0, 0.0, 0.0, 0.0, 0.0, 0.0, 0.0, 1.0, -0.0527353510260582, 0.0, 0.0, 0.0
24972, -0.12776674330234528, -0.07321672886610031, 0.3215946853160858, -0.005781080573797226, -0.02201615460216999, -0.011635161936283112, 133377.65625, 153406.984375, 86004.5078125, 131901.1875, 142154.78125, 102641.5390625, 0.0, 0.0, 0.0, 0.0, 0.0, 0.0, 0.0, 0.0, 1.0, -0.05552181601524353, 0.0, 0.0, 0.0
24992, -0.13008666038513184, -0.07729534804821014, 0.3213171362876892, -0.00991838052868843, -0.027403537184000015, -0.014630335383117199, 133372.546875, 153406.5625, 86004.5078125, 131896.703125, 142156.5625, 102638.1640625, 0.0, 0.0, 0.0, 0.0, 0.0, 0.0, 0.0, 0.0, 1.0, -0.07131331413984299, 0.0, 0.0, 0.0
25012, -0.13198480010032654, -0.07778201997280121, 0.32009321451187134, -0.013085488229990005, -0.025096707046031952, -0.017285320907831192, 133379.90625, 153406.5625, 86004.5078125, 131889.96875, 142147.453125, 102642.8515625, 0.0, 0.0, 0.0, 0.0, 0.0, 0.0, 0.0, 0.0, 1.0, -0.07541906833648682, 0.0, 0.0, 0.0
25032, -0.1329742819070816, -0.07953392714262009, 0.3199024200439453, -0.014674053527414799, -0.026816997677087784, -0.017166772857308388, 133386.65625, 153410.75, 85999.9140625, 131891.140625, 142154.78125, 102642.2890625, 0.0, 0.0, 0.0, 0.0, 0.0, 0.0, 0.0, 0.0, 1.0, -0.10990878194570541, 0.0, 0.0, 0.0
25052, -0.13363239169120789, -0.07996231317520142, 0.31933704018592834, -0.015232125297188759, -0.0243966206908226, -0.01757456362247467, 133384.84375, 153408.875, 86001.8046875, 131896.125, 142156.5625, 102643.6015625, 0.0, 0.0, 0.0, 0.0, 0.0, 0.0, 0.0, 0.0, 1.0, -0.12852992117404938, 0.0, 0.0, 0.0
25072, -0.13426177203655243, -0.07970785349607468, 0.31902486085891724, -0.015443473123013973, -0.02053920552134514, -0.014216134324669838, 133386.0625, 153401.53125, 86001.53125, 131892.21875, 142158.828125, 102638.7265625, 0.0, 0.0, 0.0, 0.0, 0.0, 0.0, 0.0, 0.0, 1.0, -0.14852192997932434, 0.0, 0.0, 0.0
25092, -0.13661499321460724, -0.0810001790523529, 0.3203594982624054, -0.019217628985643387, -0.020112451165914536, -0.006548420060425997, 133376.4375, 153413.46875, 86016.953125, 131900.609375, 142161.609375, 102642.8515625, 0.0, 0.0, 0.0, 0.0, 0.0, 0.0, 0.0, 0.0, 1.0, -0.16974428296089172, 0.0, 0.0, 0.0
25112, -0.13712292909622192, -0.08188728988170624, 0.32019078731536865, -0.018215032294392586, -0.017608478665351868, -0.004425841383635998, 133387.703125, 153402.375, 86007.484375, 131893.875, 142160.609375, 102635.3515625, 0.0, 0.0, 0.0, 0.0, 0.0, 0.0, 0.0, 0.0, 1.0, -0.18554022908210754, 0.0, 0.0, 0.0
25132, -0.13689033687114716, -0.0816374197602272, 0.3204420506954193, -0.016250932589173317, -0.014172781258821487, -0.0026218676939606667, 133379.296875, 153406.5625, 86005.59375, 131897.78125, 142159.328125, 102642.2890625, 0.0, 0.0, 0.0, 0.0, 0.0, 0.0, 0.0, 0.0, 1.0, -0.19333495199680328, 0.0, 0.0, 0.0
25152, -0.13983918726444244, -0.08468666672706604, 0.3204096853733063, -0.02102271281182766, -0.017965199425816536, -0.0002290512784384191, 133369.25, 153409.296875, 86013.9765625, 131895.625, 142150.234375, 102644.3515625, 0.0, 0.0, 0.0, 0.0, 0.0, 0.0, 0.0, 0.0, 1.0, -0.19809329509735107, 0.0, 0.0, 0.0
25172, -0.14062950015068054, -0.08545015752315521, 0.32041430473327637, -0.021810434758663177, -0.018276508897542953, 0.0013266793685033917, 133386.0625, 153402.375, 86012.0859375, 131901.1875, 142162.890625, 102642.2890625, 0.0, 0.0, 0.0, 0.0, 0.0, 0.0, 0.0, 0.0, 1.0, -0.2059514969587326, 0.0, 0.0, 0.0
25192, -0.14211197197437286, -0.08537380397319794, 0.31983432173728943, -0.023211272433400154, -0.015481721609830856, -0.001643554074689746, 133376.4375, 153406.984375, 86019.65625, 131901.1875, 142156.5625, 102649.0390625, 0.0, 0.0, 0.0, 0.0, 0.0, 0.0, 0.0, 0.0, 1.0, -0.22897528111934662, 0.0, 0.0, 0.0
25212, -0.14412938058376312, -0.08539976924657822, 0.3198012113571167, -0.025355685502290726, -0.012996619567275047, -0.001231135567650199, 133379.90625, 153406.140625, 86015.0625, 131887.15625, 142157.5625, 102644.9140625, 0.0, 0.0, 0.0, 0.0, 0.0, 0.0, 0.0, 0.0, 1.0, -0.2339649349451065, 0.0, 0.0, 0.0
25232, -0.14688542485237122, -0.08511286228895187, 0.32111358642578125, -0.028755437582731247, -0.009918544441461563, 0.007436206564307213, 133382.15625, 153404.6875, 86013.9765625, 131883.25, 142154.78125, 102643.6015625, 0.0, 0.0, 0.0, 0.0, 0.0, 0.0, 0.0, 0.0, 1.0, -0.26034224033355713, 0.0, 0.0, 0.0
25252, -0.14744170010089874, -0.08529362827539444, 0.32128995656967163, -0.026869826018810272, -0.008231759071350098, 0.008951152674853802, 133377.046875, 153406.984375, 86013.9765625, 131898.375, 142152.5, 102644.9140625, 0.0, 0.0, 0.0, 0.0, 0.0, 0.0, 0.0, 0.0, 1.0, -0.28021684288978577, 0.0, 0.0, 0.0
25272, -0.14946644008159637, -0.08524402976036072, 0.32047075033187866, -0.028246501460671425, -0.006368549074977636, 0.004494078923016787, 133379.296875, 153406.140625, 86006.6796875, 131891.640625, 142156.0625, 102644.9140625, 0.0, 0.0, 0.0, 0.0, 0.0, 0.0, 0.0, 0.0, 1.0, -0.3255282938480377, 0.0, 0.0, 0.0
25292, -0.15141737461090088, -0.08629155904054642, 0.3205496668815613, -0.029321832582354546, -0.007156039122492075, 0.0034320063423365355, 133377.65625, 153409.296875, 85998.015625, 131894.46875, 142158.828125, 102647.7265625, 0.0, 0.0, 0.0, 0.0, 0.0, 0.0, 0.0, 0.0, 1.0, -0.37975791096687317, 0.0, 0.0, 0.0
25312, -0.15270468592643738, -0.0867903009057045, 0.32114624977111816, -0.028775304555892944, -0.006826997268944979, 0.0048514255322515965, 133384.40625, 153406.5625, 85995.046875, 131897.28125, 142160.609375, 102649.0390625, 0.0, 0.0, 0.0, 0.0, 0.0, 0.0, 0.0, 0.0, 1.0, -0.449847012758255, 0.0, 0.0, 0.0
25332, -0.153583824634552, -0.08686693757772446, 0.32121598720550537, -0.02736777625977993, -0.005806830711662769, 0.0034813089296221733, 133379.296875, 153401.953125, 85995.046875, 131894.46875, 142159.328125, 102643.6015625, 0.0, 0.0, 0.0, 0.0, 0.0, 0.0, 0.0, 0.0, 1.0, -0.4824913740158081, 0.0, 0.0, 0.0
25352, -0.15456895530223846, -0.08680982887744904, 0.322308212518692, -0.026170922443270683, -0.004614710807800293, 0.009031503461301327, 133379.90625, 153409.296875, 86005.3203125, 131892.21875, 142154.78125, 102644.9140625, 0.0, 0.0, 0.0, 0.0, 0.0, 0.0, 0.0, 0.0, 1.0, -0.5174869298934937, 0.0, 0.0, 0.0
25372, -0.15631341934204102, -0.08673852682113647, 0.3224725127220154, -0.026856282725930214, -0.003562136320397258, 0.008272828534245491, 133380.953125, 153414.921875, 86004.5078125, 131891.640625, 142163.390625, 102648.2890625, 0.0, 0.0, 0.0, 0.0, 0.0, 0.0, 0.0, 0.0, 1.0, -0.5912535190582275, 0.0, 0.0, 0.0
25392, -0.15783749520778656, -0.08721765875816345, 0.32266509532928467, -0.026974478736519814, -0.0038163447752594948, 0.010025454685091972, 133379.296875, 153408.015625, 86010.1875, 131899.53125, 142157.0625, 102643.6015625, 0.0, 0.0, 0.0, 0.0, 0.0, 0.0, 0.0, 0.0, 1.0, -0.6407078504562378, 0.0, 0.0, 0.0
25412, -0.15965528786182404, -0.08846026659011841, 0.322549968957901, -0.027785709127783775, -0.005670773796737194, 0.008407963439822197, 133375.40625, 153412.625, 86005.59375, 131901.1875, 142153.0, 102644.9140625, 0.0, 0.0, 0.0, 0.0, 0.0, 0.0, 0.0, 0.0, 1.0, -0.6974197030067444, 0.0, 0.0, 0.0
25432, -0.16115835309028625, -0.08706093579530716, 0.3227154314517975, -0.02783934958279133, -0.0015324715059250593, 0.006783768068999052, 133381.546875, 153406.5625, 86011.0, 131896.703125, 142153.0, 102644.3515625, 0.0, 0.0, 0.0, 0.0, 0.0, 0.0, 0.0, 0.0, 1.0, -0.7354015111923218, 0.0, 0.0, 0.0
25452, -0.16143496334552765, -0.08768083155155182, 0.32290881872177124, -0.025234777480363846, -0.0020295088179409504, 0.004036317579448223, 133383.203125, 153400.5, 86010.1875, 131892.21875, 142150.234375, 102640.2265625, 0.0, 0.0, 0.0, 0.0, 0.0, 0.0, 0.0, 0.0, 1.0, -0.7595672607421875, 0.0, 0.0, 0.0
25472, -0.16238589584827423, -0.08781729638576508, 0.32297757267951965, -0.024180255830287933, -0.0012664567911997437, 0.00270912260748446, 133364.75, 153404.6875, 85999.9140625, 131893.96875, 142159.328125, 102646.9765625, 0.0, 0.0, 0.0, 0.0, 0.0, 0.0, 0.0, 0.0, 1.0, -0.7980664968490601, 0.0, 0.0, 0.0
25492, -0.16361181437969208, -0.08817930519580841, 0.324190229177475, -0.023706959560513496, -0.0010925841052085161, 0.007846500724554062, 133375.40625, 153413.46875, 86004.2421875, 131897.28125, 142157.0625, 102640.2265625, 0.0, 0.0, 0.0, 0.0, 0.0, 0.0, 0.0, 0.0, 1.0, -0.803854763507843, 0.0, 0.0, 0.0
25512, -0.16377493739128113, -0.08878359943628311, 0.32434549927711487, -0.02064637653529644, -0.0013014802243560553, 0.007744972128421068, 133379.296875, 153402.375, 86004.78125, 131901.1875, 142158.828125, 102644.3515625, 0.0, 0.0, 0.0, 0.0, 0.0, 0.0, 0.0, 0.0, 1.0, -0.818148136138916, 0.0, 0.0, 0.0
25532, -0.1666475087404251, -0.08859564363956451, 0.3239402770996094, -0.02387874945998192, 0.0003860430733766407, 0.004235969856381416, 133371.5, 153409.71875, 86005.3203125, 131900.609375, 142157.0625, 102644.9140625, 0.0, 0.0, 0.0, 0.0, 0.0, 0.0, 0.0, 0.0, 1.0, -0.8293702602386475, 0.0, 0.0, 0.0
25552, -0.16626672446727753, -0.0882316455245018, 0.32402583956718445, -0.01933557540178299, 0.0024833178613334894, 0.0032526389695703983, 133375.40625, 153406.5625, 85995.046875, 131892.21875, 142158.828125, 102645.6640625, 0.0, 0.0, 0.0, 0.0, 0.0, 0.0, 0.0, 0.0, 1.0, -0.8368884921073914, 0.0, 0.0, 0.0
25572, -0.1674661934375763, -0.08890686184167862, 0.324842631816864, -0.0185781829059124, 0.002213507192209363, 0.007437462452799082, 133373.140625, 153400.078125, 85998.015625, 131894.46875, 142158.328125, 102641.5390625, 0.0, 0.0, 0.0, 0.0, 0.0, 0.0, 0.0, 0.0, 1.0, -0.8437121510505676, 0.0, 0.0, 0.0
25592, -0.16781145334243774, -0.08884730190038681, 0.32496750354766846, -0.015977254137396812, 0.0037178148049861193, 0.004530514124780893, 133377.65625, 153404.6875, 86000.9921875, 131895.046875, 142150.234375, 102644.3515625, 0.0, 0.0, 0.0, 0.0, 0.0, 0.0, 0.0, 0.0, 1.0, -0.8533134460449219, 0.0, 0.0, 0.0
25612, -0.16893891990184784, -0.08861242234706879, 0.3246259093284607, -0.015621360391378403, 0.00532690342515707, -0.0008977107354439795, 133379.296875, 153413.046875, 86001.53125, 131895.625, 142152.5, 102643.6015625, 0.0, 0.0, 0.0, 0.0, 0.0, 0.0, 0.0, 0.0, 1.0, -0.8584964871406555, 0.0, 0.0, 0.0
25632, -0.1692293882369995, -0.08849234133958817, 0.3245668113231659, -0.013417648151516914, 0.0066982838325202465, -0.004666217602789402, 133376.0, 153409.296875, 86011.2734375, 131890.5625, 142158.828125, 102648.484375, 0.0, 0.0, 0.0, 0.0, 0.0, 0.0, 0.0, 0.0, 1.0, -0.8809682130813599, 0.0, 0.0, 0.0
25652, -0.17028923332691193, -0.08832643926143646, 0.3244468867778778, -0.013469609431922436, 0.007976123131811619, -0.0069726742804050446, 133376.4375, 153410.75, 86007.21875, 131898.375, 142165.15625, 102649.7890625, 0.0, 0.0, 0.0, 0.0, 0.0, 0.0, 0.0, 0.0, 1.0, -0.9029238224029541, 0.0, 0.0, 0.0
25672, -0.17107583582401276, -0.08817384392023087, 0.32495343685150146, -0.013083579018712044, 0.009087111800909042, -0.00409975741058588, 133375.40625, 153413.46875, 86003.703125, 131900.609375, 142156.5625, 102649.0390625, 0.0, 0.0, 0.0, 0.0, 0.0, 0.0, 0.0, 0.0, 1.0, -0.9132872819900513, 0.0, 0.0, 0.0
25692, -0.17130200564861298, -0.08816324919462204, 0.32487428188323975, -0.011591359041631222, 0.009753596037626266, -0.004984983708709478, 133379.296875, 153404.6875, 86004.5078125, 131892.796875, 142154.78125, 102645.6640625, 0.0, 0.0, 0.0, 0.0, 0.0, 0.0, 0.0, 0.0, 1.0, -0.93692946434021, 0.0, 0.0, 0.0
25712, -0.1714639961719513, -0.08748789131641388, 0.3243999779224396, -0.010292725637555122, 0.011562332510948181, -0.010141746141016483, 133377.65625, 153411.59375, 85998.828125, 131896.703125, 142154.78125, 102645.6640625, 0.0, 0.0, 0.0, 0.0, 0.0, 0.0, 0.0, 0.0, 1.0, -0.9466577768325806, 0.0, 0.0, 0.0
25732, -0.17364390194416046, -0.08784659206867218, 0.3241853713989258, -0.013747956603765488, 0.010640885680913925, -0.01137806847691536, 133379.296875, 153410.75, 85993.9609375, 131898.375, 142158.828125, 102646.421875, 0.0, 0.0, 0.0, 0.0, 0.0, 0.0, 0.0, 0.0, 1.0, -0.9570338726043701, 0.0, 0.0, 0.0
25752, -0.17242272198200226, -0.08722132444381714, 0.32231342792510986, -0.00920109823346138, 0.011892426759004593, -0.02039855159819126, 133378.703125, 153404.265625, 85993.1484375, 131896.703125, 142155.28125, 102646.9765625, 0.0, 0.0, 0.0, 0.0, 0.0, 0.0, 0.0, 0.0, 1.0, -0.9717077016830444, 0.0, 0.0, 0.0
25772, -0.1741470843553543, -0.08659715950489044, 0.3218880593776703, -0.011671910993754864, 0.012840543873608112, -0.021256595849990845, 133377.046875, 153406.984375, 85990.171875, 131894.46875, 142156.5625, 102649.234375, 0.0, 0.0, 0.0, 0.0, 0.0, 0.0, 0.0, 0.0, 1.0, -0.9850274324417114, 0.0, 0.0, 0.0
25792, -0.17438247799873352, -0.08634962141513824, 0.3204129636287689, -0.01051351334899664, 0.012789719738066196, -0.02545621246099472, 133372.546875, 153408.875, 85996.125, 131896.125, 142150.234375, 102638.921875, 0.0, 0.0, 0.0, 0.0, 0.0, 0.0, 0.0, 0.0, 1.0, -0.9964622259140015, 0.0, 0.0, 0.0
25812, -0.17458054423332214, -0.08609357476234436, 0.3199278712272644, -0.009283780120313168, 0.012804231606423855, -0.02276907116174698, 133374.796875, 153406.5625, 86005.59375, 131902.859375, 142160.609375, 102644.9140625, 0.0, 0.0, 0.0, 0.0, 0.0, 0.0, 0.0, 0.0, 1.0, -1.0149641036987305, 0.0, 0.0, 0.0
25832, -0.17558512091636658, -0.08594323694705963, 0.31929686665534973, -0.009775031358003616, 0.012352079153060913, -0.019794417545199394, 133375.40625, 153415.78125, 86005.3203125, 131896.703125, 142161.109375, 102645.109375, 0.0, 0.0, 0.0, 0.0, 0.0, 0.0, 0.0, 0.0, 1.0, -1.0415070056915283, 0.0, 0.0, 0.0
25852, -0.17549584805965424, -0.08694035559892654, 0.3189495801925659, -0.0077499221079051495, 0.00934152863919735, -0.01603546366095543, 133375.40625, 153415.359375, 86006.40625, 131894.46875, 142158.828125, 102649.7890625, 0.0, 0.0, 0.0, 0.0, 0.0, 0.0, 0.0, 0.0, 1.0, -1.0774617195129395, 0.0, 0.0, 0.0
25872, -0.1758461445569992, -0.08624210953712463, 0.3187962770462036, -0.006768750958144665, 0.010342529974877834, -0.011903459206223488, 133373.140625, 153411.171875, 85992.875, 131892.796875, 142154.78125, 102644.3515625, 0.0, 0.0, 0.0, 0.0, 0.0, 0.0, 0.0, 0.0, 1.0, -1.113458275794983, 0.0, 0.0, 0.0
25892, -0.17596730589866638, -0.08603842556476593, 0.31860101222991943, -0.0053543271496891975, 0.010014585219323635, -0.007990309968590736, 133370.890625, 153414.328125, 86000.7265625, 131898.953125, 142160.109375, 102650.3515625, 0.0, 0.0, 0.0, 0.0, 0.0, 0.0, 0.0, 0.0, 1.0, -1.1407344341278076, 0.0, 0.0, 0.0
25912, -0.1760595142841339, -0.08584184944629669, 0.31866922974586487, -0.00407443568110466, 0.009557380340993404, -0.0029345217626541853, 133370.890625, 153400.078125, 86003.703125, 131890.5625, 142158.828125, 102646.421875, 0.0, 0.0, 0.0, 0.0, 0.0, 0.0, 0.0, 0.0, 1.0, -1.1768816709518433, 0.0, 0.0, 0.0
25932, -0.17612993717193604, -0.08565626293420792, 0.3186343014240265, -0.002994270296767354, 0.008999000303447247, -0.0005507903406396508, 133368.640625, 153416.203125, 85999.9140625, 131894.46875, 142161.109375, 102649.7890625, 0.0, 0.0, 0.0, 0.0, 0.0, 0.0, 0.0, 0.0, 1.0, -1.2055460214614868, 0.0, 0.0, 0.0
25952, -0.17618145048618317, -0.08548200130462646, 0.318623811006546, -0.0021753162145614624, 0.008404030464589596, 0.00030854891519993544, 133366.390625, 153408.875, 86002.6171875, 131891.140625, 142158.828125, 102647.7265625, 0.0, 0.0, 0.0, 0.0, 0.0, 0.0, 0.0, 0.0, 1.0, -1.2391756772994995, 0.0, 0.0, 0.0
25972, -0.17799602448940277, -0.08534751832485199, 0.31795284152030945, -0.00564196240156889, 0.007582420017570257, -0.003655759384855628, 133374.796875, 153407.40625, 85997.2109375, 131892.21875, 142161.609375, 102651.296875, 0.0, 0.0, 0.0, 0.0, 0.0, 0.0, 0.0, 0.0, 1.0, -1.286322832107544, 0.0, 0.0, 0.0
25992, -0.178105428814888, -0.08520308881998062, 0.3178871273994446, -0.005337332841008902, 0.006853961385786533, -0.0029097646474838257, 133372.546875, 153413.46875, 85990.171875, 131896.125, 142154.78125, 102649.0390625, 0.0, 0.0, 0.0, 0.0, 0.0, 0.0, 0.0, 0.0, 1.0, -1.3143752813339233, 0.0, 0.0, 0.0
26012, -0.17821699380874634, -0.08507474511861801, 0.3170606791973114, -0.0051930439658463, 0.006044459529221058, -0.009238156490027905, 133375.40625, 153411.171875, 85987.46875, 131895.046875, 142160.609375, 102648.484375, 0.0, 0.0, 0.0, 0.0, 0.0, 0.0, 0.0, 0.0, 1.0, -1.3694692850112915, 0.0, 0.0, 0.0
26032, -0.17832088470458984, -0.08496280014514923, 0.31687214970588684, -0.005200231913477182, 0.005163807421922684, -0.010009873658418655, 133374.1875, 153417.65625, 85992.0703125, 131892.796875, 142156.5625, 102655.984375, 0.0, 0.0, 0.0, 0.0, 0.0, 0.0, 0.0, 0.0, 1.0, -1.4104084968566895, 0.0, 0.0, 0.0
26052, -0.17842155694961548, -0.08486741781234741, 0.3171622157096863, -0.005270570982247591, 0.004352252930402756, -0.007556304335594177, 133375.40625, 153402.8125, 85999.640625, 131906.765625, 142154.28125, 102649.7890625, 0.0, 0.0, 0.0, 0.0, 0.0, 0.0, 0.0, 0.0, 1.0, -1.443027138710022, 0.0, 0.0, 0.0
26072, -0.17852820456027985, -0.08478909730911255, 0.31701743602752686, -0.005407050717622042, 0.0034830602817237377, -0.0063513536006212234, 133375.40625, 153413.90625, 85994.234375, 131898.953125, 142158.828125, 102648.484375, 0.0, 0.0, 0.0, 0.0, 0.0, 0.0, 0.0, 0.0, 1.0, -1.4843374490737915, 0.0, 0.0, 0.0
26092, -0.17862491309642792, -0.08472747355699539, 0.31852367520332336, -0.005552117712795734, 0.002645245986059308, 0.0026421949733048677, 133370.890625, 153404.6875, 85998.015625, 131898.953125, 142156.5625, 102658.796875, 0.0, 0.0, 0.0, 0.0, 0.0, 0.0, 0.0, 0.0, 1.0, -1.4974762201309204, 0.0, 0.0, 0.0
26112, -0.17741629481315613, -0.08623720705509186, 0.3185935616493225, -0.002815765794366598, -0.001507438370026648, 0.003908190876245499, 133373.75, 153411.171875, 86002.6171875, 131895.625, 142153.0, 102652.609375, 0.0, 0.0, 0.0, 0.0, 0.0, 0.0, 0.0, 0.0, 1.0, -1.5213990211486816, 0.0, 0.0, 0.0
26132, -0.18101435899734497, -0.08504759520292282, 0.3184114694595337, -0.01016866322606802, 0.00033594542765058577, 0.002307110233232379, 133375.40625, 153411.59375, 85995.046875, 131898.375, 142157.0625, 102651.8515625, 0.0, 0.0, 0.0, 0.0, 0.0, 0.0, 0.0, 0.0, 1.0, -1.5279436111450195, 0.0, 0.0, 0.0
26152, -0.18015070259571075, -0.08477441221475601, 0.31846871972084045, -0.007686829660087824, 1.323038031841861e-05, 0.0031960122287273407, 133373.75, 153406.5625, 85988.28125, 131898.375, 142152.5, 102649.7890625, 0.0, 0.0, 0.0, 0.0, 0.0, 0.0, 0.0, 0.0, 1.0, -1.5305347442626953, 0.0, 0.0, 0.0
26172, -0.18164879083633423, -0.08352051675319672, 0.3185439705848694, -0.010042965412139893, 0.0017779675545170903, 0.003492506919428706, 133376.4375, 153398.625, 85987.46875, 131897.78125, 142152.5, 102646.421875, 0.0, 0.0, 0.0, 0.0, 0.0, 0.0, 0.0, 0.0, 1.0, -1.5128103494644165, 0.0, 0.0, 0.0
26192, -0.18157924711704254, -0.08626986294984818, 0.31714513897895813, -0.008829087018966675, -0.004781472962349653, -0.0032297957222908735, 133374.796875, 153404.6875, 85987.46875, 131897.28125, 142153.0, 102650.546875, 0.0, 0.0, 0.0, 0.0, 0.0, 0.0, 0.0, 0.0, 1.0, -1.5107072591781616, 0.0, 0.0, 0.0
26212, -0.18451876938343048, -0.08537216484546661, 0.31707456707954407, -0.013715719804167747, -0.0035702274180948734, -0.003665718249976635, 133371.5, 153408.875, 85995.046875, 131901.1875, 142163.875, 102653.1640625, 0.0, 0.0, 0.0, 0.0, 0.0, 0.0, 0.0, 0.0, 1.0, -1.5079187154769897, 0.0, 0.0, 0.0
26232, -0.18587277829647064, -0.086450956761837, 0.31779786944389343, -0.014912273734807968, -0.006686141714453697, -0.0009623282239772379, 133377.65625, 153409.71875, 85993.1484375, 131895.046875, 142155.28125, 102649.7890625, 0.0, 0.0, 0.0, 0.0, 0.0, 0.0, 0.0, 0.0, 1.0, -1.5125107765197754, 0.0, 0.0, 0.0
26252, -0.18857434391975403, -0.086431585252285, 0.3177764117717743, -0.018652332946658134, -0.0073440950363874435, -0.0009665944962762296, 133366.390625, 153409.296875, 85996.9375, 131892.796875, 142155.28125, 102654.671875, 0.0, 0.0, 0.0, 0.0, 0.0, 0.0, 0.0, 0.0, 1.0, -1.525822401046753, 0.0, 0.0, 0.0
26272, -0.18808558583259583, -0.08784247934818268, 0.3190382421016693, -0.015621044673025608, -0.010820095427334309, 0.0032397210597991943, 133373.75, 153409.71875, 85996.125, 131901.78125, 142154.78125, 102647.7265625, 0.0, 0.0, 0.0, 0.0, 0.0, 0.0, 0.0, 0.0, 1.0, -1.5388189554214478, 0.0, 0.0, 0.0
26292, -0.18838241696357727, -0.08806884288787842, 0.3191109001636505, -0.014067519456148148, -0.011815817095339298, 0.003285929560661316, 133368.046875, 153416.203125, 85999.640625, 131892.796875, 142159.828125, 102648.484375, 0.0, 0.0, 0.0, 0.0, 0.0, 0.0, 0.0, 0.0, 1.0, -1.5566855669021606, 0.0, 0.0, 0.0
26312, -0.18767565488815308, -0.08929212391376495, 0.3206917345523834, -0.010559197515249252, -0.014631750993430614, 0.010369502007961273, 133377.046875, 153411.171875, 85991.2578125, 131890.5625, 142157.5625, 102650.546875, 0.0, 0.0, 0.0, 0.0, 0.0, 0.0, 0.0, 0.0, 1.0, -1.5686532258987427, 0.0, 0.0, 0.0
26332, -0.18788841366767883, -0.08962365984916687, 0.3208957314491272, -0.008766439743340015, -0.015507186762988567, 0.008598744869232178, 133371.5, 153413.046875, 85982.6015625, 131900.609375, 142165.65625, 102651.296875, 0.0, 0.0, 0.0, 0.0, 0.0, 0.0, 0.0, 0.0, 1.0, -1.5761603116989136, 0.0, 0.0, 0.0
26352, -0.18797671794891357, -0.09061656892299652, 0.32065728306770325, -0.007052938919514418, -0.01745469495654106, 0.0040923128835856915, 133372.546875, 153410.75, 85984.765625, 131892.796875, 142154.78125, 102652.609375, 0.0, 0.0, 0.0, 0.0, 0.0, 0.0, 0.0, 0.0, 1.0, -1.5466046333312988, 0.0, 0.0, 0.0
26372, -0.18776251375675201, -0.09136741608381271, 0.32071688771247864, -0.004800634924322367, -0.01852795109152794, 0.0023346771486103535, 133368.640625, 153411.59375, 85993.9609375, 131889.96875, 142156.5625, 102651.8515625, 0.0, 0.0, 0.0, 0.0, 0.0, 0.0, 0.0, 0.0, 1.0, -1.5342386960983276, 0.0, 0.0, 0.0
26392, -0.1878383308649063, -0.09173893183469772, 0.3212417662143707, -0.0033134794794023037, -0.018585316836833954, 0.0024517567362636328, 133368.046875, 153413.90625, 85993.1484375, 131895.046875, 142157.0625, 102651.8515625, 0.0, 0.0, 0.0, 0.0, 0.0, 0.0, 0.0, 0.0, 1.0, -1.5221327543258667, 0.0, 0.0, 0.0
26412, -0.18787752091884613, -0.0927998274564743, 0.3212711215019226, -0.0019776951521635056, -0.019801434129476547, 0.0004952526069246233, 133367.0, 153406.984375, 85989.359375, 131890.5625, 142152.5, 102651.8515625, 0.0, 0.0, 0.0, 0.0, 0.0, 0.0, 0.0, 0.0, 1.0, -1.5084147453308105, 0.0, 0.0, 0.0
26432, -0.18813255429267883, -0.09336850792169571, 0.3212909400463104, -0.0011500016553327441, -0.019650408998131752, 0.001126951421611011, 133374.1875, 153411.171875, 85985.578125, 131892.21875, 142155.28125, 102651.1015625, 0.0, 0.0, 0.0, 0.0, 0.0, 0.0, 0.0, 0.0, 1.0, -1.5107994079589844, 0.0, 0.0, 0.0
26452, -0.18879334628582, -0.09437548369169235, 0.3198825716972351, -0.0013533129822462797, -0.0201429296284914, -0.007246049586683512, 133370.890625, 153400.5, 85984.4921875, 131896.703125, 142168.4375, 102651.8515625, 0.0, 0.0, 0.0, 0.0, 0.0, 0.0, 0.0, 0.0, 1.0, -1.519616961479187, 0.0, 0.0, 0.0
26472, -0.18695975840091705, -0.09483078122138977, 0.31974709033966064, 0.003229892812669277, -0.019490070641040802, -0.007220757659524679, 133371.5, 153413.90625, 85982.6015625, 131901.1875, 142155.28125, 102655.984375, 0.0, 0.0, 0.0, 0.0, 0.0, 0.0, 0.0, 0.0, 1.0, -1.524351716041565, 0.0, 0.0, 0.0
26492, -0.18687936663627625, -0.09521298855543137, 0.32056277990341187, 0.004001520108431578, -0.018558969721198082, -0.0008367502014152706, 133377.65625, 153405.109375, 85979.8984375, 131898.375, 142147.953125, 102653.1640625, 0.0, 0.0, 0.0, 0.0, 0.0, 0.0, 0.0, 0.0, 1.0, -1.5154304504394531, 0.0, 0.0, 0.0
26512, -0.18679232895374298, -0.09557435661554337, 0.3205455541610718, 0.004698058590292931, -0.017574792727828026, -0.0013114113826304674, 133370.296875, 153411.171875, 85991.2578125, 131898.953125, 142156.5625, 102652.609375, 0.0, 0.0, 0.0, 0.0, 0.0, 0.0, 0.0, 0.0, 1.0, -1.5078977346420288, 0.0, 0.0, 0.0
26532, -0.18925853073596954, -0.0961962416768074, 0.3190295696258545, 0.00018475306569598615, -0.017122972756624222, -0.009745287708938122, 133373.140625, 153407.40625, 85992.0703125, 131896.703125, 142156.5625, 102649.0390625, 0.0, 0.0, 0.0, 0.0, 0.0, 0.0, 0.0, 0.0, 1.0, -1.4606882333755493, 0.0, 0.0, 0.0
26552, -0.1888909637928009, -0.097252257168293, 0.318828821182251, 0.00151508126873523, -0.017434297129511833, -0.009539344348013401, 133364.140625, 153411.59375, 85982.875, 131892.796875, 142152.5, 102658.046875, 0.0, 0.0, 0.0, 0.0, 0.0, 0.0, 0.0, 0.0, 1.0, -1.426802635192871, 0.0, 0.0, 0.0
26572, -0.18663200736045837, -0.09818067401647568, 0.3183303475379944, 0.006614712532609701, -0.01747570000588894, -0.012255324050784111, 133368.046875, 153404.265625, 85979.625, 131891.140625, 142150.234375, 102652.609375, 0.0, 0.0, 0.0, 0.0, 0.0, 0.0, 0.0, 0.0, 1.0, -1.3859639167785645, 0.0, 0.0, 0.0
26592, -0.18620803952217102, -0.10049828886985779, 0.3180878460407257, 0.007975983433425426, -0.02021011710166931, -0.012078088708221912, 133370.890625, 153406.984375, 85978.8125, 131894.46875, 142153.5, 102651.296875, 0.0, 0.0, 0.0, 0.0, 0.0, 0.0, 0.0, 0.0, 1.0, -1.3364932537078857, 0.0, 0.0, 0.0
26612, -0.18671609461307526, -0.10160703212022781, 0.3187166154384613, 0.007659203838557005, -0.020309725776314735, -0.005313016939908266, 133368.640625, 153415.78125, 85996.9375, 131899.53125, 142157.5625, 102655.984375, 0.0, 0.0, 0.0, 0.0, 0.0, 0.0, 0.0, 0.0, 1.0, -1.2959723472595215, 0.0, 0.0, 0.0
26632, -0.18655464053153992, -0.10199921578168869, 0.31860795617103577, 0.008448401466012001, -0.018905503675341606, -0.006575700826942921, 133370.890625, 153415.359375, 85982.875, 131888.890625, 142155.28125, 102652.609375, 0.0, 0.0, 0.0, 0.0, 0.0, 0.0, 0.0, 0.0, 1.0, -1.2615348100662231, 0.0, 0.0, 0.0
26652, -0.18599796295166016, -0.1010359600186348, 0.3182997405529022, 0.00992464181035757, -0.01470409519970417, -0.005806019064038992, 133365.34375, 153405.53125, 85992.3359375, 131895.046875, 142154.78125, 102653.921875, 0.0, 0.0, 0.0, 0.0, 0.0, 0.0, 0.0, 0.0, 1.0, -1.2446062564849854, 0.0, 0.0, 0.0
26672, -0.18616138398647308, -0.10172467678785324, 0.3181706964969635, 0.009649786166846752, -0.01381391379982233, -0.007244850508868694, 133374.796875, 153407.40625, 85997.75, 131888.890625, 142154.28125, 102665.546875, 0.0, 0.0, 0.0, 0.0, 0.0, 0.0, 0.0, 0.0, 1.0, -1.2370630502700806, 0.0, 0.0, 0.0
26692, -0.18745894730091095, -0.10170142352581024, 0.3180188536643982, 0.006824227515608072, -0.011500131338834763, -0.007835674099624157, 133375.40625, 153413.46875, 85985.578125, 131884.40625, 142157.5625, 102653.921875, 0.0, 0.0, 0.0, 0.0, 0.0, 0.0, 0.0, 0.0, 1.0, -1.2227038145065308, 0.0, 0.0, 0.0
26712, -0.18708844482898712, -0.10202950239181519, 0.31621870398521423, 0.007161352317780256, -0.010112428106367588, -0.01461056899279356, 133368.640625, 153408.875, 85987.46875, 131895.625, 142161.109375, 102655.984375, 0.0, 0.0, 0.0, 0.0, 0.0, 0.0, 0.0, 0.0, 1.0, -1.203974723815918, 0.0, 0.0, 0.0
26732, -0.18729013204574585, -0.09996788203716278, 0.31593355536460876, 0.006199283059686422, -0.004245706368237734, -0.014644283801317215, 133362.5, 153413.46875, 85981.7890625, 131894.46875, 142161.109375, 102657.2890625, 0.0, 0.0, 0.0, 0.0, 0.0, 0.0, 0.0, 0.0, 1.0, -1.171358346939087, 0.0, 0.0, 0.0
26752, -0.18716301023960114, -0.10004101693630219, 0.31564444303512573, 0.005907727871090174, -0.0027643132489174604, -0.014870311133563519, 133364.75, 153412.015625, 85981.7890625, 131890.5625, 142154.28125, 102654.671875, 0.0, 0.0, 0.0, 0.0, 0.0, 0.0, 0.0, 0.0, 1.0, -1.1253429651260376, 0.0, 0.0, 0.0
26772, -0.18702192604541779, -0.09912409633398056, 0.3153596818447113, 0.005747797433286905, 0.00042483877041377127, -0.013794751837849617, 133375.40625, 153418.921875, 85981.7890625, 131898.375, 142147.953125, 102655.984375, 0.0, 0.0, 0.0, 0.0, 0.0, 0.0, 0.0, 0.0, 1.0, -1.0805737972259521, 0.0, 0.0, 0.0
26792, -0.18665027618408203, -0.09765821695327759, 0.314584344625473, 0.006177166476845741, 0.004398692864924669, -0.014642288908362389, 133370.890625, 153406.984375, 85978.8125, 131898.375, 142155.28125, 102658.046875, 0.0, 0.0, 0.0, 0.0, 0.0, 0.0, 0.0, 0.0, 1.0, -1.051837682723999, 0.0, 0.0, 0.0
26812, -0.18820378184318542, -0.09984153509140015, 0.31431910395622253, 0.0030483410228043795, 0.0004841877962462604, -0.011667309328913689, 133377.65625, 153406.5625, 85987.46875, 131893.375, 142155.28125, 102653.1640625, 0.0, 0.0, 0.0, 0.0, 0.0, 0.0, 0.0, 0.0, 1.0, -1.0318763256072998, 0.0, 0.0, 0.0
26832, -0.18891821801662445, -0.09936171025037766, 0.3136093318462372, 0.0016732972580939531, 0.0016396869905292988, -0.012489675544202328, 133376.0, 153409.296875, 85980.7109375, 131898.953125, 142155.28125, 102656.734375, 0.0, 0.0, 0.0, 0.0, 0.0, 0.0, 0.0, 0.0, 1.0, -1.0020461082458496, 0.0, 0.0, 0.0
26852, -0.18733136355876923, -0.09860841184854507, 0.31336677074432373, 0.005095459055155516, 0.0030621925834566355, -0.011893023736774921, 133370.890625, 153413.90625, 85983.6796875, 131897.28125, 142150.734375, 102649.234375, 0.0, 0.0, 0.0, 0.0, 0.0, 0.0, 0.0, 0.0, 1.0, -0.9806570410728455, 0.0, 0.0, 0.0
26872, -0.18822528421878815, -0.09856434166431427, 0.3147035539150238, 0.003555775387212634, 0.0027979949954897165, -0.001666173804551363, 133364.75, 153405.109375, 85979.625, 131893.375, 142151.234375, 102649.234375, 0.0, 0.0, 0.0, 0.0, 0.0, 0.0, 0.0, 0.0, 1.0, -0.9719230532646179, 0.0, 0.0, 0.0
26892, -0.18711277842521667, -0.098417267203331, 0.3146853744983673, 0.006209416314959526, 0.002669106936082244, -0.0003951865655835718, 133368.046875, 153409.71875, 85994.234375, 131890.5625, 142155.78125, 102662.171875, 0.0, 0.0, 0.0, 0.0, 0.0, 0.0, 0.0, 0.0, 1.0, -0.9510691165924072, 0.0, 0.0, 0.0
26912, -0.1869802474975586, -0.09837161004543304, 0.3144420087337494, 0.007195145357400179, 0.001955782761797309, 0.0012582261115312576, 133366.390625, 153412.015625, 85988.28125, 131888.890625, 142155.28125, 102653.921875, 0.0, 0.0, 0.0, 0.0, 0.0, 0.0, 0.0, 0.0, 1.0, -0.9574800133705139, 0.0, 0.0, 0.0
26932, -0.186825692653656, -0.09834092855453491, 0.3144671320915222, 0.008273682557046413, 0.0011129979975521564, 0.0012611220590770245, 133374.1875, 153406.5625, 85995.046875, 131887.734375, 142159.328125, 102654.671875, 0.0, 0.0, 0.0, 0.0, 0.0, 0.0, 0.0, 0.0, 1.0, -0.9590049386024475, 0.0, 0.0, 0.0
26952, -0.1877364069223404, -0.09840898960828781, 0.3144957423210144, 0.007342425175011158, 4.539258225122467e-05, 0.0014325003139674664, 133368.640625, 153407.40625, 85985.578125, 131889.96875, 142152.5, 102656.734375, 0.0, 0.0, 0.0, 0.0, 0.0, 0.0, 0.0, 0.0, 1.0, -0.9394444227218628, 0.0, 0.0, 0.0
26972, -0.18757036328315735, -0.09841451793909073, 0.31599196791648865, 0.008543027564883232, -0.0007645184523425996, 0.009503902867436409, 133371.5, 153411.59375, 85973.1328125, 131897.28125, 142157.0625, 102658.046875, 0.0, 0.0, 0.0, 0.0, 0.0, 0.0, 0.0, 0.0, 1.0, -0.9387758374214172, 0.0, 0.0, 0.0
26992, -0.1869526356458664, -0.09769545495510101, 0.3161814510822296, 0.01040638703852892, 3.136325904051773e-05, 0.00956257525831461, 133368.640625, 153404.6875, 85981.7890625, 131894.46875, 142150.234375, 102655.421875, 0.0, 0.0, 0.0, 0.0, 0.0, 0.0, 0.0, 0.0, 1.0, -0.9431995749473572, 0.0, 0.0, 0.0
27012, -0.18618328869342804, -0.09777667373418808, 0.31794464588165283, 0.012304532341659069, -0.0009290645830333233, 0.017676519230008125, 133371.5, 153409.71875, 85981.515625, 131897.28125, 142155.78125, 102656.734375, 0.0, 0.0, 0.0, 0.0, 0.0, 0.0, 0.0, 0.0, 1.0, -0.9419488906860352, 0.0, 0.0, 0.0
27032, -0.1859326809644699, -0.09780172258615494, 0.31828737258911133, 0.01271294616162777, -0.0015493007376790047, 0.016412541270256042, 133370.890625, 153406.984375, 85984.4921875, 131896.703125, 142158.828125, 102656.734375, 0.0, 0.0, 0.0, 0.0, 0.0, 0.0, 0.0, 0.0, 1.0, -0.9305824041366577, 0.0, 0.0, 0.0
27052, -0.18568210303783417, -0.09783640503883362, 0.31757333874702454, 0.012886873446404934, -0.002160138450562954, 0.007456090766936541, 133370.890625, 153409.71875, 85976.109375, 131888.890625, 142165.65625, 102658.796875, 0.0, 0.0, 0.0, 0.0, 0.0, 0.0, 0.0, 0.0, 1.0, -0.9509303569793701, 0.0, 0.0, 0.0
27072, -0.18507088720798492, -0.09777769446372986, 0.31769225001335144, 0.013345664367079735, -0.002603305969387293, 0.004392146598547697, 133362.5, 153409.71875, 85973.40625, 131898.953125, 142151.234375, 102657.2890625, 0.0, 0.0, 0.0, 0.0, 0.0, 0.0, 0.0, 0.0, 1.0, -0.9625498056411743, 0.0, 0.0, 0.0
27092, -0.18481047451496124, -0.09783411771059036, 0.31745246052742004, 0.012831589207053185, -0.0031120278872549534, -0.0005986876203678548, 133377.046875, 153409.296875, 85978.0, 131891.140625, 142164.375, 102656.734375, 0.0, 0.0, 0.0, 0.0, 0.0, 0.0, 0.0, 0.0, 1.0, -0.9568116068840027, 0.0, 0.0, 0.0
27112, -0.18515411019325256, -0.09868136048316956, 0.31741467118263245, 0.010977428406476974, -0.0050621647387743, -0.0030892377253621817, 133367.0, 153405.953125, 85980.7109375, 131895.046875, 142158.046875, 102654.671875, 0.0, 0.0, 0.0, 0.0, 0.0, 0.0, 0.0, 0.0, 1.0, -0.9541260600090027, 0.0, 0.0, 0.0
27132, -0.18493808805942535, -0.09878848493099213, 0.31833377480506897, 0.010175635106861591, -0.0052725449204444885, -0.0032024714164435863, 133373.140625, 153404.6875, 85978.0, 131896.703125, 142159.828125, 102657.484375, 0.0, 0.0, 0.0, 0.0, 0.0, 0.0, 0.0, 0.0, 1.0, -0.927450954914093, 0.0, 0.0, 0.0
27152, -0.18474142253398895, -0.09889547526836395, 0.3182035982608795, 0.009483843110501766, -0.005411352030932903, -0.00893410760909319, 133371.5, 153413.90625, 85970.4296875, 131888.3125, 142166.15625, 102653.921875, 0.0, 0.0, 0.0, 0.0, 0.0, 0.0, 0.0, 0.0, 1.0, -0.9183229207992554, 0.0, 0.0, 0.0
27172, -0.1845599263906479, -0.09900247305631638, 0.3175874650478363, 0.008786683902144432, -0.00538609130308032, -0.01715766079723835, 133377.046875, 153405.109375, 85976.109375, 131902.359375, 142153.0, 102655.984375, 0.0, 0.0, 0.0, 0.0, 0.0, 0.0, 0.0, 0.0, 1.0, -0.9068557024002075, 0.0, 0.0, 0.0
27192, -0.18606597185134888, -0.09881895780563354, 0.31719303131103516, 0.004727005958557129, -0.0046548303216695786, -0.021758221089839935, 133375.40625, 153409.71875, 85971.2421875, 131897.28125, 142158.828125, 102654.671875, 0.0, 0.0, 0.0, 0.0, 0.0, 0.0, 0.0, 0.0, 1.0, -0.8891565203666687, 0.0, 0.0, 0.0
27212, -0.18632596731185913, -0.09994929283857346, 0.31671568751335144, 0.003331763669848442, -0.006579375825822353, -0.026112528517842293, 133369.25, 153409.296875, 85971.2421875, 131894.46875, 142164.375, 102656.734375, 0.0, 0.0, 0.0, 0.0, 0.0, 0.0, 0.0, 0.0, 1.0, -0.8918531537055969, 0.0, 0.0, 0.0
27232, -0.18626585602760315, -0.1000797301530838, 0.3162895441055298, 0.0026397709734737873, -0.006408709567040205, -0.027591075748205185, 133368.640625, 153411.59375, 85978.8125, 131896.703125, 142159.328125, 102660.109375, 0.0, 0.0, 0.0, 0.0, 0.0, 0.0, 0.0, 0.0, 1.0, -0.8863398432731628, 0.0, 0.0, 0.0
27252, -0.18738164007663727, -0.10047298669815063, 0.3157072365283966, -0.00033778807846829295, -0.006781811360269785, -0.029594577848911285, 133374.796875, 153408.875, 85980.4375, 131897.28125, 142152.0, 102658.046875, 0.0, 0.0, 0.0, 0.0, 0.0, 0.0, 0.0, 0.0, 1.0, -0.9065760970115662, 0.0, 0.0, 0.0
27272, -0.1873982548713684, -0.10060694068670273, 0.3144061863422394, -0.0010597419459372759, -0.006682015955448151, -0.03334401547908783, 133377.046875, 153407.40625, 85975.03125, 131886.0625, 142169.71875, 102654.671875, 0.0, 0.0, 0.0, 0.0, 0.0, 0.0, 0.0, 0.0, 1.0, -0.9411896467208862, 0.0, 0.0, 0.0
27292, -0.1872359663248062, -0.1030530035495758, 0.31375011801719666, -0.0013656665105372667, -0.010848875157535076, -0.0318666510283947, 133362.5, 153414.75, 85977.734375, 131892.21875, 142152.5, 102654.671875, 0.0, 0.0, 0.0, 0.0, 0.0, 0.0, 0.0, 0.0, 1.0, -0.9363064169883728, 0.0, 0.0, 0.0
27312, -0.18856337666511536, -0.10341458767652512, 0.3129485845565796, -0.0044380128383636475, -0.010535201989114285, -0.031079916283488274, 133369.25, 153407.40625, 85975.8359375, 131894.46875, 142159.828125, 102653.359375, 0.0, 0.0, 0.0, 0.0, 0.0, 0.0, 0.0, 0.0, 1.0, -0.937976062297821, 0.0, 0.0, 0.0
27332, -0.1909986138343811, -0.10298728942871094, 0.31235358119010925, -0.009474877268075943, -0.008496349677443504, -0.02857295237481594, 133360.25, 153407.40625, 85973.1328125, 131886.65625, 142149.453125, 102660.859375, 0.0, 0.0, 0.0, 0.0, 0.0, 0.0, 0.0, 0.0, 1.0, -0.9437013864517212, 0.0, 0.0, 0.0
27352, -0.18970097601413727, -0.10135394334793091, 0.31257709860801697, -0.006809023674577475, -0.0039822072722017765, -0.022582201287150383, 133369.25, 153415.78125, 85973.1328125, 131892.21875, 142159.328125, 102660.109375, 0.0, 0.0, 0.0, 0.0, 0.0, 0.0, 0.0, 0.0, 1.0, -0.9390597939491272, 0.0, 0.0, 0.0
27372, -0.18990308046340942, -0.10391171276569366, 0.3121788501739502, -0.006754844915121794, -0.00729552935808897, -0.016608951613307, 133371.5, 153412.015625, 85982.6015625, 131894.46875, 142157.5625, 102652.609375, 0.0, 0.0, 0.0, 0.0, 0.0, 0.0, 0.0, 0.0, 1.0, -0.9443215131759644, 0.0, 0.0, 0.0
27392, -0.19081729650497437, -0.10242950171232224, 0.31345880031585693, -0.007753982674330473, -0.0022270428016781807, -0.003374927444383502, 133373.140625, 153406.984375, 85964.4765625, 131897.28125, 142168.4375, 102658.046875, 0.0, 0.0, 0.0, 0.0, 0.0, 0.0, 0.0, 0.0, 1.0, -0.9611679911613464, 0.0, 0.0, 0.0
27412, -0.19096502661705017, -0.10245359688997269, 0.31342220306396484, -0.007003475911915302, -0.00018590115359984338, -0.00045802234672009945, 133376.4375, 153415.78125, 85972.0546875, 131892.796875, 142160.328125, 102661.609375, 0.0, 0.0, 0.0, 0.0, 0.0, 0.0, 0.0, 0.0, 1.0, -0.9729323387145996, 0.0, 0.0, 0.0
27432, -0.1910800337791443, -0.1046641394495964, 0.3148409128189087, -0.006118732504546642, -0.002227901015430689, 0.01002524048089981, 133369.25, 153411.59375, 85965.2890625, 131901.78125, 142166.65625, 102658.796875, 0.0, 0.0, 0.0, 0.0, 0.0, 0.0, 0.0, 0.0, 1.0, -0.9766137003898621, 0.0, 0.0, 0.0
27452, -0.19127772748470306, -0.10177915543317795, 0.31506916880607605, -0.005359046161174774, 0.005912130698561668, 0.012364632450044155, 133378.703125, 153413.90625, 85962.5859375, 131897.28125, 142157.5625, 102664.984375, 0.0, 0.0, 0.0, 0.0, 0.0, 0.0, 0.0, 0.0, 1.0, -0.9792123436927795, 0.0, 0.0, 0.0
27472, -0.1916963905096054, -0.1032370775938034, 0.3153328001499176, -0.005214111413806677, 0.005341804586350918, 0.013511037454009056, 133360.84375, 153416.625, 85971.2421875, 131887.234375, 142158.046875, 102659.546875, 0.0, 0.0, 0.0, 0.0, 0.0, 0.0, 0.0, 0.0, 1.0, -0.978304386138916, 0.0, 0.0, 0.0
27492, -0.19320371747016907, -0.10220678150653839, 0.31464192271232605, -0.007368249353021383, 0.009478299878537655, 0.010655509307980537, 133367.0, 153409.71875, 85973.1328125, 131898.953125, 142157.5625, 102658.046875, 0.0, 0.0, 0.0, 0.0, 0.0, 0.0, 0.0, 0.0, 1.0, -0.959382176399231, 0.0, 0.0, 0.0
27512, -0.19384527206420898, -0.10294324904680252, 0.3148656487464905, -0.007817192934453487, 0.009870367124676704, 0.011475221253931522, 133369.25, 153413.90625, 85974.21875, 131898.375, 142156.5625, 102647.7265625, 0.0, 0.0, 0.0, 0.0, 0.0, 0.0, 0.0, 0.0, 1.0, -0.9349995851516724, 0.0, 0.0, 0.0
27532, -0.19382597506046295, -0.10114818811416626, 0.3151286840438843, -0.007178678642958403, 0.014816571958363056, 0.00964044313877821, 133368.640625, 153410.140625, 85975.03125, 131892.796875, 142155.28125, 102656.734375, 0.0, 0.0, 0.0, 0.0, 0.0, 0.0, 0.0, 0.0, 1.0, -0.9225515723228455, 0.0, 0.0, 0.0
27552, -0.1925199031829834, -0.09892261773347855, 0.315269410610199, -0.004031897522509098, 0.01999063603579998, 0.004766238387674093, 133373.75, 153413.90625, 85983.6796875, 131899.53125, 142157.5625, 102652.609375, 0.0, 0.0, 0.0, 0.0, 0.0, 0.0, 0.0, 0.0, 1.0, -0.8876165151596069, 0.0, 0.0, 0.0
27572, -0.19374147057533264, -0.09665482491254807, 0.3143760859966278, -0.006018990650773048, 0.0250993762165308, -0.003376525826752186, 133376.0, 153409.296875, 85961.5078125, 131897.28125, 142161.609375, 102653.921875, 0.0, 0.0, 0.0, 0.0, 0.0, 0.0, 0.0, 0.0, 1.0, -0.8371773958206177, 0.0, 0.0, 0.0
27592, -0.19385948777198792, -0.09613948315382004, 0.3142613470554352, -0.0057793245650827885, 0.026406027376651764, -0.007715321611613035, 133371.5, 153418.921875, 85966.640625, 131893.375, 142159.328125, 102663.484375, 0.0, 0.0, 0.0, 0.0, 0.0, 0.0, 0.0, 0.0, 1.0, -0.8060105443000793, 0.0, 0.0, 0.0
27612, -0.19272975623607635, -0.09527941048145294, 0.3144136667251587, -0.0030624098144471645, 0.02799605391919613, -0.009043166413903236, 133376.0, 153416.203125, 85967.453125, 131895.625, 142154.78125, 102659.546875, 0.0, 0.0, 0.0, 0.0, 0.0, 0.0, 0.0, 0.0, 1.0, -0.774697482585907, 0.0, 0.0, 0.0
27632, -0.192903071641922, -0.09497284889221191, 0.3142286241054535, -0.003082202048972249, 0.028094535693526268, -0.00993120577186346, 133375.40625, 153416.203125, 85968.265625, 131899.53125, 142159.828125, 102658.796875, 0.0, 0.0, 0.0, 0.0, 0.0, 0.0, 0.0, 0.0, 1.0, -0.741212010383606, 0.0, 0.0, 0.0
27652, -0.19267965853214264, -0.09111937135457993, 0.31394773721694946, -0.002404886530712247, 0.035011209547519684, -0.012537620030343533, 133368.640625, 153413.46875, 85973.1328125, 131901.78125, 142164.875, 102656.171875, 0.0, 0.0, 0.0, 0.0, 0.0, 0.0, 0.0, 0.0, 1.0, -0.6892606019973755, 0.0, 0.0, 0.0
27672, -0.1945381760597229, -0.09081877022981644, 0.3137013018131256, -0.005931450054049492, 0.034710388630628586, -0.012343225069344044, 133371.5, 153413.46875, 85963.671875, 131898.953125, 142161.109375, 102660.859375, 0.0, 0.0, 0.0, 0.0, 0.0, 0.0, 0.0, 0.0, 1.0, -0.6501999497413635, 0.0, 0.0, 0.0
27692, -0.19487346708774567, -0.08887755870819092, 0.31365546584129333, -0.006613476201891899, 0.03721744567155838, -0.013426295481622219, 133373.75, 153407.40625, 85959.609375, 131888.890625, 142162.109375, 102658.796875, 0.0, 0.0, 0.0, 0.0, 0.0, 0.0, 0.0, 0.0, 1.0, -0.6275980472564697, 0.0, 0.0, 0.0
27712, -0.19480615854263306, -0.0879940539598465, 0.3133907914161682, -0.006620586384087801, 0.03720473498106003, -0.012895885854959488, 133370.890625, 153415.78125, 85963.3984375, 131896.703125, 142161.609375, 102656.734375, 0.0, 0.0, 0.0, 0.0, 0.0, 0.0, 0.0, 0.0, 1.0, -0.6032631993293762, 0.0, 0.0, 0.0
27732, -0.1950291395187378, -0.08489591628313065, 0.3131472170352936, -0.007275287993252277, 0.0413806326687336, -0.010928935371339321, 133368.640625, 153409.296875, 85964.75, 131892.21875, 142159.828125, 102654.109375, 0.0, 0.0, 0.0, 0.0, 0.0, 0.0, 0.0, 0.0, 1.0, -0.5884048938751221, 0.0, 0.0, 0.0
27752, -0.19518058001995087, -0.08409237116575241, 0.3111594319343567, -0.007904475554823875, 0.0405159629881382, -0.0195149052888155, 133371.5, 153409.71875, 85957.9921875, 131892.796875, 142159.828125, 102653.921875, 0.0, 0.0, 0.0, 0.0, 0.0, 0.0, 0.0, 0.0, 1.0, -0.5893742442131042, 0.0, 0.0, 0.0
27772, -0.19534428417682648, -0.0832945704460144, 0.31079229712486267, -0.00845668837428093, 0.039223626255989075, -0.01731911674141884, 133374.796875, 153407.40625, 85965.8359375, 131897.28125, 142161.609375, 102654.109375, 0.0, 0.0, 0.0, 0.0, 0.0, 0.0, 0.0, 0.0, 1.0, -0.5888172388076782, 0.0, 0.0, 0.0
27792, -0.19556376338005066, -0.08239675313234329, 0.31055575609207153, -0.00907993409782648, 0.037890415638685226, -0.015588600188493729, 133369.859375, 153419.953125, 85964.75, 131896.703125, 142160.328125, 102655.984375, 0.0, 0.0, 0.0, 0.0, 0.0, 0.0, 0.0, 0.0, 1.0, -0.582946240901947, 0.0, 0.0, 0.0
27812, -0.1943824589252472, -0.08020346611738205, 0.3102668225765228, -0.006814765743911266, 0.03886096552014351, -0.012090877629816532, 133371.5, 153403.234375, 85965.5625, 131895.046875, 142157.0625, 102658.796875, 0.0, 0.0, 0.0, 0.0, 0.0, 0.0, 0.0, 0.0, 1.0, -0.5765412449836731, 0.0, 0.0, 0.0
27832, -0.19590787589550018, -0.08017980307340622, 0.3112603724002838, -0.009075413458049297, 0.035228997468948364, -0.0009122504852712154, 133373.75, 153410.140625, 85965.5625, 131895.625, 142159.828125, 102652.609375, 0.0, 0.0, 0.0, 0.0, 0.0, 0.0, 0.0, 0.0, 1.0, -0.5515440702438354, 0.0, 0.0, 0.0
27852, -0.19632644951343536, -0.08066732436418533, 0.3112519085407257, -0.007632128428667784, 0.0306742861866951, 7.387285586446524e-05, 133376.0, 153414.328125, 85961.7734375, 131898.953125, 142163.875, 102656.734375, 0.0, 0.0, 0.0, 0.0, 0.0, 0.0, 0.0, 0.0, 1.0, -0.5315073132514954, 0.0, 0.0, 0.0
27872, -0.19931428134441376, -0.0819256454706192, 0.3127717673778534, -0.009506233036518097, 0.024816198274493217, 0.008191713131964207, 133376.0, 153416.625, 85959.0703125, 131903.4375, 142166.15625, 102662.359375, 0.0, 0.0, 0.0, 0.0, 0.0, 0.0, 0.0, 0.0, 1.0, -0.5257326364517212, 0.0, 0.0, 0.0
27892, -0.19584795832633972, -0.08216536790132523, 0.31289806962013245, 0.003968430683016777, 0.021043578162789345, 0.004825468175113201, 133371.5, 153409.71875, 85964.4765625, 131910.171875, 142165.65625, 102662.921875, 0.0, 0.0, 0.0, 0.0, 0.0, 0.0, 0.0, 0.0, 1.0, -0.48288196325302124, 0.0, 0.0, 0.0
27912, -0.19645017385482788, -0.08106613904237747, 0.3137621283531189, 0.010557998903095722, 0.020211046561598778, 0.003813041839748621, 133380.515625, 153414.75, 85960.96875, 131902.359375, 142166.65625, 102660.859375, 0.0, 0.0, 0.0, 0.0, 0.0, 0.0, 0.0, 0.0, 1.0, -0.45136570930480957, 0.0, 0.0, 0.0
27932, -0.19829432666301727, -0.08188149333000183, 0.31379055976867676, 0.01608213596045971, 0.015696197748184204, -0.0014123970177024603, 133367.0, 153414.328125, 85964.4765625, 131897.28125, 142168.4375, 102656.734375, 0.0, 0.0, 0.0, 0.0, 0.0, 0.0, 0.0, 0.0, 1.0, -0.42232653498649597, 0.0, 0.0, 0.0
27952, -0.19939188659191132, -0.08187400549650192, 0.3142271339893341, 0.023837145417928696, 0.013032808899879456, -0.0036128482315689325, 133369.25, 153407.84375, 85971.2421875, 131891.140625, 142151.71875, 102663.484375, 0.0, 0.0, 0.0, 0.0, 0.0, 0.0, 0.0, 0.0, 1.0, -0.41219279170036316, 0.0, 0.0, 0.0
27972, -0.19705596566200256, -0.08171989023685455, 0.3140926659107208, 0.03913021460175514, 0.010707227513194084, -0.00794006884098053, 133367.0, 153413.90625, 85973.1328125, 131891.140625, 142166.15625, 102663.484375, 0.0, 0.0, 0.0, 0.0, 0.0, 0.0, 0.0, 0.0, 1.0, -0.3976568579673767, 0.0, 0.0, 0.0
27992, -0.1969052255153656, -0.08152442425489426, 0.31393861770629883, 0.05016722157597542, 0.008593202568590641, -0.011749186553061008, 133357.984375, 153405.53125, 85974.21875, 131890.5625, 142160.328125, 102662.921875, 0.0, 0.0, 0.0, 0.0, 0.0, 0.0, 0.0, 0.0, 1.0, -0.39228060841560364, 0.0, 0.0, 0.0
28012, -0.19689413905143738, -0.08250831812620163, 0.3136807680130005, 0.06104988977313042, 0.004252366255968809, -0.015193150378763676, 133364.75, 153409.296875, 85975.03125, 131883.828125, 142168.4375, 102655.984375, 0.0, 0.0, 0.0, 0.0, 0.0, 0.0, 0.0, 0.0, 1.0, -0.38817381858825684, 0.0, 0.0, 0.0
28032, -0.19401296973228455, -0.0822916179895401, 0.31330955028533936, 0.07798928767442703, 0.002486948389559984, -0.020757880061864853, 133367.609375, 153413.90625, 85959.8828125, 131892.21875, 142166.15625, 102656.171875, 0.0, 0.0, 0.0, 0.0, 0.0, 0.0, 0.0, 0.0, 1.0, -0.39688631892204285, 0.0, 0.0, 0.0
28052, -0.19053295254707336, -0.08201603591442108, 0.31356707215309143, 0.09596563130617142, 0.0008877762593328953, -0.020408324897289276, 133373.75, 153409.296875, 85955.015625, 131887.234375, 142158.046875, 102650.734375, 0.0, 0.0, 0.0, 0.0, 0.0, 0.0, 0.0, 0.0, 1.0, -0.41778120398521423, 0.0, 0.0, 0.0
28072, -0.18846924602985382, -0.08252941817045212, 0.3131375312805176, 0.11031638830900192, -0.0020840696524828672, -0.022197773680090904, 133379.90625, 153403.65625, 85953.125, 131895.625, 142163.875, 102651.296875, 0.0, 0.0, 0.0, 0.0, 0.0, 0.0, 0.0, 0.0, 1.0, -0.4346071183681488, 0.0, 0.0, 0.0
28092, -0.18775442242622375, -0.08349252492189407, 0.31230491399765015, 0.12083736807107925, -0.005718126427382231, -0.024910470470786095, 133377.046875, 153407.40625, 85952.3125, 131901.1875, 142155.28125, 102667.609375, 0.0, 0.0, 0.0, 0.0, 0.0, 0.0, 0.0, 0.0, 1.0, -0.4676903486251831, 0.0, 0.0, 0.0
28112, -0.18316113948822021, -0.08309746533632278, 0.31182199716567993, 0.13841962814331055, -0.0063766175881028175, -0.02239195629954338, 133374.359375, 153412.015625, 85941.765625, 131902.359375, 142162.109375, 102657.484375, 0.0, 0.0, 0.0, 0.0, 0.0, 0.0, 0.0, 0.0, 1.0, -0.5030041933059692, 0.0, 0.0, 0.0
28132, -0.1817069947719574, -0.08416025340557098, 0.31073659658432007, 0.1476249247789383, -0.009884603321552277, -0.02523921988904476, 133373.75, 153421.234375, 85960.6953125, 131897.875, 142164.375, 102662.921875, 0.0, 0.0, 0.0, 0.0, 0.0, 0.0, 0.0, 0.0, 1.0, -0.5163488984107971, 0.0, 0.0, 0.0
28152, -0.1784171164035797, -0.08501424640417099, 0.310273677110672, 0.1597185581922531, -0.012522182427346706, -0.02085857279598713, 133373.75, 153409.296875, 85960.6953125, 131898.953125, 142163.875, 102660.859375, 0.0, 0.0, 0.0, 0.0, 0.0, 0.0, 0.0, 0.0, 1.0, -0.501798689365387, 0.0, 0.0, 0.0
28172, -0.17347750067710876, -0.08347683399915695, 0.3106413185596466, 0.1740529090166092, -0.009498761966824532, -0.014617571607232094, 133376.0, 153407.84375, 85960.6953125, 131894.46875, 142168.4375, 102656.171875, 0.0, 0.0, 0.0, 0.0, 0.0, 0.0, 0.0, 0.0, 1.0, -0.5233786106109619, 0.0, 0.0, 0.0
28192, -0.1713532656431198, -0.08534379303455353, 0.31036320328712463, 0.18108752369880676, -0.013628269545733929, -0.013812011107802391, 133373.140625, 153409.71875, 85957.9921875, 131896.703125, 142161.609375, 102662.921875, 0.0, 0.0, 0.0, 0.0, 0.0, 0.0, 0.0, 0.0, 1.0, -0.5107704997062683, 0.0, 0.0, 0.0
28212, -0.16532643139362335, -0.08530140668153763, 0.3100443184375763, 0.19555698335170746, -0.013258695602416992, -0.013544034212827682, 133372.546875, 153414.75, 85961.7734375, 131887.234375, 142161.609375, 102660.859375, 0.0, 0.0, 0.0, 0.0, 0.0, 0.0, 0.0, 0.0, 1.0, -0.5190187096595764, 0.0, 0.0, 0.0
28232, -0.16262395679950714, -0.08576903492212296, 0.3098145127296448, 0.20154884457588196, -0.013655692338943481, -0.009875331073999405, 133369.25, 153414.328125, 85957.9921875, 131892.21875, 142164.375, 102658.796875, 0.0, 0.0, 0.0, 0.0, 0.0, 0.0, 0.0, 0.0, 1.0, -0.5313597321510315, 0.0, 0.0, 0.0
28252, -0.15846042335033417, -0.08568520098924637, 0.30961787700653076, 0.2093849927186966, -0.012716569937765598, -0.00958157330751419, 133372.109375, 153419.359375, 85960.6953125, 131900.609375, 142159.328125, 102654.671875, 0.0, 0.0, 0.0, 0.0, 0.0, 0.0, 0.0, 0.0, 1.0, -0.574546217918396, 0.0, 0.0, 0.0
28272, -0.15516172349452972, -0.0861421748995781, 0.3087344467639923, 0.21370206773281097, -0.012887421064078808, -0.013167601078748703, 133373.140625, 153407.84375, 85949.609375, 131892.796875, 142168.4375, 102656.734375, 0.0, 0.0, 0.0, 0.0, 0.0, 0.0, 0.0, 0.0, 1.0, -0.6096578240394592, 0.0, 0.0, 0.0
28292, -0.1506403535604477, -0.0867174044251442, 0.30848437547683716, 0.21948286890983582, -0.013154788874089718, -0.012009046040475368, 133367.609375, 153414.75, 85947.4453125, 131895.046875, 142155.78125, 102658.046875, 0.0, 0.0, 0.0, 0.0, 0.0, 0.0, 0.0, 0.0, 1.0, -0.6428711414337158, 0.0, 0.0, 0.0
28312, -0.1459079384803772, -0.08700556308031082, 0.3088955581188202, 0.22432594001293182, -0.01273188367486, -0.007396976929157972, 133378.25, 153409.71875, 85959.8828125, 131897.28125, 142166.15625, 102661.609375, 0.0, 0.0, 0.0, 0.0, 0.0, 0.0, 0.0, 0.0, 1.0, -0.6715831756591797, 0.0, 0.0, 0.0
28332, -0.14157795906066895, -0.08710432797670364, 0.3087528645992279, 0.22702720761299133, -0.01202143169939518, -0.0066391341388225555, 133369.25, 153403.65625, 85967.453125, 131897.875, 142158.046875, 102662.171875, 0.0, 0.0, 0.0, 0.0, 0.0, 0.0, 0.0, 0.0, 1.0, -0.7049307823181152, 0.0, 0.0, 0.0
28352, -0.13614729046821594, -0.08712643384933472, 0.3083482086658478, 0.23144137859344482, -0.01111684925854206, -0.005600897595286369, 133375.40625, 153412.015625, 85949.609375, 131900.109375, 142161.609375, 102667.046875, 0.0, 0.0, 0.0, 0.0, 0.0, 0.0, 0.0, 0.0, 1.0, -0.7230482697486877, 0.0, 0.0, 0.0
28372, -0.1338038593530655, -0.08760103583335876, 0.30826708674430847, 0.22783263027668, -0.011303836479783058, -0.0035242291633039713, 133372.109375, 153412.4375, 85950.421875, 131899.53125, 142158.046875, 102664.234375, 0.0, 0.0, 0.0, 0.0, 0.0, 0.0, 0.0, 0.0, 1.0, -0.7414756417274475, 0.0, 0.0, 0.0
28392, -0.1292925328016281, -0.08770044147968292, 0.3077274262905121, 0.22878822684288025, -0.010533219203352928, -0.0034413563553243876, 133367.609375, 153416.625, 85964.75, 131901.1875, 142162.109375, 102658.046875, 0.0, 0.0, 0.0, 0.0, 0.0, 0.0, 0.0, 0.0, 1.0, -0.7292603850364685, 0.0, 0.0, 0.0
28412, -0.1251218467950821, -0.08790560811758041, 0.30768176913261414, 0.22853833436965942, -0.01037547830492258, -0.0007640027906745672, 133371.5, 153414.328125, 85956.09375, 131891.140625, 142162.109375, 102662.921875, 0.0, 0.0, 0.0, 0.0, 0.0, 0.0, 0.0, 0.0, 1.0, -0.7371628284454346, 0.0, 0.0, 0.0
28432, -0.1209791898727417, -0.08839975297451019, 0.3078056275844574, 0.22780632972717285, -0.010959336534142494, 0.0007111554150469601, 133368.640625, 153412.4375, 85957.1796875, 131899.53125, 142163.875, 102662.171875, 0.0, 0.0, 0.0, 0.0, 0.0, 0.0, 0.0, 0.0, 1.0, -0.7608977556228638, 0.0, 0.0, 0.0
28452, -0.11790968477725983, -0.08917716145515442, 0.3078491985797882, 0.22422751784324646, -0.012260859832167625, 0.002652509370818734, 133383.359375, 153421.234375, 85951.5, 131892.21875, 142163.875, 102659.546875, 0.0, 0.0, 0.0, 0.0, 0.0, 0.0, 0.0, 0.0, 1.0, -0.7904025912284851, 0.0, 0.0, 0.0
28472, -0.11246369034051895, -0.08916480094194412, 0.30788788199424744, 0.22625134885311127, -0.0119212307035923, 0.001572615117765963, 133374.96875, 153410.140625, 85943.65625, 131899.53125, 142160.328125, 102662.921875, 0.0, 0.0, 0.0, 0.0, 0.0, 0.0, 0.0, 0.0, 1.0, -0.8311200141906738, 0.0, 0.0, 0.0
28492, -0.10899605602025986, -0.08930984884500504, 0.30844175815582275, 0.22304929792881012, -0.01189000066369772, 0.005696704611182213, 133381.109375, 153413.90625, 85947.4453125, 131892.796875, 142159.328125, 102662.921875, 0.0, 0.0, 0.0, 0.0, 0.0, 0.0, 0.0, 0.0, 1.0, -0.8535324335098267, 0.0, 0.0, 0.0
28512, -0.10369063913822174, -0.09087101370096207, 0.3085349500179291, 0.22433634102344513, -0.015450835227966309, 0.004513794556260109, 133378.25, 153414.75, 85963.671875, 131899.53125, 142157.5625, 102650.734375, 0.0, 0.0, 0.0, 0.0, 0.0, 0.0, 0.0, 0.0, 1.0, -0.8849766850471497, 0.0, 0.0, 0.0
28532, -0.10079631954431534, -0.09081736952066422, 0.30882179737091064, 0.21923480927944183, -0.014847299084067345, 0.0041774120181798935, 133379.90625, 153411.59375, 85957.71875, 131892.796875, 142155.28125, 102655.421875, 0.0, 0.0, 0.0, 0.0, 0.0, 0.0, 0.0, 0.0, 1.0, -0.8791568875312805, 0.0, 0.0, 0.0
28552, -0.0975760892033577, -0.09125354886054993, 0.30890315771102905, 0.21500253677368164, -0.015461018308997154, 0.0036185786593705416, 133376.0, 153414.328125, 85945.5546875, 131895.625, 142164.375, 102655.984375, 0.0, 0.0, 0.0, 0.0, 0.0, 0.0, 0.0, 0.0, 1.0, -0.8663190603256226, 0.0, 0.0, 0.0
28572, -0.09390633553266525, -0.09155858308076859, 0.3094116747379303, 0.21173782646656036, -0.015493317507207394, 0.002604471053928137, 133373.75, 153409.71875, 85946.6328125, 131902.359375, 142166.15625, 102658.796875, 0.0, 0.0, 0.0, 0.0, 0.0, 0.0, 0.0, 0.0, 1.0, -0.8451283574104309, 0.0, 0.0, 0.0
28592, -0.08966831117868423, -0.09266753494739532, 0.3094352185726166, 0.2099951058626175, -0.01739262044429779, -0.00017646401829551905, 133370.890625, 153414.75, 85951.2265625, 131901.78125, 142160.328125, 102662.921875, 0.0, 0.0, 0.0, 0.0, 0.0, 0.0, 0.0, 0.0, 1.0, -0.8041695952415466, 0.0, 0.0, 0.0
28612, -0.08531150221824646, -0.09343836456537247, 0.30965983867645264, 0.20848271250724792, -0.018193962052464485, 0.000379872159101069, 133378.859375, 153418.921875, 85950.421875, 131905.6875, 142159.828125, 102662.921875, 0.0, 0.0, 0.0, 0.0, 0.0, 0.0, 0.0, 0.0, 1.0, -0.7622485160827637, 0.0, 0.0, 0.0
28632, -0.0819840356707573, -0.09368721395730972, 0.3096865713596344, 0.20363791286945343, -0.01713165082037449, 0.0007036598981358111, 133378.25, 153410.140625, 85962.859375, 131908.5, 142161.609375, 102659.546875, 0.0, 0.0, 0.0, 0.0, 0.0, 0.0, 0.0, 0.0, 1.0, -0.7176335453987122, 0.0, 0.0, 0.0
28652, -0.0781741514801979, -0.09494396299123764, 0.3101953864097595, 0.2007533311843872, -0.018862970173358917, -0.00017506603035144508, 133376.0, 153411.59375, 85943.65625, 131903.4375, 142155.28125, 102660.859375, 0.0, 0.0, 0.0, 0.0, 0.0, 0.0, 0.0, 0.0, 1.0, -0.6638184785842896, 0.0, 0.0, 0.0
28672, -0.07342948019504547, -0.09407813847064972, 0.3101907968521118, 0.20049580931663513, -0.014749642461538315, 0.000620548555161804, 133378.25, 153414.328125, 85946.6328125, 131897.875, 142155.78125, 102665.734375, 0.0, 0.0, 0.0, 0.0, 0.0, 0.0, 0.0, 0.0, 1.0, -0.6028472185134888, 0.0, 0.0, 0.0
28692, -0.07051470875740051, -0.09524861723184586, 0.31131306290626526, 0.19554519653320312, -0.016134202480316162, 0.006169395055621862, 133373.75, 153407.40625, 85950.1484375, 131892.796875, 142153.5, 102662.171875, 0.0, 0.0, 0.0, 0.0, 0.0, 0.0, 0.0, 0.0, 1.0, -0.5262236595153809, 0.0, 0.0, 0.0
28712, -0.06615155935287476, -0.09540291130542755, 0.31142622232437134, 0.19493988156318665, -0.014709848910570145, 0.005132497753947973, 133376.0, 153409.71875, 85956.09375, 131888.890625, 142159.828125, 102658.796875, 0.0, 0.0, 0.0, 0.0, 0.0, 0.0, 0.0, 0.0, 1.0, -0.4597424566745758, 0.0, 0.0, 0.0
28732, -0.06228785589337349, -0.09594737738370895, 0.31170031428337097, 0.19340626895427704, -0.014552810229361057, 0.0038499818183481693, 133382.765625, 153405.53125, 85958.8046875, 131884.984375, 142159.328125, 102662.921875, 0.0, 0.0, 0.0, 0.0, 0.0, 0.0, 0.0, 0.0, 1.0, -0.3868774175643921, 0.0, 0.0, 0.0
28752, -0.0595848448574543, -0.09595238417387009, 0.3117818832397461, 0.1892274171113968, -0.013195040635764599, 0.0027189862448722124, 133371.5, 153408.265625, 85940.953125, 131897.28125, 142157.5625, 102665.734375, 0.0, 0.0, 0.0, 0.0, 0.0, 0.0, 0.0, 0.0, 1.0, -0.29422125220298767, 0.0, 0.0, 0.0
28772, -0.055140890181064606, -0.09659934788942337, 0.31180644035339355, 0.19042980670928955, -0.013643747195601463, -5.8391447964822873e-05, 133379.90625, 153400.921875, 85937.171875, 131900.109375, 142160.828125, 102655.421875, 0.0, 0.0, 0.0, 0.0, 0.0, 0.0, 0.0, 0.0, 1.0, -0.21855232119560242, 0.0, 0.0, 0.0
28792, -0.05140269547700882, -0.09725738316774368, 0.3110266625881195, 0.1899881213903427, -0.014121160842478275, -0.005158534273505211, 133374.359375, 153414.328125, 85945.5546875, 131901.78125, 142162.109375, 102669.671875, 0.0, 0.0, 0.0, 0.0, 0.0, 0.0, 0.0, 0.0, 1.0, -0.139648899435997, 0.0, 0.0, 0.0
28812, -0.04849134013056755, -0.09767568856477737, 0.3108939230442047, 0.1875356286764145, -0.013993526808917522, -0.0076040118001401424, 133378.25, 153410.140625, 85937.7109375, 131899.53125, 142162.609375, 102661.609375, 0.0, 0.0, 0.0, 0.0, 0.0, 0.0, 0.0, 0.0, 1.0, -0.08235254138708115, 0.0, 0.0, 0.0
28832, -0.0455513671040535, -0.09883499890565872, 0.31164202094078064, 0.1853666454553604, -0.01587725803256035, -0.0017776888562366366, 133368.203125, 153410.140625, 85939.0625, 131897.875, 142157.5625, 102656.171875, 0.0, 0.0, 0.0, 0.0, 0.0, 0.0, 0.0, 0.0, 1.0, -0.023422708734869957, 0.0, 0.0, 0.0
28852, -0.042282260954380035, -0.0990506112575531, 0.3116094172000885, 0.1843058466911316, -0.01506358478218317, -0.001877099392004311, 133374.359375, 153407.84375, 85945.5546875, 131895.625, 142163.875, 102669.109375, 0.0, 0.0, 0.0, 0.0, 0.0, 0.0, 0.0, 0.0, 1.0, 0.026708398014307022, 0.0, 0.0, 0.0
28872, -0.03916524350643158, -0.09924846142530441, 0.31049972772598267, 0.18283678591251373, -0.01427012961357832, -0.00567104434594512, 133378.859375, 153408.265625, 85937.171875, 131895.625, 142164.875, 102662.359375, 0.0, 0.0, 0.0, 0.0, 0.0, 0.0, 0.0, 0.0, 1.0, 0.07830832898616791, 0.0, 0.0, 0.0
28892, -0.035738714039325714, -0.09971386194229126, 0.31041014194488525, 0.18263958394527435, -0.013978042639791965, -0.00407194159924984, 133378.25, 153418.921875, 85938.25, 131895.625, 142161.109375, 102659.546875, 0.0, 0.0, 0.0, 0.0, 0.0, 0.0, 0.0, 0.0, 1.0, 0.15644137561321259, 0.0, 0.0, 0.0
28912, -0.032428693026304245, -0.10115811973810196, 0.31183096766471863, 0.18241821229457855, -0.016398118808865547, 0.0052688210271298885, 133378.25, 153412.4375, 85941.765625, 131890.5625, 142166.15625, 102663.671875, 0.0, 0.0, 0.0, 0.0, 0.0, 0.0, 0.0, 0.0, 1.0, 0.229112446308136, 0.0, 0.0, 0.0
28932, -0.029844075441360474, -0.10109318047761917, 0.3119227886199951, 0.1803274303674698, -0.014304873533546925, 0.002449392108246684, 133371.5, 153416.203125, 85944.46875, 131900.109375, 142157.0625, 102665.734375, 0.0, 0.0, 0.0, 0.0, 0.0, 0.0, 0.0, 0.0, 1.0, 0.32601696252822876, 0.0, 0.0, 0.0
28952, -0.026762407273054123, -0.10262913256883621, 0.31198400259017944, 0.18002958595752716, -0.016852818429470062, 0.0015520378947257996, 133372.703125, 153410.140625, 85951.2265625, 131890.5625, 142164.375, 102662.921875, 0.0, 0.0, 0.0, 0.0, 0.0, 0.0, 0.0, 0.0, 1.0, 0.4419897794723511, 0.0, 0.0, 0.0
28972, -0.022384369745850563, -0.10269122570753098, 0.31199413537979126, 0.1836496889591217, -0.014913320541381836, 0.0006176770548336208, 133385.015625, 153415.171875, 85936.359375, 131897.875, 142166.15625, 102662.359375, 0.0, 0.0, 0.0, 0.0, 0.0, 0.0, 0.0, 0.0, 1.0, 0.5168175101280212, 0.0, 0.0, 0.0
28992, -0.01954854466021061, -0.10360133647918701, 0.3119882643222809, 0.18287459015846252, -0.015201560221612453, -0.001968653639778495, 133369.859375, 153416.625, 85934.1953125, 131905.6875, 142160.328125, 102661.609375, 0.0, 0.0, 0.0, 0.0, 0.0, 0.0, 0.0, 0.0, 1.0, 0.617260754108429, 0.0, 0.0, 0.0
29012, -0.015942523255944252, -0.10448130965232849, 0.3127961754798889, 0.1843283325433731, -0.015433159656822681, -0.001497185556218028, 133373.75, 153417.46875, 85930.40625, 131895.625, 142166.15625, 102658.234375, 0.0, 0.0, 0.0, 0.0, 0.0, 0.0, 0.0, 0.0, 1.0, 0.6683018207550049, 0.0, 0.0, 0.0
29032, -0.012244402430951595, -0.10431735962629318, 0.3127472400665283, 0.18585345149040222, -0.012647262774407864, -0.0034393277019262314, 133372.109375, 153412.4375, 85937.9765625, 131902.359375, 142170.703125, 102659.546875, 0.0, 0.0, 0.0, 0.0, 0.0, 0.0, 0.0, 0.0, 1.0, 0.7508246302604675, 0.0, 0.0, 0.0
29052, -0.008549121208488941, -0.10403437167406082, 0.31319350004196167, 0.187111496925354, -0.009399548172950745, -0.002577412175014615, 133380.515625, 153416.625, 85937.171875, 131898.453125, 142164.375, 102669.109375, 0.0, 0.0, 0.0, 0.0, 0.0, 0.0, 0.0, 0.0, 1.0, 0.8459513187408447, 0.0, 0.0, 0.0
29072, -0.005468446761369705, -0.1052904799580574, 0.31314095854759216, 0.18595072627067566, -0.01066961232572794, -0.0029083562549203634, 133376.0, 153416.625, 85942.578125, 131895.625, 142160.828125, 102662.921875, 0.0, 0.0, 0.0, 0.0, 0.0, 0.0, 0.0, 0.0, 1.0, 0.9132580161094666, 0.0, 0.0, 0.0
29092, -0.0018404694274067879, -0.10476444661617279, 0.3130233585834503, 0.18679989874362946, -0.007077631540596485, -0.0031673035118728876, 133378.25, 153410.140625, 85950.421875, 131897.875, 142157.5625, 102673.234375, 0.0, 0.0, 0.0, 0.0, 0.0, 0.0, 0.0, 0.0, 1.0, 1.0030707120895386, 0.0, 0.0, 0.0
29112, 0.0010888725519180298, -0.10528375953435898, 0.31294724345207214, 0.18571491539478302, -0.006532240658998489, -0.005565511994063854, 133376.0, 153423.109375, 85949.3359375, 131902.359375, 142161.609375, 102671.171875, 0.0, 0.0, 0.0, 0.0, 0.0, 0.0, 0.0, 0.0, 1.0, 1.0983372926712036, 0.0, 0.0, 0.0
29132, 0.0060315788723528385, -0.10605873167514801, 0.3120095729827881, 0.19054777920246124, -0.007324109319597483, -0.011808913201093674, 133376.609375, 153406.390625, 85945.8203125, 131898.453125, 142166.65625, 102666.484375, 0.0, 0.0, 0.0, 0.0, 0.0, 0.0, 0.0, 0.0, 1.0, 1.1841762065887451, 0.0, 0.0, 0.0
29152, 0.009925667196512222, -0.10538383573293686, 0.3117949962615967, 0.19235901534557343, -0.003836667165160179, -0.009790073148906231, 133383.359375, 153414.75, 85934.1953125, 131895.625, 142161.609375, 102669.109375, 0.0, 0.0, 0.0, 0.0, 0.0, 0.0, 0.0, 0.0, 1.0, 1.2466293573379517, 0.0, 0.0, 0.0
29172, 0.012763830833137035, -0.1059107780456543, 0.31249186396598816, 0.19076886773109436, -0.004012621473520994, -0.00929379090666771, 133377.21875, 153412.015625, 85936.0859375, 131901.78125, 142154.78125, 102667.046875, 0.0, 0.0, 0.0, 0.0, 0.0, 0.0, 0.0, 0.0, 1.0, 1.2870436906814575, 0.0, 0.0, 0.0
29192, 0.01686141826212406, -0.10648062825202942, 0.312298059463501, 0.1934039145708084, -0.004365348722785711, -0.009596023708581924, 133382.765625, 153412.875, 85933.3828125, 131902.359375, 142164.375, 102660.859375, 0.0, 0.0, 0.0, 0.0, 0.0, 0.0, 0.0, 0.0, 1.0, 1.3567719459533691, 0.0, 0.0, 0.0
29212, 0.02178792655467987, -0.10667044669389725, 0.3104380667209625, 0.19844013452529907, -0.003957778215408325, -0.01847970113158226, 133385.015625, 153416.625, 85931.4921875, 131894.546875, 142169.71875, 102667.046875, 0.0, 0.0, 0.0, 0.0, 0.0, 0.0, 0.0, 0.0, 1.0, 1.4404598474502563, 0.0, 0.0, 0.0
29232, 0.02533430978655815, -0.10634087771177292, 0.31007683277130127, 0.19912104308605194, -0.002081466605886817, -0.018457423895597458, 133387.265625, 153410.5625, 85933.3828125, 131901.78125, 142167.9375, 102659.546875, 0.0, 0.0, 0.0, 0.0, 0.0, 0.0, 0.0, 0.0, 1.0, 1.5093188285827637, 0.0, 0.0, 0.0
29252, 0.027026623487472534, -0.10778509080410004, 0.3098982274532318, 0.19915856420993805, -0.006001242436468601, -0.01812897063791752, 133385.015625, 153410.140625, 85939.875, 131900.109375, 142174.765625, 102665.734375, 0.0, 0.0, 0.0, 0.0, 0.0, 0.0, 0.0, 0.0, 1.0, 1.5966123342514038, 0.0, 0.0, 0.0
29272, 0.030733106657862663, -0.10773107409477234, 0.3096742630004883, 0.20021061599254608, -0.00449850270524621, -0.016321778297424316, 133385.015625, 153412.875, 85937.9765625, 131907.921875, 142168.4375, 102669.859375, 0.0, 0.0, 0.0, 0.0, 0.0, 0.0, 0.0, 0.0, 1.0, 1.655490517616272, 0.0, 0.0, 0.0
29292, 0.03382505103945732, -0.10758114606142044, 0.3093574643135071, 0.1992662101984024, -0.0028166186530143023, -0.016698384657502174, 133374.359375, 153416.625, 85940.953125, 131901.78125, 142168.9375, 102669.859375, 0.0, 0.0, 0.0, 0.0, 0.0, 0.0, 0.0, 0.0, 1.0, 1.7334043979644775, 0.0, 0.0, 0.0
29312, 0.03764351084828377, -0.10887671262025833, 0.30978304147720337, 0.20047619938850403, -0.0055671511217951775, -0.011998174712061882, 133378.859375, 153414.75, 85935.0078125, 131899.53125, 142158.546875, 102664.984375, 0.0, 0.0, 0.0, 0.0, 0.0, 0.0, 0.0, 0.0, 1.0, 1.7913830280303955, 0.0, 0.0, 0.0
29332, 0.04182812571525574, -0.10964412987232208, 0.30953139066696167, 0.2023966759443283, -0.00671630073338747, -0.013265742920339108, 133380.515625, 153410.140625, 85944.7421875, 131905.6875, 142164.875, 102671.734375, 0.0, 0.0, 0.0, 0.0, 0.0, 0.0, 0.0, 0.0, 1.0, 1.8544663190841675, 0.0, 0.0, 0.0
29352, 0.04520760849118233, -0.10924343764781952, 0.3091254234313965, 0.20131707191467285, -0.004282205831259489, -0.012675096280872822, 133377.65625, 153418.921875, 85943.9296875, 131899.53125, 142168.4375, 102662.359375, 0.0, 0.0, 0.0, 0.0, 0.0, 0.0, 0.0, 0.0, 1.0, 1.9117766618728638, 0.0, 0.0, 0.0
29372, 0.04975995421409607, -0.10971315205097198, 0.308878630399704, 0.20361529290676117, -0.0043449392542243, -0.011743939481675625, 133376.609375, 153407.84375, 85939.875, 131895.046875, 142169.4375, 102668.359375, 0.0, 0.0, 0.0, 0.0, 0.0, 0.0, 0.0, 0.0, 1.0, 1.983511209487915, 0.0, 0.0, 0.0
29392, 0.05336280167102814, -0.1102256029844284, 0.30878186225891113, 0.20244883000850677, -0.004300710279494524, -0.012539993971586227, 133378.25, 153414.328125, 85942.578125, 131895.625, 142168.4375, 102668.546875, 0.0, 0.0, 0.0, 0.0, 0.0, 0.0, 0.0, 0.0, 1.0, 2.0216381549835205, 0.0, 0.0, 0.0
29412, 0.05707685649394989, -0.11032875627279282, 0.3085240423679352, 0.2016170471906662, -0.0033022197894752026, -0.013188032433390617, 133381.546875, 153412.4375, 85945.5546875, 131904.59375, 142166.65625, 102667.796875, 0.0, 0.0, 0.0, 0.0, 0.0, 0.0, 0.0, 0.0, 1.0, 2.074158191680908, 0.0, 0.0, 0.0
29432, 0.06078580021858215, -0.11117829382419586, 0.3077813684940338, 0.2004004567861557, -0.004348646383732557, -0.014811853878200054, 133379.46875, 153412.015625, 85939.875, 131899.53125, 142159.828125, 102671.921875, 0.0, 0.0, 0.0, 0.0, 0.0, 0.0, 0.0, 0.0, 1.0, 2.1399483680725098, 0.0, 0.0, 0.0
29452, 0.06443442404270172, -0.11032982915639877, 0.30749455094337463, 0.19881729781627655, -0.00021093271789141, -0.015018952079117298, 133383.359375, 153418.921875, 85940.953125, 131904.59375, 142167.15625, 102670.421875, 0.0, 0.0, 0.0, 0.0, 0.0, 0.0, 0.0, 0.0, 1.0, 2.163810968399048, 0.0, 0.0, 0.0
29472, 0.0695883110165596, -0.11119434237480164, 0.3071025013923645, 0.20104804635047913, -0.0009218982886523008, -0.016221212223172188, 133376.609375, 153414.75, 85940.6875, 131906.265625, 142175.265625, 102668.546875, 0.0, 0.0, 0.0, 0.0, 0.0, 0.0, 0.0, 0.0, 1.0, 2.1807634830474854, 0.0, 0.0, 0.0
29492, 0.0725293979048729, -0.11108853667974472, 0.30678704380989075, 0.19700762629508972, 0.0012991544790565968, -0.01620468683540821, 133380.515625, 153415.171875, 85939.0625, 131904.015625, 142164.875, 102669.859375, 0.0, 0.0, 0.0, 0.0, 0.0, 0.0, 0.0, 0.0, 1.0, 2.159245729446411, 0.0, 0.0, 0.0
29512, 0.07625465840101242, -0.11120953410863876, 0.30647745728492737, 0.19555489718914032, 0.0026787419337779284, -0.015535401180386543, 133378.25, 153421.65625, 85933.3828125, 131906.265625, 142166.65625, 102667.796875, 0.0, 0.0, 0.0, 0.0, 0.0, 0.0, 0.0, 0.0, 1.0, 2.154444932937622, 0.0, 0.0, 0.0
29532, 0.08072548359632492, -0.11121223121881485, 0.3060402572154999, 0.19637231528759003, 0.004552421625703573, -0.014415993355214596, 133386.21875, 153415.171875, 85928.515625, 131904.59375, 142164.875, 102661.609375, 0.0, 0.0, 0.0, 0.0, 0.0, 0.0, 0.0, 0.0, 1.0, 2.117706775665283, 0.0, 0.0, 0.0
29552, 0.08381985127925873, -0.11168225854635239, 0.30576252937316895, 0.1931484341621399, 0.004933448974043131, -0.014386086724698544, 133382.765625, 153414.75, 85931.21875, 131905.765625, 142169.4375, 102673.984375, 0.0, 0.0, 0.0, 0.0, 0.0, 0.0, 0.0, 0.0, 1.0, 2.0603575706481934, 0.0, 0.0, 0.0
29572, 0.0880456417798996, -0.11128763109445572, 0.30640462040901184, 0.19335609674453735, 0.007759597152471542, -0.011066632345318794, 133378.859375, 153419.359375, 85936.8984375, 131900.109375, 142164.375, 102671.921875, 0.0, 0.0, 0.0, 0.0, 0.0, 0.0, 0.0, 0.0, 1.0, 2.01833176612854, 0.0, 0.0, 0.0
29592, 0.09134123474359512, -0.11147249490022659, 0.30618736147880554, 0.19091343879699707, 0.008544838055968285, -0.011000949889421463, 133386.0625, 153418.921875, 85935.0078125, 131913.0, 142169.4375, 102663.671875, 0.0, 0.0, 0.0, 0.0, 0.0, 0.0, 0.0, 0.0, 1.0, 1.9559686183929443, 0.0, 0.0, 0.0
29612, 0.09532603621482849, -0.11100880801677704, 0.30633553862571716, 0.19076058268547058, 0.010962123982608318, -0.008639121428132057, 133380.515625, 153423.53125, 85934.1953125, 131900.6875, 142162.609375, 102668.359375, 0.0, 0.0, 0.0, 0.0, 0.0, 0.0, 0.0, 0.0, 1.0, 1.8776826858520508, 0.0, 0.0, 0.0
29632, 0.09840011596679688, -0.11106543242931366, 0.3061755299568176, 0.1879006177186966, 0.011553758755326271, -0.008309541270136833, 133385.015625, 153416.625, 85943.65625, 131900.109375, 142168.9375, 102662.359375, 0.0, 0.0, 0.0, 0.0, 0.0, 0.0, 0.0, 0.0, 1.0, 1.7789652347564697, 0.0, 0.0, 0.0
29652, 0.10178518295288086, -0.11017711460590363, 0.30680328607559204, 0.18641957640647888, 0.01480491366237402, -0.006132680457085371, 133390.125, 153416.203125, 85942.84375, 131903.4375, 142164.375, 102664.421875, 0.0, 0.0, 0.0, 0.0, 0.0, 0.0, 0.0, 0.0, 1.0, 1.6599808931350708, 0.0, 0.0, 0.0
29672, 0.10505587607622147, -0.1101498231291771, 0.3066384792327881, 0.18479429185390472, 0.01512940414249897, -0.010440311394631863, 133389.515625, 153423.53125, 85934.1953125, 131906.84375, 142169.4375, 102669.859375, 0.0, 0.0, 0.0, 0.0, 0.0, 0.0, 0.0, 0.0, 1.0, 1.5370266437530518, 0.0, 0.0, 0.0
29692, 0.1091579794883728, -0.1102292463183403, 0.3058573007583618, 0.1860651671886444, 0.01501038670539856, -0.015239251777529716, 133381.71875, 153417.046875, 85934.1953125, 131913.578125, 142164.875, 102674.7421875, 0.0, 0.0, 0.0, 0.0, 0.0, 0.0, 0.0, 0.0, 1.0, 1.4157352447509766, 0.0, 0.0, 0.0
29712, 0.1119728684425354, -0.11038035154342651, 0.3055433928966522, 0.18364784121513367, 0.014615871012210846, -0.016947180032730103, 133384.40625, 153419.359375, 85944.46875, 131902.9375, 142166.65625, 102671.171875, 0.0, 0.0, 0.0, 0.0, 0.0, 0.0, 0.0, 0.0, 1.0, 1.2826640605926514, 0.0, 0.0, 0.0
29732, 0.11506809294223785, -0.11004334688186646, 0.3054966926574707, 0.18238180875778198, 0.01555635780096054, -0.016636716201901436, 133380.515625, 153405.953125, 85939.875, 131905.6875, 142166.65625, 102668.546875, 0.0, 0.0, 0.0, 0.0, 0.0, 0.0, 0.0, 0.0, 1.0, 1.1862800121307373, 0.0, 0.0, 0.0
29752, 0.11804868280887604, -0.10958395898342133, 0.30518558621406555, 0.18103262782096863, 0.016609741374850273, -0.015358617529273033, 133377.65625, 153417.046875, 85930.40625, 131907.421875, 142166.65625, 102671.921875, 0.0, 0.0, 0.0, 0.0, 0.0, 0.0, 0.0, 0.0, 1.0, 1.0975292921066284, 0.0, 0.0, 0.0
29772, 0.12187697738409042, -0.1093900129199028, 0.3048599660396576, 0.18248188495635986, 0.016932329162955284, -0.017789943143725395, 133380.515625, 153417.046875, 85924.734375, 131908.5, 142175.265625, 102670.6171875, 0.0, 0.0, 0.0, 0.0, 0.0, 0.0, 0.0, 0.0, 1.0, 1.013236165046692, 0.0, 0.0, 0.0
29792, 0.1243867427110672, -0.10907644033432007, 0.30422601103782654, 0.1803409606218338, 0.017725465819239616, -0.01908072829246521, 133387.875, 153412.875, 85923.6484375, 131903.4375, 142166.65625, 102663.671875, 0.0, 0.0, 0.0, 0.0, 0.0, 0.0, 0.0, 0.0, 1.0, 0.9265062808990479, 0.0, 0.0, 0.0
29812, 0.12803605198860168, -0.10894360393285751, 0.3038643002510071, 0.18196095526218414, 0.017763648182153702, -0.01793915219604969, 133387.265625, 153412.015625, 85934.1953125, 131904.59375, 142170.703125, 102671.921875, 0.13392919301986694, -0.2801939845085144, 0.25640392303466797, 0.0396500900387764, 0.30222180485725403, 0.15507590770721436, 0.0, 0.0, 1.0, 0.7951000332832336, 0.0, 0.0, 0.0
29832, 0.13328292965888977, -0.10800167173147202, 0.3044096529483795, 0.18827401101589203, 0.020113404840230942, -0.014413437806069851, 133385.609375, 153416.625, 85937.7109375, 131908.5, 142159.828125, 102664.984375, 0.6623712182044983, -0.5294591188430786, 0.8709479570388794, -0.2864575982093811, 0.9824937582015991, 0.1594982147216797, 0.0, 0.0, 1.0, 0.6725793480873108, 0.0, 0.0, 0.0
29852, 0.13567261397838593, -0.10795499384403229, 0.3041646480560303, 0.18614594638347626, 0.019561560824513435, -0.0112156355753541, 133382.15625, 153419.359375, 85931.21875, 131904.59375, 142164.375, 102669.109375, 0.7236459255218506, -0.35988348722457886, 1.6776636838912964, -0.4742443561553955, 1.2416759729385376, 0.15096722543239594, 0.0, 0.0, 1.0, 0.5419096946716309, 0.0, 0.0, 0.0
29872, 0.13983343541622162, -0.10696042329072952, 0.3035203516483307, 0.18919704854488373, 0.021385472267866135, -0.013175824657082558, 133385.015625, 153410.140625, 85932.3046875, 131904.59375, 142164.875, 102666.484375, 0.7642533779144287, -0.3827438950538635, 2.3723199367523193, -0.1444316804409027, 1.4090228080749512, 0.41290637850761414, 0.0, 0.0, 1.0, 0.44151610136032104, 0.0, 0.0, 0.0
29892, 0.14361374080181122, -0.10689492523670197, 0.3032652735710144, 0.19117803871631622, 0.020284214988350868, -0.012537105940282345, 133374.96875, 153415.171875, 85937.171875, 131897.875, 142167.65625, 102666.484375, 0.7864941954612732, -0.9146673083305359, 2.6286888122558594, 0.023173555731773376, 1.7767231464385986, 0.4066542983055115, 0.0, 0.0, 1.0, 0.3615754544734955, 0.0, 0.0, 0.0
29912, 0.14691783487796783, -0.10667196661233902, 0.30293720960617065, 0.19136235117912292, 0.019635330885648727, -0.015273017808794975, 133377.8125, 153417.046875, 85928.25, 131907.921875, 142164.375, 102665.734375, 0.060218244791030884, -1.1083661317825317, 2.4960103034973145, 0.15952298045158386, 1.9835588932037354, 0.27524542808532715, 0.0, 0.0, 1.0, 0.25667738914489746, 0.0, 0.0, 0.0
29932, 0.15039753913879395, -0.10695529729127884, 0.30263635516166687, 0.19269569218158722, 0.017257090657949448, -0.015679946169257164, 133383.359375, 153419.359375, 85927.4375, 131902.359375, 142162.609375, 102668.546875, -0.3154519498348236, -0.6634944677352905, 2.1869943141937256, 0.15613862872123718, 1.6527799367904663, -0.2486223578453064, 0.0, 0.0, 1.0, 0.16321560740470886, 0.0, 0.0, 0.0
29952, 0.15384049713611603, -0.10592934489250183, 0.3022124469280243, 0.19399526715278625, 0.018457934260368347, -0.015677860006690025, 133385.609375, 153417.46875, 85933.109375, 131904.59375, 142164.375, 102677.359375, -0.21060463786125183, -0.2718260586261749, 2.2297213077545166, -0.08399991691112518, 1.2963963747024536, -1.0643452405929565, 0.0, 0.0, 1.0, 0.08770712465047836, 0.0, 0.0, 0.0
29972, 0.1576240360736847, -0.10546039044857025, 0.3019292950630188, 0.1964365839958191, 0.017825115472078323, -0.0130445696413517, 133374.359375, 153419.359375, 85919.0546875, 131913.0, 142164.875, 102673.234375, -0.6372818946838379, 0.07146619260311127, 1.8514025211334229, 0.3673669099807739, 0.9175617098808289, -1.2925300598144531, 0.0, 0.0, 1.0, 0.006564764771610498, 0.0, 0.0, 0.0
29992, 0.1618349552154541, -0.10542474687099457, 0.30179116129875183, 0.20002983510494232, 0.015582156367599964, -0.011920263059437275, 133386.65625, 153410.140625, 85923.6484375, 131900.6875, 142161.609375, 102673.984375, -1.536099910736084, 0.3715822100639343, 1.2689805030822754, 0.6424354314804077, 0.2371344268321991, -1.2807862758636475, 0.0, 0.0, 1.0, -0.06613288819789886, 0.0, 0.0, 0.0
30012, 0.16494348645210266, -0.10459230840206146, 0.3015749454498291, 0.20012471079826355, 0.01571997068822384, -0.010354844853281975, 133378.859375, 153412.875, 85934.1953125, 131906.265625, 142164.375, 102668.546875, -2.063661575317383, 0.4076026976108551, 1.23899507522583, 0.19785256683826447, 0.1918962299823761, -1.112573504447937, 0.0, 0.0, 1.0, -0.12458579242229462, 0.0, 0.0, 0.0
30032, 0.16964402794837952, -0.10456342250108719, 0.3019775152206421, 0.20472843945026398, 0.013337204232811928, -0.006241978611797094, 133382.765625, 153407.84375, 85936.0859375, 131897.875, 142159.828125, 102669.109375, -2.260563611984253, 0.26567739248275757, 1.9242879152297974, -0.09540871530771255, 0.14633028209209442, -0.862496018409729, 0.0, 0.0, 1.0, -0.14982186257839203, 0.0, 0.0, 0.0
30052, 0.17242181301116943, -0.10399597883224487, 0.30188611149787903, 0.20343410968780518, 0.012640893459320068, -0.0046464866027235985, 133378.25, 153413.296875, 85925.5390625, 131902.359375, 142162.609375, 102667.796875, -2.390397787094116, -0.03401866555213928, 2.792987585067749, -0.3678596615791321, -0.23783987760543823, -0.9347118735313416, 0.0, 0.0, 1.0, -0.15596885979175568, 0.0, 0.0, 0.0
30072, 0.17635037004947662, -0.10340120643377304, 0.3018053472042084, 0.205565944314003, 0.012059517204761505, -0.0033586365170776844, 133385.609375, 153418.921875, 85928.515625, 131906.84375, 142164.875, 102671.171875, -2.2914576530456543, -0.24790321290493011, 3.2034573554992676, -0.7344265580177307, -0.6965741515159607, -1.0104213953018188, 0.0, 0.0, 1.0, -0.16576413810253143, 0.0, 0.0, 0.0
30092, 0.1807565689086914, -0.10331642627716064, 0.3014105558395386, 0.20903730392456055, 0.010140517726540565, -0.005328216124325991, 133383.96875, 153415.171875, 85930.40625, 131904.015625, 142163.875, 102674.546875, -2.1579110622406006, -0.553787350654602, 3.5454187393188477, -0.8449929356575012, -1.5594682693481445, -1.0896146297454834, 0.0, 0.0, 1.0, -0.17489421367645264, 0.0, 0.0, 0.0
30112, 0.1845712661743164, -0.10315090417861938, 0.30132007598876953, 0.21056145429611206, 0.008500666357576847, -0.004900070372968912, 133381.109375, 153425.84375, 85922.5703125, 131904.015625, 142159.328125, 102671.171875, -2.163815498352051, -0.8291655778884888, 3.4879958629608154, -0.8411310315132141, -2.216383934020996, -0.8898833394050598, 0.0, 0.0, 1.0, -0.15907606482505798, 0.0, 0.0, 0.0
30132, 0.18878421187400818, -0.102930948138237, 0.3011084198951721, 0.21313069760799408, 0.007220470812171698, -0.0062062120996415615, 133379.46875, 153423.953125, 85935.0078125, 131910.75, 142162.109375, 102673.984375, -2.8009603023529053, -0.6825343370437622, 3.9217031002044678, -1.0749777555465698, -2.238931894302368, -0.27322012186050415, 0.0, 0.0, 1.0, -0.1568993180990219, 0.0, 0.0, 0.0
30152, 0.19205404818058014, -0.10289789736270905, 0.3009778559207916, 0.21246464550495148, 0.005625462159514427, -0.007442477624863386, 133374.96875, 153419.78125, 85928.515625, 131909.09375, 142160.328125, 102667.796875, -3.2637104988098145, -0.9510756731033325, 4.340136528015137, -0.5608983039855957, -1.8678148984909058, 0.036197565495967865, 0.0, 0.0, 1.0, -0.1460580974817276, 0.0, 0.0, 0.0
30172, 0.1967969834804535, -0.10261984169483185, 0.30004915595054626, 0.21567535400390625, 0.004935346078127623, -0.013012397103011608, 133382.765625, 153415.171875, 85923.6484375, 131906.84375, 142168.9375, 102665.1796875, -3.1775314807891846, -1.3058089017868042, 4.124403476715088, 0.10973086953163147, -1.5424469709396362, 0.24152398109436035, 0.0, 0.0, 1.0, -0.17231522500514984, 0.0, 0.0, 0.0
30192, 0.2006027102470398, -0.10289527475833893, 0.29979103803634644, 0.21565809845924377, 0.0027816714718937874, -0.012737621553242207, 133383.359375, 153419.359375, 85919.59375, 131906.84375, 142169.4375, 102677.359375, -3.450265645980835, -1.1164449453353882, 3.458970069885254, -0.0398976132273674, -1.5398671627044678, 0.12878067791461945, 0.0, 0.0, 1.0, -0.16253462433815002, 0.0, 0.0, 0.0
30212, 0.20522387325763702, -0.10270873457193375, 0.30163347721099854, 0.2175055742263794, 0.0023259040899574757, -0.0002178790746256709, 133385.609375, 153423.53125, 85926.625, 131907.421875, 142163.109375, 102667.2421875, -3.4764370918273926, -0.8392283320426941, 2.507833480834961, -0.3541301488876343, -1.597226619720459, 0.016321223229169846, 0.0, 0.0, 1.0, -0.16721966862678528, 0.0, 0.0, 0.0
30232, 0.2078828662633896, -0.10233524441719055, 0.30166593194007874, 0.21343395113945007, 0.002567478222772479, 0.0020863458048552275, 133389.078125, 153417.46875, 85923.6484375, 131909.09375, 142167.15625, 102680.1796875, -3.1719329357147217, -0.4833928644657135, 2.2621357440948486, -0.5322117209434509, -1.7641136646270752, 0.5240605473518372, 0.0, 0.0, 1.0, -0.16449573636054993, 0.0, 0.0, 0.0
30252, 0.21151995658874512, -0.1030137687921524, 0.3006752133369446, 0.21218538284301758, -0.00031694211065769196, -0.0009969895472750068, 133381.71875, 153412.4375, 85925.5390625, 131901.28125, 142164.875, 102673.234375, -3.025404691696167, -0.45369061827659607, 2.3609836101531982, -0.5884838104248047, -1.6341935396194458, 0.9049775004386902, 0.0, 0.0, 1.0, -0.1452200561761856, 0.0, 0.0, 0.0
30272, 0.21537280082702637, -0.10242510586977005, 0.3006719946861267, 0.2114897519350052, 0.00048272209824062884, -0.0001774437550920993, 133382.328125, 153419.359375, 85924.734375, 131902.9375, 142173.484375, 102671.921875, -3.074655055999756, -0.4314054250717163, 2.314314365386963, -0.5366423726081848, -1.5229939222335815, 1.004358172416687, 0.0, 0.0, 1.0, -0.12236563116312027, 0.0, 0.0, 0.0
30292, 0.2200702726840973, -0.10234704613685608, 0.30118128657341003, 0.2132456749677658, -0.0001642759598325938, 0.004001865163445473, 133379.46875, 153410.984375, 85913.109375, 131909.09375, 142169.4375, 102670.6171875, -3.2420568466186523, -0.5284998416900635, 1.6310539245605469, -0.27701807022094727, -1.3720951080322266, 0.9102720618247986, 0.0, 0.0, 1.0, -0.1136569008231163, 0.0, 0.0, 0.0
30312, 0.2239072024822235, -0.10164541751146317, 0.30127042531967163, 0.21200412511825562, 0.000596972880885005, 0.003516721073538065, 133388.46875, 153419.359375, 85914.1875, 131906.84375, 142162.609375, 102669.109375, -3.0630295276641846, -0.6186550855636597, 0.4962907135486603, -0.05880376696586609, -1.2424782514572144, 0.6441683173179626, 0.0, 0.0, 1.0, -0.10573508590459824, 0.0, 0.0, 0.0
30332, 0.22774867713451385, -0.10239157825708389, 0.3013540506362915, 0.21119752526283264, -0.0028383824974298477, 0.0044808960519731045, 133375.5625, 153417.90625, 85915.0, 131905.1875, 142162.109375, 102671.921875, -2.350332021713257, -0.30784785747528076, -0.36195307970046997, -0.15856701135635376, -1.5265785455703735, 0.5639935731887817, 0.0, 0.0, 1.0, -0.1068824753165245, 0.0, 0.0, 0.0
30352, 0.2324487417936325, -0.10219771414995193, 0.3012804687023163, 0.2129054069519043, -0.003452249802649021, 0.0030617956072092056, 133379.46875, 153419.359375, 85925.5390625, 131906.265625, 142168.9375, 102674.7421875, -2.1242165565490723, -0.0362701416015625, -0.409870982170105, -0.03284994512796402, -1.895567774772644, 0.6492787003517151, 0.0, 0.0, 1.0, -0.1331375390291214, 0.0, 0.0, 0.0
30372, 0.23686997592449188, -0.10238005220890045, 0.3013521432876587, 0.21358948945999146, -0.004983524326235056, 0.0037447798531502485, 133378.859375, 153419.359375, 85926.625, 131910.75, 142167.15625, 102671.171875, -2.3863649368286133, 0.20029982924461365, 0.486747145652771, 0.17915983498096466, -2.339596748352051, 0.5425110459327698, 0.0, 0.0, 1.0, -0.1310676783323288, 0.0, 0.0, 0.0
30392, 0.24041596055030823, -0.10255104303359985, 0.3012823760509491, 0.21179158985614777, -0.006142945494502783, 0.003663818584755063, 133381.109375, 153411.421875, 85928.25, 131911.328125, 142162.109375, 102672.6796875, -2.8550679683685303, 0.29285141825675964, 1.4307875633239746, 0.2983981668949127, -3.0190446376800537, 0.6601690649986267, 0.0, 0.0, 1.0, -0.16437847912311554, 0.0, 0.0, 0.0
30412, 0.24388159811496735, -0.10208562016487122, 0.3013787865638733, 0.20953643321990967, -0.0055657136254012585, 0.0044903215020895, 133376.609375, 153420.203125, 85930.40625, 131905.1875, 142163.109375, 102669.109375, -3.675854444503784, 0.5967869162559509, 1.965508222579956, 0.3925114870071411, -3.681288719177246, 0.8081204891204834, 0.0, 0.0, 1.0, -0.1440138965845108, 0.0, 0.0, 0.0
30432, 0.24807636439800262, -0.10312090069055557, 0.3017030656337738, 0.20915642380714417, -0.008958364836871624, 0.005811381619423628, 133382.765625, 153415.59375, 85917.9765625, 131911.328125, 142157.5625, 102673.984375, -3.850633382797241, 0.9743756055831909, 2.0802831649780273, 0.4642632305622101, -3.9894280433654785, 0.5880997180938721, 0.0, 0.0, 1.0, -0.11274761706590652, 0.0, 0.0, 0.0
30452, 0.25189653038978577, -0.10265637934207916, 0.3018415570259094, 0.20765630900859833, -0.007455639541149139, 0.007934670895338058, 133383.359375, 153417.90625, 85916.890625, 131905.765625, 142160.328125, 102675.296875, -3.6213061809539795, 1.2478551864624023, 2.217127799987793, 0.9099794030189514, -3.9831695556640625, 0.4360698461532593, 0.0, 0.0, 1.0, -0.08989471942186356, 0.0, 0.0, 0.0
30472, 0.2555626928806305, -0.10342399030923843, 0.3008083701133728, 0.20577409863471985, -0.009132000617682934, -1.4224141523300204e-05, 133381.71875, 153417.90625, 85920.6796875, 131904.59375, 142160.328125, 102673.4296875, -3.9913899898529053, 1.146807312965393, 2.2606685161590576, 1.1805109977722168, -3.9799325466156006, 0.4008673429489136, 0.0, 0.0, 1.0, -0.05069848895072937, 0.0, 0.0, 0.0
30492, 0.2595924437046051, -0.1044406145811081, 0.3007988929748535, 0.2049737274646759, -0.011238643899559975, -0.000784178962931037, 133378.421875, 153423.953125, 85917.1640625, 131910.25, 142160.328125, 102667.2421875, -4.6119303703308105, 1.2210687398910522, 1.9953906536102295, 1.1262400150299072, -3.8102049827575684, 0.1314355432987213, 0.0, 0.0, 1.0, -0.0010752284433692694, 0.0, 0.0, 0.0
30512, 0.2641737759113312, -0.10481748729944229, 0.3008458912372589, 0.20588217675685883, -0.011432099156081676, -0.002940681530162692, 133381.71875, 153415.59375, 85911.484375, 131911.328125, 142164.875, 102672.6796875, -5.003087043762207, 1.5072035789489746, 1.287588357925415, 1.0649139881134033, -3.7748470306396484, -0.12004271149635315, 0.0, 0.0, 1.0, 0.05525028705596924, 0.0, 0.0, 0.0
30532, 0.2676825523376465, -0.10567613691091537, 0.30079084634780884, 0.2036767154932022, -0.01278085820376873, -0.00361613929271698, 133381.109375, 153430.875, 85913.109375, 131909.09375, 142160.328125, 102668.546875, -5.584297180175781, 1.022451400756836, 0.4132634103298187, 1.2793307304382324, -3.9151217937469482, -0.1302802562713623, 0.0, 0.0, 1.0, 0.11122974753379822, 0.0, 0.0, 0.0
30552, 0.27177682518959045, -0.10639212280511856, 0.3016107678413391, 0.20331022143363953, -0.0135194705799222, 0.0016839895397424698, 133381.71875, 153420.203125, 85914.1875, 131902.359375, 142164.875, 102668.546875, -6.334573745727539, 0.47530120611190796, -0.3825863301753998, 1.17520010471344, -3.703594923019409, -0.3776071071624756, 0.0, 0.0, 1.0, 0.18575790524482727, 0.0, 0.0, 0.0
30572, 0.2758879065513611, -0.10671517252922058, 0.3016519546508789, 0.2031712830066681, -0.012855885550379753, 0.0025442391633987427, 133381.109375, 153416.015625, 85913.921875, 131907.421875, 142162.609375, 102672.6796875, -6.670376777648926, 0.26705610752105713, -0.8826529383659363, 0.7321350574493408, -3.6312313079833984, -0.6090937256813049, 0.0, 0.0, 1.0, 0.24944740533828735, 0.0, 0.0, 0.0
30592, 0.27908188104629517, -0.10610286891460419, 0.3017369508743286, 0.20063653588294983, -0.009455935098230839, 0.004693047609180212, 133378.859375, 153417.46875, 85925.8125, 131908.5, 142162.609375, 102673.234375, -6.862884998321533, 0.19047513604164124, -0.3872770071029663, 0.7772883176803589, -3.907954692840576, -0.6012296080589294, 0.0, 0.0, 1.0, 0.30070868134498596, 0.0, 0.0, 0.0
30612, 0.2830440104007721, -0.10640500485897064, 0.30237287282943726, 0.20071271061897278, -0.008692744188010693, 0.00880106445401907, 133378.859375, 153410.984375, 85910.40625, 131911.328125, 142159.046875, 102669.3046875, -7.0417799949646, -0.1639726758003235, -0.305654376745224, 0.8044336438179016, -3.8738842010498047, -0.3246239721775055, 0.0, 0.0, 1.0, 0.35909605026245117, 0.0, 0.0, 0.0
30632, 0.2871890962123871, -0.10685604810714722, 0.30256304144859314, 0.2015107125043869, -0.00821496918797493, 0.010447785258293152, 133375.5625, 153417.46875, 85914.1875, 131900.6875, 142170.703125, 102677.359375, -7.3776373863220215, -0.4827282428741455, -0.8167468309402466, 0.8728542327880859, -4.0152268409729, 0.13425691425800323, 0.0, 0.0, 1.0, 0.3770101070404053, 0.0, 0.0, 0.0
30652, 0.29106348752975464, -0.10731783509254456, 0.3020729124546051, 0.2017066478729248, -0.007776814047247171, 0.006122400518506765, 133374.96875, 153415.59375, 85911.484375, 131909.671875, 142155.78125, 102665.1796875, -7.908013343811035, -0.2620580792427063, -0.8946741819381714, 0.526714026927948, -4.650441646575928, -0.03496403619647026, 0.0, 0.0, 1.0, 0.3997604250907898, 0.0, 0.0, 0.0
30672, 0.29479408264160156, -0.10669229924678802, 0.30217692255973816, 0.2015553116798401, -0.004284748807549477, 0.004167906008660793, 133385.609375, 153419.359375, 85914.1875, 131908.0, 142162.609375, 102671.921875, -7.934760093688965, -0.07048576325178146, -0.8137967586517334, 0.15049266815185547, -4.5391387939453125, -0.3670235872268677, 0.0, 0.0, 1.0, 0.43180379271507263, 0.0, 0.0, 0.0
30692, 0.2982035279273987, -0.10703715682029724, 0.300942063331604, 0.2004018872976303, -0.0035908331628888845, -0.005936163943260908, 133381.109375, 153419.78125, 85910.40625, 131909.671875, 142159.828125, 102669.3046875, -7.627440929412842, -0.12955628335475922, -0.648917019367218, 0.19899329543113708, -4.442290306091309, -0.6741350293159485, 0.0, 0.0, 1.0, 0.4572440981864929, 0.0, 0.0, 0.0
30712, 0.30341842770576477, -0.10750448703765869, 0.30077868700027466, 0.20415839552879333, -0.0030929259955883026, -0.0083527946844697, 133382.765625, 153415.171875, 85916.890625, 131909.671875, 142156.78125, 102671.921875, -7.417819976806641, -0.46822983026504517, -1.0858862400054932, -0.05153520405292511, -4.640294075012207, -1.1840074062347412, 0.0, 0.0, 1.0, 0.486096054315567, 0.0, 0.0, 0.0
30732, 0.3070847988128662, -0.1076611876487732, 0.30035892128944397, 0.20262488722801208, -0.0016152578173205256, -0.006630087736994028, 133368.8125, 153422.078125, 85919.0546875, 131905.1875, 142158.546875, 102675.4921875, -7.239524841308594, -0.6599807739257812, -1.4925881624221802, -0.1724420189857483, -5.043356895446777, -1.4227031469345093, 0.0, 0.0, 1.0, 0.4902273118495941, 0.0, 0.0, 0.0
30752, 0.3129534423351288, -0.10790034383535385, 0.3002353310585022, 0.20768390595912933, -0.00056739296996966, -0.003320694901049137, 133380.515625, 153421.65625, 85921.7578125, 131911.90625, 142154.0, 102672.6796875, -7.032763481140137, -0.5520626902580261, -1.195438265800476, -0.29191964864730835, -5.628051280975342, -1.6461931467056274, 0.0, 0.0, 1.0, 0.49045535922050476, 0.0, 0.0, 0.0
30772, 0.3148413896560669, -0.10779052972793579, 0.3001580834388733, 0.20087555050849915, 0.001240281853824854, 0.002654644660651684, 133383.359375, 153424.390625, 85916.078125, 131907.421875, 142160.328125, 102676.8046875, -6.856411457061768, -0.23474472761154175, -0.8379524946212769, -0.5228226184844971, -6.03510856628418, -2.0811500549316406, 0.0, 0.0, 1.0, 0.4989006817340851, 0.0, 0.0, 0.0
30792, 0.31912994384765625, -0.10801481455564499, 0.30023202300071716, 0.20106545090675354, 0.0016901592025533319, 0.004143550060689449, 133374.96875, 153422.078125, 85906.3515625, 131906.34375, 142158.046875, 102674.7421875, -7.102789402008057, -0.1266188770532608, -0.3712517321109772, -0.6823570728302002, -6.058694839477539, -2.026704788208008, 0.0, 0.0, 1.0, 0.4917716681957245, 0.0, 0.0, 0.0
30812, 0.32427453994750977, -0.10762879252433777, 0.2997785806655884, 0.20405204594135284, 0.003572867950424552, 0.0016327467747032642, 133377.8125, 153413.296875, 85924.734375, 131904.59375, 142162.609375, 102669.3046875, -7.667646408081055, 0.1341748833656311, 0.07965640723705292, -1.0040180683135986, -5.742041110992432, -1.8768820762634277, 0.0, 0.0, 1.0, 0.5125545263290405, 0.0, 0.0, 0.0
30832, 0.32713431119918823, -0.10780997574329376, 0.2998012602329254, 0.20071735978126526, 0.0035727869253605604, -0.0016714417142793536, 133372.703125, 153411.421875, 85924.4609375, 131913.578125, 142160.828125, 102677.359375, -8.062631607055664, 0.5311049222946167, 0.8545642495155334, -0.9062493443489075, -5.687668800354004, -1.7553328275680542, 0.0, 0.0, 1.0, 0.5287387371063232, 0.0, 0.0, 0.0
30852, 0.3317980170249939, -0.10745501518249512, 0.29973214864730835, 0.20231501758098602, 0.005051387008279562, -0.00478923786431551, 133377.8125, 153415.59375, 85917.9765625, 131904.59375, 142151.71875, 102676.0546875, -8.194706916809082, 0.14538037776947021, 1.521613597869873, -0.43642812967300415, -5.866037845611572, -1.263779878616333, 0.0, 0.0, 1.0, 0.5463132858276367, 0.0, 0.0, 0.0
30872, 0.3342874348163605, -0.10723278671503067, 0.3010532557964325, 0.19782987236976624, 0.006248945835977793, 0.001701232511550188, 133379.46875, 153423.953125, 85916.078125, 131909.09375, 142155.28125, 102671.921875, -8.375381469726562, -0.5960938930511475, 1.6413414478302002, 0.08205902576446533, -6.137984275817871, -1.2906289100646973, 0.0, 0.0, 1.0, 0.5437510013580322, 0.0, 0.0, 0.0
30892, 0.3389696478843689, -0.10749394446611404, 0.30109432339668274, 0.19930563867092133, 0.005712564568966627, 0.0032708519138395786, 133381.71875, 153417.046875, 85907.4296875, 131909.671875, 142160.828125, 102669.859375, -8.936505317687988, -0.806773841381073, 1.7824673652648926, 0.19220677018165588, -6.154403209686279, -1.4954370260238647, 0.0, 0.0, 1.0, 0.5343876481056213, 0.0, 0.0, 0.0
30912, 0.3416694402694702, -0.10757951438426971, 0.3011412024497986, 0.19523796439170837, 0.00542851397767663, 0.004194766283035278, 133383.96875, 153418.328125, 85912.296875, 131909.09375, 142160.828125, 102674.7421875, -9.44089412689209, 0.0175456702709198, 1.435392141342163, 0.05188785493373871, -6.394350528717041, -1.575584053993225, 0.0, 0.0, 1.0, 0.5301042795181274, 0.0, 0.0, 0.0
30932, 0.3459929823875427, -0.10747994482517242, 0.3012261986732483, 0.19576026499271393, 0.005553846247494221, 0.005003014113754034, 133375.5625, 153413.296875, 85910.40625, 131911.90625, 142148.953125, 102670.6171875, -9.66900634765625, 0.40613028407096863, 0.8246090412139893, -0.02858860045671463, -6.832437515258789, -1.996199607849121, 0.0, 0.0, 1.0, 0.533573567867279, 0.0, 0.0, 0.0
30952, 0.35066476464271545, -0.10727272927761078, 0.29995831847190857, 0.19733352959156036, 0.005591244902461767, 0.0008698913734406233, 133383.359375, 153420.203125, 85908.5078125, 131912.5, 142159.828125, 102673.984375, -9.538168907165527, 0.2950509488582611, 0.4314452111721039, -0.22420433163642883, -7.052132606506348, -2.3242733478546143, 0.0, 0.0, 1.0, 0.5232369303703308, 0.0, 0.0, 0.0
30972, 0.35380223393440247, -0.10723765194416046, 0.30002614855766296, 0.19494979083538055, 0.004851729143410921, 0.004669141490012407, 133378.859375, 153415.171875, 85915.0, 131909.09375, 142162.109375, 102669.3046875, -9.259015083312988, 0.3055373430252075, 0.4008239507675171, -0.12708909809589386, -7.585423946380615, -2.457214593887329, 0.0, 0.0, 1.0, 0.5301461219787598, 0.0, 0.0, 0.0
30992, 0.3585452437400818, -0.10628455132246017, 0.3013163208961487, 0.1973494291305542, 0.006168827414512634, 0.013125301338732243, 133379.46875, 153411.421875, 85908.5078125, 131908.0, 142158.546875, 102672.6796875, -9.243220329284668, -0.1973135620355606, 0.4094828963279724, 0.003223694860935211, -8.170980453491211, -2.7548389434814453, 0.0, 0.0, 1.0, 0.5370804071426392, 0.0, 0.0, 0.0
31012, 0.36329349875450134, -0.10652764141559601, 0.3015931248664856, 0.19997850060462952, 0.003778275800868869, 0.014765468426048756, 133371.0625, 153421.65625, 85903.9140625, 131911.328125, 142160.328125, 102671.3671875, -9.403820991516113, -0.02740645408630371, -0.1668776273727417, 0.05011025816202164, -8.238558769226074, -2.8604443073272705, 0.0, 0.0, 1.0, 0.5517993569374084, 0.0, 0.0, 0.0
31032, 0.366962730884552, -0.10658823698759079, 0.3028424382209778, 0.19982530176639557, 0.0017927702283486724, 0.025293556973338127, 133382.765625, 153417.90625, 85903.6484375, 131911.90625, 142154.0, 102669.859375, -9.496119499206543, 0.11895299702882767, -0.528761625289917, -0.20173920691013336, -8.015700340270996, -2.908390760421753, 0.0, 0.0, 1.0, 0.5768173933029175, 0.0, 0.0, 0.0
31052, 0.37092870473861694, -0.10700281709432602, 0.3033415973186493, 0.2004627138376236, -0.001110296929255128, 0.024152353405952454, 133379.46875, 153415.59375, 85916.078125, 131911.90625, 142153.5, 102670.6171875, -9.302186012268066, -0.15042731165885925, -0.6436971426010132, -0.5492709279060364, -7.817284107208252, -2.9047045707702637, 0.0, 0.0, 1.0, 0.5913980603218079, 0.0, 0.0, 0.0
31072, 0.37450823187828064, -0.10702154040336609, 0.3038828670978546, 0.20006829500198364, -0.003039020812138915, 0.022776084020733833, 133381.71875, 153424.390625, 85911.484375, 131909.671875, 142162.109375, 102668.546875, -9.13552188873291, 0.11380155384540558, -0.4830586314201355, -0.6439681053161621, -7.527918815612793, -3.024385690689087, 0.0, 0.0, 1.0, 0.6134243607521057, 0.0, 0.0, 0.0
31092, 0.37949129939079285, -0.10654682666063309, 0.30429786443710327, 0.2033904790878296, -0.0034894507844001055, 0.019478099420666695, 133375.5625, 153423.953125, 85910.40625, 131909.09375, 142156.28125, 102671.3671875, -9.332403182983398, 0.8512607216835022, 0.20346979796886444, -0.6825679540634155, -7.496425628662109, -3.310262680053711, 0.0, 0.0, 1.0, 0.6504582762718201, 0.0, 0.0, 0.0
31112, 0.38279101252555847, -0.10707705467939377, 0.3046463131904602, 0.2020161896944046, -0.006344454828649759, 0.014492910355329514, 133377.21875, 153416.015625, 85906.6171875, 131909.671875, 142163.109375, 102669.3046875, -9.513336181640625, 1.7269529104232788, 0.7362017631530762, -0.8969335556030273, -8.088482856750488, -3.348639965057373, 0.0, 0.0, 1.0, 0.6721197366714478, 0.0, 0.0, 0.0
31132, 0.38604673743247986, -0.10763660073280334, 0.3058750331401825, 0.20064431428909302, -0.009137940593063831, 0.013641293160617352, 133375.5625, 153418.328125, 85912.296875, 131907.421875, 142155.78125, 102665.9296875, -9.904666900634766, 1.877885103225708, 0.793738067150116, -1.1551803350448608, -8.500238418579102, -3.166962146759033, 0.0, 0.0, 1.0, 0.6600755453109741, 0.0, 0.0, 0.0
31152, 0.39102163910865784, -0.10777406394481659, 0.3061237633228302, 0.20387081801891327, -0.010604373179376125, 0.012178265489637852, 133377.8125, 153417.90625, 85907.703125, 131910.25, 142155.78125, 102668.546875, -10.425984382629395, 1.8932061195373535, 0.260455846786499, -1.2829928398132324, -8.695328712463379, -3.4109270572662354, 0.0, 0.0, 1.0, 0.6846112608909607, 0.0, 0.0, 0.0
31172, 0.39397257566452026, -0.10941182076931, 0.30711838603019714, 0.20152541995048523, -0.0158351119607687, 0.012490660883486271, 133381.109375, 153414.140625, 85913.109375, 131909.09375, 142156.28125, 102676.0546875, -10.273642539978027, 1.7881990671157837, 0.27482032775878906, -1.2377140522003174, -8.641651153564453, -3.863173723220825, 0.0, 0.0, 1.0, 0.6930639743804932, 0.0, 0.0, 0.0
31192, 0.3983036279678345, -0.10979466885328293, 0.30733558535575867, 0.20286934077739716, -0.01716768927872181, 0.009269013069570065, 133375.5625, 153417.90625, 85914.1875, 131914.15625, 142153.5, 102674.7421875, -10.256818771362305, 1.1817744970321655, 0.8873977661132812, -1.320855736732483, -8.254520416259766, -3.991912603378296, 0.0, 0.0, 1.0, 0.7198827266693115, 0.0, 0.0, 0.0
31212, 0.4020087420940399, -0.11010526865720749, 0.308554470539093, 0.20224890112876892, -0.01776965521275997, 0.010547668673098087, 133385.609375, 153424.390625, 85905.5390625, 131910.828125, 142152.21875, 102669.3046875, -10.190186500549316, 0.9204130172729492, 1.0720528364181519, -1.4623620510101318, -8.079355239868164, -4.284663200378418, 0.0, 0.0, 1.0, 0.7912678718566895, 0.0, 0.0, 0.0
31232, 0.40711337327957153, -0.1096731424331665, 0.30871275067329407, 0.2053225040435791, -0.015720156952738762, 0.0075356061570346355, 133381.71875, 153420.203125, 85904.7265625, 131908.59375, 142158.046875, 102668.7421875, -9.79833698272705, 0.6834364533424377, 0.7077361941337585, -1.1480238437652588, -8.261552810668945, -4.27202033996582, 0.0, 0.0, 1.0, 0.8579062819480896, 0.0, 0.0, 0.0
31252, 0.41030076146125793, -0.10998797416687012, 0.30854347348213196, 0.2030835896730423, -0.015198394656181335, 0.004735032096505165, 133381.109375, 153416.015625, 85904.7265625, 131914.734375, 142155.78125, 102667.796875, -9.061851501464844, 0.07441382855176926, -0.08697471022605896, -0.5413883328437805, -8.591500282287598, -4.044827938079834, 0.0, 0.0, 1.0, 0.921101987361908, 0.0, 0.0, 0.0
31272, 0.41431766748428345, -0.11093562096357346, 0.308597207069397, 0.20292308926582336, -0.016137199476361275, 0.0014021082315593958, 133377.8125, 153413.71875, 85902.8359375, 131909.671875, 142154.0, 102669.3046875, -8.4140043258667, -0.18842658400535583, -0.6990339159965515, -0.014221452176570892, -8.037243843078613, -4.247316360473633, 0.0, 0.0, 1.0, 0.986129641532898, 0.0, 0.0, 0.0
31292, 0.41894450783729553, -0.11048048734664917, 0.3083586096763611, 0.20446723699569702, -0.012796304188668728, -0.002597970888018608, 133378.421875, 153413.296875, 85903.9140625, 131907.421875, 142160.328125, 102667.2421875, -8.46646785736084, -0.4258882403373718, -1.0362428426742554, 0.21560031175613403, -7.93952751159668, -4.436575412750244, 0.0, 0.0, 1.0, 1.0581724643707275, 0.0, 0.0, 0.0
31312, 0.42188340425491333, -0.11071830242872238, 0.30827516317367554, 0.20151029527187347, -0.01097556296736002, -0.007379060611128807, 133381.71875, 153420.625, 85908.5078125, 131909.09375, 142151.71875, 102680.9296875, -8.519915580749512, -0.5278738141059875, -0.9597339034080505, 0.12504959106445312, -8.867238998413086, -3.9372611045837402, 0.0, 0.0, 1.0, 1.1168484687805176, 0.0, 0.0, 0.0
31332, 0.4264785647392273, -0.11128643900156021, 0.307656854391098, 0.20295147597789764, -0.010176128707826138, -0.011762108653783798, 133385.609375, 153422.078125, 85912.296875, 131911.328125, 142155.78125, 102667.9921875, -8.178576469421387, -0.11484786123037338, -0.34705060720443726, -0.02322757989168167, -9.350646018981934, -3.7856154441833496, 0.0, 0.0, 1.0, 1.1820024251937866, 0.0, 0.0, 0.0
31352, 0.4299023449420929, -0.11167848855257034, 0.30743512511253357, 0.20147523283958435, -0.008733573369681835, -0.011852762661874294, 133383.96875, 153417.90625, 85893.9140625, 131905.765625, 142158.546875, 102672.6796875, -8.108416557312012, -0.03468009829521179, 0.1765260547399521, -0.05343635007739067, -9.721454620361328, -4.055323600769043, 0.0, 0.0, 1.0, 1.277478814125061, 0.0, 0.0, 0.0
31372, 0.43404531478881836, -0.1118009015917778, 0.3071698844432831, 0.20186768472194672, -0.006377982906997204, -0.014596347697079182, 133373.3125, 153417.90625, 85899.046875, 131907.421875, 142162.609375, 102673.4296875, -8.504467964172363, -0.24988973140716553, 0.16996580362319946, -0.318098783493042, -10.274043083190918, -4.022408485412598, 0.0, 0.0, 1.0, 1.3708933591842651, 0.0, 0.0, 0.0
31392, 0.4373972713947296, -0.11230861395597458, 0.3072376847267151, 0.2001509964466095, -0.004711342044174671, -0.012455247342586517, 133374.359375, 153417.90625, 85901.75, 131908.0, 142152.21875, 102675.4921875, -8.692670822143555, -0.44416552782058716, -0.3633275628089905, -0.7905752062797546, -10.649149894714355, -3.9465901851654053, 0.0, 0.0, 1.0, 1.4353530406951904, 0.0, 0.0, 0.0
31412, 0.4410543441772461, -0.11318995803594589, 0.30697008967399597, 0.19886764883995056, -0.0042426809668540955, -0.014531880617141724, 133382.328125, 153422.5, 85899.859375, 131906.34375, 142158.046875, 102670.0546875, -8.866381645202637, -0.3386484682559967, -0.5740726590156555, -1.1078468561172485, -11.148468971252441, -4.057888507843018, 0.0, 0.0, 1.0, 1.4889719486236572, 0.0, 0.0, 0.0
31432, 0.4471111595630646, -0.11143958568572998, 0.30661526322364807, 0.2039666473865509, 0.003254928160458803, -0.022232696413993835, 133382.328125, 153417.90625, 85906.6171875, 131912.5, 142156.28125, 102673.4296875, -8.575974464416504, -0.023619942367076874, -0.9496199488639832, -1.1180078983306885, -11.814010620117188, -4.109992504119873, 0.0, 0.0, 1.0, 1.5760703086853027, 0.0, 0.0, 0.0
31452, 0.4486831724643707, -0.11328984797000885, 0.3061855435371399, 0.1988307386636734, 0.0025378726422786713, -0.02281598187983036, 133393.578125, 153418.328125, 85905.8046875, 131914.15625, 142149.953125, 102667.2421875, -7.140043258666992, 0.1387084573507309, -1.7534993886947632, -0.8565683364868164, -12.28818416595459, -3.827583074569702, 0.0, 0.0, 1.0, 1.709729790687561, 0.0, 0.0, 0.0
31472, 0.45218560099601746, -0.11383568495512009, 0.3056383430957794, 0.19907210767269135, 0.004614231176674366, -0.031592316925525665, 133382.328125, 153413.71875, 85891.2109375, 131918.640625, 142156.78125, 102670.6171875, -4.971691608428955, -0.11651864647865295, -2.992753744125366, -0.7490937113761902, -11.915522575378418, -3.9248523712158203, 0.0, 0.0, 1.0, 1.7622275352478027, 0.0, 0.0, 0.0
31492, 0.4563813805580139, -0.11248192936182022, 0.30495569109916687, 0.2016347050666809, 0.010405641049146652, -0.03406078368425369, 133425.109375, 153405.953125, 85887.4296875, 131916.984375, 142164.875, 102678.8671875, -2.71905255317688, -0.9675828814506531, -4.166225910186768, 0.35040631890296936, -11.130158424377441, -4.020559787750244, 0.0, 0.0, 1.0, 1.8560222387313843, 0.0, 0.0, 0.0
31512, 0.46033963561058044, -0.11224039644002914, 0.30441662669181824, 0.20275497436523438, 0.013230224139988422, -0.03534601628780365, 133375.5625, 153419.78125, 85899.046875, 131940.5, 142156.28125, 102675.4921875, -1.7458213567733765, -1.7263457775115967, -3.9834611415863037, 2.2728371620178223, -11.389006614685059, -3.9460766315460205, 0.0, 0.0, 1.0, 1.9303195476531982, 0.0, 0.0, 0.0
31532, 0.4646802544593811, -0.1119450181722641, 0.3037542998790741, 0.20419038832187653, 0.016261430457234383, -0.03285130113363266, 133413.84375, 153414.75, 85878.234375, 131938.265625, 142154.5, 102678.8671875, -1.1198328733444214, -2.4581615924835205, -3.2178592681884766, 4.189985752105713, -11.953801155090332, -4.171782970428467, 0.0, 0.0, 1.0, 1.947442650794983, 0.0, 0.0, 0.0
31552, 0.4686918258666992, -0.11205511540174484, 0.3025566339492798, 0.2034418284893036, 0.017444027587771416, -0.0359320230782032, 133411.59375, 153409.109375, 85874.1875, 131936.59375, 142154.0, 102680.1796875, 2.2991268634796143, -3.0536224842071533, -3.797076463699341, 5.875452518463135, -11.492615699768066, -4.3812575340271, 0.0, 0.0, 1.0, 1.965772032737732, 0.0, 0.0, 0.0
31572, 0.47162437438964844, -0.11142245680093765, 0.30186930298805237, 0.19912226498126984, 0.020547619089484215, -0.033497463911771774, 133392.96875, 153424.390625, 85896.890625, 131945.578125, 142154.5, 102676.2421875, 5.544002532958984, -3.189314842224121, -5.173829555511475, 7.749730110168457, -10.854594230651855, -4.294218063354492, 0.0, 0.0, 1.0, 1.9593167304992676, 0.0, 0.0, 0.0
31592, 0.4754388928413391, -0.1110571026802063, 0.30152562260627747, 0.1967386156320572, 0.023055527359247208, -0.029013896360993385, 133427.359375, 153415.59375, 85877.4296875, 131941.671875, 142159.828125, 102672.6796875, 7.10856294631958, -3.311730146408081, -6.072927474975586, 10.184864044189453, -10.56679630279541, -4.226568222045898, 0.0, 0.0, 1.0, 1.9176393747329712, 0.0, 0.0, 0.0
31612, 0.4781861901283264, -0.11065225303173065, 0.30095669627189636, 0.19111062586307526, 0.02517623081803322, -0.02673305571079254, 133429.609375, 153419.78125, 85860.9375, 131953.96875, 142156.28125, 102673.4296875, 9.887929916381836, -3.196709632873535, -8.521265029907227, 12.494598388671875, -10.364372253417969, -4.28895378112793, 0.0, 0.0, 1.0, 1.8615363836288452, 0.0, 0.0, 0.0
31632, 0.48046907782554626, -0.10976682603359222, 0.30028751492500305, 0.18448802828788757, 0.028082294389605522, -0.02411293424665928, 133414.453125, 153410.984375, 85864.9921875, 131943.328125, 142156.28125, 102675.4921875, 12.334122657775879, -3.2658560276031494, -11.891158103942871, 14.916918754577637, -10.238724708557129, -4.127875328063965, 0.0, 0.0, 1.0, 1.816115140914917, 0.0, 0.0, 0.0
31652, 0.484983891248703, -0.1084916815161705, 0.2998307943344116, 0.1839032620191574, 0.03203316777944565, -0.021726157516241074, 133416.703125, 153407.234375, 85871.484375, 131951.21875, 142158.546875, 102678.8671875, 13.748924255371094, -4.005868434906006, -14.21568775177002, 16.817899703979492, -10.294071197509766, -3.8254873752593994, 0.0, 0.0, 1.0, 1.740987777709961, 0.0, 0.0, 0.0
31672, 0.4873688519001007, -0.10732288658618927, 0.29945817589759827, 0.17829009890556335, 0.03516959398984909, -0.017650820314884186, 133441.46875, 153406.390625, 85862.8359375, 131959.03125, 142158.546875, 102676.2421875, 16.503253936767578, -4.888522148132324, -16.343664169311523, 18.988004684448242, -10.115220069885254, -3.3415613174438477, 0.0, 0.0, 1.0, 1.6321951150894165, 0.0, 0.0, 0.0
31692, 0.49039509892463684, -0.10720118880271912, 0.2989296615123749, 0.17505572736263275, 0.035352688282728195, -0.018506044521927834, 133427.359375, 153413.296875, 85888.5078125, 131969.671875, 142156.28125, 102672.1171875, 19.147865295410156, -5.221257209777832, -18.352060317993164, 21.33799171447754, -9.785107612609863, -2.978447914123535, 0.0, 0.0, 1.0, 1.5127289295196533, 0.0, 18.389652252197266, 26.03496551513672
31712, 0.493960976600647, -0.10558731853961945, 0.29853904247283936, 0.17372767627239227, 0.03933674469590187, -0.02096448466181755, 133461.140625, 153404.078125, 85841.2109375, 131968.015625, 142155.78125, 102678.3046875, 21.80506134033203, -5.516976356506348, -20.816774368286133, 24.071386337280273, -9.715778350830078, -3.1175315380096436, 18.389652252197266, 26.03496551513672, 1.0, 1.3714807033538818, 0.0, 18.389652252197266, 26.03496551513672
31732, 0.49604496359825134, -0.10457801818847656, 0.29920050501823425, 0.1675572395324707, 0.04165949299931526, -0.02103353850543499, 133447.625, 153406.8125, 85870.671875, 131973.078125, 142158.546875, 102677.5546875, 25.768436431884766, -6.061590194702148, -23.910072326660156, 27.143787384033203, -9.82148265838623, -3.1385974884033203, 23.970739364624023, 27.47838592529297, 1.0, 1.2225016355514526, 0.0, 23.463363647460938, 27.34716796875
31752, 0.5000541806221008, -0.10344614088535309, 0.2987208664417267, 0.16519759595394135, 0.043744008988142014, -0.024598130956292152, 133433.0625, 153411.84375, 85861.2109375, 131982.0625, 142169.921875, 102668.7421875, 28.463777542114258, -6.26270866394043, -25.923847198486328, 29.781583786010742, -9.687662124633789, -3.0549402236938477, 29.0891056060791, 28.865427017211914, 1.0, 1.0436208248138428, 0.0, 26.142288208007812, 28.070144653320312
31772, 0.5025396347045898, -0.10331139713525772, 0.2984561324119568, 0.15690235793590546, 0.04168850928544998, -0.022409526631236076, 133464.0, 153410.5625, 85860.9375, 131973.078125, 142164.875, 102673.4296875, 31.666553497314453, -6.440878868103027, -27.147079467773438, 32.87681198120117, -9.003081321716309, -3.1599488258361816, 35.046390533447266, 30.948522567749023, 1.0, 0.7845644950866699, 0.0, 28.993133544921875, 28.977401733398438
31792, 0.5048655271530151, -0.10223028808832169, 0.29803115129470825, 0.14598777890205383, 0.03925715759396553, -0.020992133766412735, 133440.875, 153399.890625, 85859.046875, 131992.703125, 142160.828125, 102679.6171875, 34.86601638793945, -7.2752509117126465, -28.288320541381836, 36.37644958496094, -8.563455581665039, -3.2071423530578613, 39.709022521972656, 32.989654541015625, 1.0, 0.5493170022964478, 0.0, 31.606765747070312, 29.95599365234375
31812, 0.5067028403282166, -0.10147237777709961, 0.2965574562549591, 0.13240443170070648, 0.03282415121793747, -0.019952310249209404, 133458.28125, 153404.5, 85845.8046875, 131976.484375, 142159.546875, 102680.3671875, 37.327945709228516, -8.35196590423584, -30.08905029296875, 39.44280242919922, -8.341485023498535, -2.9210500717163086, 40.909027099609375, 34.10560607910156, 1.0, 0.3392731547355652, 0.0, 33.43074035644531, 30.769638061523438
31832, 0.5088779926300049, -0.10148976743221283, 0.2962157130241394, 0.11906640976667404, 0.022514507174491882, -0.013959866017103195, 133449.875, 153408.6875, 85862.8359375, 131979.234375, 142156.78125, 102683.1875, 39.97867965698242, -8.79790210723877, -31.458505630493164, 41.95240020751953, -8.312788009643555, -2.2262508869171143, 40.238460540771484, 32.84321975708008, 1.0, 0.1734444797039032, 0.0, 34.54676818847656, 31.109573364257812
31852, 0.5101330280303955, -0.10033247619867325, 0.2971775233745575, 0.10396865755319595, 0.014168980531394482, -0.003030944848433137, 133458.28125, 153409.109375, 85859.3203125, 131988.796875, 142154.5, 102686.5546875, 42.28742218017578, -8.909431457519531, -31.82444190979004, 44.8120231628418, -8.56836986541748, -1.2821402549743652, 40.95022201538086, 28.674928665161133, 1.0, 0.07024279981851578, 0.0, 35.44866943359375, 30.76666259765625
31872, 0.512158989906311, -0.1002567932009697, 0.2971329391002655, 0.09139679372310638, 0.0029320225585252047, -0.0010629125172272325, 133481.40625, 153398.015625, 85842.8359375, 131979.234375, 142163.59375, 102679.6171875, 46.0964241027832, -9.57005500793457, -33.21662902832031, 47.30425262451172, -8.399283409118652, -0.681893527507782, 40.151363372802734, 25.192378997802734, 1.0, -0.0048605105839669704, 0.0, 36.02925109863281, 30.078475952148438
31892, 0.5139263868331909, -0.09966722875833511, 0.29714861512184143, 0.07876298576593399, -0.007532374933362007, 0.0028447790537029505, 133465.03125, 153402.203125, 85851.484375, 131980.390625, 142158.546875, 102684.4921875, 49.823856353759766, -10.548177719116211, -34.841590881347656, 49.01753616333008, -8.022724151611328, -0.274394154548645, 38.13488006591797, 23.69801139831543, 1.0, -0.05066922307014465, 0.0, 36.26063537597656, 29.3773193359375
31912, 0.5153815150260925, -0.09865999966859818, 0.2980218827724457, 0.06631593406200409, -0.0167138259857893, 0.008262326940894127, 133470.140625, 153403.65625, 85846.890625, 131994.9375, 142167.15625, 102678.3046875, 49.823856353759766, -10.548177719116211, -34.841590881347656, 51.33456039428711, -7.462371826171875, 0.018624279648065567, 37.424129486083984, 22.600738525390625, 1.0, -0.07688086479902267, 0.0, 36.37583923339844, 28.706375122070312
31932, 0.516642689704895, -0.09923142939805984, 0.29816898703575134, 0.05351367965340614, -0.02978385239839554, 0.0053144777193665504, 133476.296875, 153404.078125, 85855.5390625, 131997.765625, 142156.78125, 102680.3671875, 52.4602165222168, -11.130566596984863, -35.99516677856445, 54.29829406738281, -7.077720642089844, 0.04024038091301918, 37.103050231933594, 21.900678634643555, 1.0, -0.14244915544986725, 0.0, 36.44136047363281, 28.093246459960938
31952, 0.5178765654563904, -0.0997614786028862, 0.2981860637664795, 0.042179204523563385, -0.04189227521419525, 0.0029123323038220406, 133474.046875, 153396.140625, 85846.6171875, 131984.296875, 142163.109375, 102685.0546875, 55.36719512939453, -11.53059196472168, -36.72966384887695, 56.31190490722656, -6.962023735046387, 0.4413510859012604, 36.3246955871582, 21.211017608642578, 1.0, -0.24383896589279175, 0.0, 36.43171691894531, 27.524459838867188
31972, 0.5186000466346741, -0.1007290780544281, 0.2982448637485504, 0.030154284089803696, -0.054959096014499664, 0.0038604738656431437, 133476.90625, 153398.015625, 85846.078125, 131993.28125, 142165.875, 102688.625, 58.11825180053711, -12.276044845581055, -37.31779861450195, 56.31190490722656, -6.962023735046387, 0.4413510859012604, 36.262760162353516, 21.211017608642578, 1.0, -0.31853678822517395, 0.0, 36.4188232421875, 27.000335693359375
31992, 0.5191714763641357, -0.10220228880643845, 0.2986413240432739, 0.018485037609934807, -0.06867358088493347, 0.007712881080806255, 133474.65625, 153395.296875, 85848.78125, 131997.765625, 142163.59375, 102680.3671875, 60.55886459350586, -12.819890975952148, -38.169944763183594, 57.819393157958984, -6.351948261260986, 1.2356886863708496, 36.262760162353516, 20.658525466918945, 1.0, -0.3644971549510956, 0.0, 36.38018798828125, 26.493865966796875
32012, 0.5189060568809509, -0.10226937383413315, 0.29881277680397034, 0.005871745757758617, -0.07806096225976944, 0.008974913507699966, 133466.25, 153398.015625, 85851.484375, 131996.109375, 142155.5, 102687.1171875, 61.932743072509766, -13.465536117553711, -38.635379791259766, 59.101402282714844, -5.754836082458496, 2.1527466773986816, 35.87409591674805, 19.8591365814209, 1.0, -0.3795831799507141, 0.0, 36.308807373046875, 25.948654174804688
32032, 0.5180310606956482, -0.10490266233682632, 0.2990248203277588, -0.006916699931025505, -0.0923951119184494, 0.008703794330358505, 133485.90625, 153404.078125, 85847.703125, 131999.421875, 142160.828125, 102684.4921875, 63.487884521484375, -14.25829029083252, -38.982933044433594, 60.126014709472656, -5.789974212646484, 3.1775598526000977, 35.3022575378418, 18.261320114135742, 1.0, -0.38919201493263245, 0.0, 36.26264953613281, 25.397186279296875
32052, 0.5175755620002747, -0.10655701160430908, 0.2991962730884552, -0.017207074910402298, -0.10321283340454102, 0.007874461822211742, 133481.40625, 153402.203125, 85842.0234375, 131994.9375, 142165.375, 102684.4921875, 65.93488311767578, -14.447884559631348, -39.676780700683594, 61.54267501831055, -6.160464286804199, 3.789689779281616, 35.5656852722168, 17.070114135742188, 1.0, -0.3896852433681488, 0.0, 36.26264953613281, 25.397186279296875
32072, 0.5161920785903931, -0.10866857320070267, 0.2984130382537842, -0.02822420559823513, -0.11396259814500809, -0.0013303699670359492, 133479.15625, 153398.015625, 85857.4296875, 131983.796875, 142156.78125, 102691.2421875, 67.76155090332031, -14.835289001464844, -39.71913146972656, 62.234683990478516, -6.433469772338867, 4.261228561401367, 35.32697296142578, 16.12596893310547, 1.0, -0.3864149749279022, 0.0, 36.20793151855469, 24.855010986328125
32092, 0.5159791111946106, -0.11016832292079926, 0.2983555495738983, -0.034884486347436905, -0.12196644395589828, -0.005958322901278734, 133485.90625, 153397.171875, 85851.484375, 131989.375, 142155.0, 102684.4921875, 69.54489135742188, -15.454297065734863, -39.18299102783203, 62.50794219970703, -6.845346927642822, 4.663630962371826, 34.65555953979492, 15.129074096679688, 1.0, -0.335995614528656, 0.0, 36.122161865234375, 24.317657470703125
32112, 0.5135627388954163, -0.11426804959774017, 0.2984779179096222, -0.04552275314927101, -0.13518954813480377, -0.011642705649137497, 133483.65625, 153393.84375, 85846.6171875, 131992.703125, 142152.21875, 102697.4375, 71.28756713867188, -16.2783260345459, -39.2618293762207, 63.19894027709961, -7.436517715454102, 5.342742443084717, 34.184566497802734, 13.809419631958008, 1.0, -0.29115402698516846, 0.0, 36.020721435546875, 23.767486572265625
32132, 0.5116685628890991, -0.11671242117881775, 0.2982023358345032, -0.05355987325310707, -0.1434408575296402, -0.015138869173824787, 133490.421875, 153392.984375, 85843.9140625, 131995.515625, 142161.328125, 102683.7421875, 73.04927062988281, -17.283639907836914, -39.71706008911133, 64.09175872802734, -7.62240743637085, 5.872550010681152, 33.70692443847656, 13.111703872680664, 1.0, -0.2116268426179886, 0.0, 35.905609130859375, 23.237335205078125
32152, 0.508653461933136, -0.12124407291412354, 0.2978766858577728, -0.06325765699148178, -0.1558993011713028, -0.014237155206501484, 133492.671875, 153397.59375, 85848.78125, 131994.9375, 142161.328125, 102682.4296875, 75.052978515625, -17.940637588500977, -39.94198226928711, 64.93740844726562, -7.279412269592285, 5.480019569396973, 33.49128341674805, 13.77075481414795, 1.0, -0.11309988051652908, 0.0, 35.79118347167969, 22.788681030273438
32172, 0.5060415863990784, -0.1244412288069725, 0.29681864380836487, -0.07046395540237427, -0.16437895596027374, -0.014829879626631737, 133483.0625, 153399.890625, 85850.671875, 131990.453125, 142158.546875, 102685.25, 76.36676788330078, -18.11982536315918, -39.68088150024414, 65.34495544433594, -7.144131660461426, 5.227677822113037, 33.42588424682617, 14.309771537780762, 1.0, 0.019658895209431648, 0.0, 35.68415832519531, 22.405014038085938
32192, 0.5050855875015259, -0.12642350792884827, 0.29657188057899475, -0.07232379913330078, -0.16871564090251923, -0.010544862598180771, 133473.0, 153399.46875, 85849.59375, 131988.796875, 142162.609375, 102684.4921875, 76.3907699584961, -18.15691375732422, -39.3266716003418, 65.30712127685547, -6.967674732208252, 5.099903106689453, 33.2669792175293, 14.675341606140137, 1.0, 0.14927171170711517, 0.0, 35.57951354980469, 22.070388793945312
32212, 0.5034430027008057, -0.1305968016386032, 0.2957518994808197, -0.07490494102239609, -0.17739245295524597, -0.009316736832261086, 133472.40625, 153397.171875, 85852.296875, 131986.546875, 142154.5, 102687.8671875, 75.72244262695312, -18.2934627532959, -38.8337287902832, 64.98782348632812, -7.036773204803467, 5.0831828117370605, 32.86491012573242, 14.59083080291748, 1.0, 0.2793830633163452, 0.0, 35.46687316894531, 21.760025024414062
32232, 0.5014751553535461, -0.13199755549430847, 0.2956044673919678, -0.0771629586815834, -0.17870765924453735, -0.008015129715204239, 133479.765625, 153399.46875, 85842.8359375, 131984.296875, 142163.59375, 102686.5546875, 75.39813995361328, -18.405370712280273, -38.725589752197266, 64.4190444946289, -7.0417256355285645, 5.164562702178955, 32.67654800415039, 14.414566040039062, 1.0, 0.4554579555988312, 0.0, 35.35569763183594, 21.467376708984375
32252, 0.4985589385032654, -0.13682430982589722, 0.29393908381462097, -0.0806855708360672, -0.1875961422920227, -0.018169527873396873, 133480.796875, 153397.59375, 85844.7265625, 131988.796875, 142163.109375, 102684.4921875, 75.4920883178711, -18.495336532592773, -39.01532745361328, 63.96680450439453, -6.538632869720459, 5.050961971282959, 32.715152740478516, 15.073784828186035, 1.0, 0.6126337051391602, 0.0, 35.25453186035156, 21.222412109375
32272, 0.4975835978984833, -0.1390390694141388, 0.2935846447944641, -0.07823998481035233, -0.18910838663578033, -0.018938185647130013, 133482.015625, 153389.65625, 85853.640625, 131989.375, 142159.546875, 102692.0, 75.67596435546875, -19.129676818847656, -38.58686065673828, 63.787479400634766, -6.3182549476623535, 5.272418022155762, 32.116310119628906, 14.987985610961914, 1.0, 0.7618471384048462, 0.0, 35.13873291015625, 20.992355346679688
32292, 0.49596938490867615, -0.14227040112018585, 0.292667031288147, -0.07606640458106995, -0.1926681399345398, -0.019199445843696594, 133466.25, 153397.59375, 85844.7265625, 131990.453125, 142165.375, 102682.4296875, 74.9799575805664, -19.681730270385742, -38.14136505126953, 63.68212890625, -6.010523319244385, 5.339847564697266, 31.799589157104492, 15.218598365783691, 1.0, 0.9173831343650818, 0.0, 35.0198974609375, 20.786880493164062
32312, 0.49388089776039124, -0.145677849650383, 0.29231297969818115, -0.0740559846162796, -0.19591954350471497, -0.017106950283050537, 133468.5, 153394.875, 85848.78125, 131977.5625, 142155.0, 102687.1171875, 74.9799575805664, -19.681730270385742, -38.14136505126953, 63.360530853271484, -5.906594753265381, 4.593436241149902, 31.535110473632812, 16.33507537841797, 1.0, 1.0219616889953613, 0.0, 34.870880126953125, 20.6025390625
32332, 0.49207648634910583, -0.148756742477417, 0.2923358976840973, -0.0705835223197937, -0.19778063893318176, -0.012689637951552868, 133472.40625, 153395.296875, 85851.484375, 131980.96875, 142156.28125, 102687.8671875, 73.50381469726562, -19.879287719726562, -37.96305847167969, 62.39530563354492, -6.2091264724731445, 4.3097429275512695, 31.283607482910156, 16.32120132446289, 1.0, 1.1184767484664917, 0.0, 34.75169372558594, 20.460296630859375
32352, 0.49126794934272766, -0.15316513180732727, 0.2921457886695862, -0.06355488300323486, -0.2022673636674881, -0.005042319651693106, 133470.140625, 153397.171875, 85846.6171875, 131973.078125, 142154.0, 102687.8671875, 72.7472915649414, -19.705795288085938, -37.5144157409668, 61.085323333740234, -6.252628326416016, 4.380842685699463, 30.854623794555664, 16.04357147216797, 1.0, 1.249355673789978, 0.0, 34.62638854980469, 20.318283081054688
32372, 0.4896089434623718, -0.15580588579177856, 0.2920694649219513, -0.05892016366124153, -0.20234033465385437, 7.725937030045316e-05, 133467.890625, 153390.6875, 85852.296875, 131988.203125, 142155.0, 102690.4921875, 71.95221710205078, -19.259620666503906, -36.26234436035156, 59.75328826904297, -6.404629707336426, 4.37148904800415, 30.36783790588379, 16.027271270751953, 1.0, 1.376312017440796, 0.0, 34.49371337890625, 20.184600830078125
32392, 0.4888046383857727, -0.16105376183986664, 0.2921038568019867, -0.051968082785606384, -0.2083878219127655, 0.0046348352916538715, 133476.296875, 153401.78125, 85856.34375, 131981.46875, 142159.046875, 102685.8046875, 70.8415756225586, -19.30493927001953, -34.975528717041016, 58.17711639404297, -7.2166924476623535, 4.121588230133057, 30.03386878967285, 15.777548789978027, 1.0, 1.4491004943847656, 0.0, 34.35896301269531, 20.05145263671875
32412, 0.4884641766548157, -0.16045144200325012, 0.2917899787425995, -0.04410897195339203, -0.19951821863651276, 0.006915165111422539, 133463.390625, 153391.109375, 85847.703125, 131976.984375, 142160.828125, 102687.8671875, 69.6218490600586, -19.335153579711914, -34.33509826660156, 56.66659164428711, -7.711507320404053, 3.828071117401123, 29.590084075927734, 15.806431770324707, 1.0, 1.5673991441726685, 0.0, 34.21910095214844, 19.926956176757812
32432, 0.4875929057598114, -0.16408395767211914, 0.29196664690971375, -0.03745428845286369, -0.20077575743198395, 0.009934413246810436, 133457.234375, 153393.40625, 85856.078125, 131974.75, 142158.546875, 102685.25, 68.30536651611328, -19.23916244506836, -33.30998229980469, 55.329097747802734, -7.5861382484436035, 3.834423065185547, 29.173437118530273, 15.972753524780273, 1.0, 1.6809608936309814, 0.0, 34.075347900390625, 19.814300537109375
32452, 0.48628929257392883, -0.1662643700838089, 0.2921982705593109, -0.03234388306736946, -0.19749775528907776, 0.010631405748426914, 133464.0, 153394.875, 85855.265625, 131966.34375, 142157.265625, 102687.8671875, 67.12959289550781, -18.804821014404297, -32.283119201660156, 55.329097747802734, -7.5861382484436035, 3.834423065185547, 28.71709442138672, 16.051280975341797, 1.0, 1.8391180038452148, 0.0, 33.926910400390625, 19.710052490234375
32472, 0.48531824350357056, -0.16884128749370575, 0.29280081391334534, -0.026555165648460388, -0.19314979016780853, 0.01613513194024563, 133465.03125, 153408.265625, 85843.9140625, 131982.0625, 142152.71875, 102683.1875, 65.06536865234375, -18.57901954650879, -31.593379974365234, 53.52581024169922, -7.643710136413574, 3.824422597885132, 28.71709442138672, 16.051280975341797, 1.0, 2.0481815338134766, 0.0, 33.77897644042969, 19.60504150390625
32492, 0.4843827188014984, -0.17224986851215363, 0.2931405305862427, -0.021284641698002815, -0.1887003481388092, 0.017594991251826286, 133462.78125, 153406.390625, 85850.40625, 131968.015625, 142161.328125, 102686.5546875, 63.28498840332031, -18.933143615722656, -31.37242889404297, 51.309730529785156, -7.637983322143555, 4.081877708435059, 29.53899383544922, 16.992231369018555, 1.0, 2.2333316802978516, 0.0, 33.65667724609375, 19.566299438476562
32512, 0.48387494683265686, -0.1753157377243042, 0.2943088412284851, -0.015470352955162525, -0.18166182935237885, 0.02538542076945305, 133463.390625, 153399.890625, 85855.265625, 131964.6875, 142150.453125, 102686.5546875, 61.92694091796875, -18.6737003326416, -30.83447265625, 49.18019485473633, -7.350536346435547, 4.182133674621582, 29.11953353881836, 18.12908172607422, 1.0, 2.426863193511963, 0.0, 33.526611328125, 19.560302734375
32532, 0.48305487632751465, -0.17851972579956055, 0.2948269844055176, -0.01147689949721098, -0.17446894943714142, 0.02639251947402954, 133461.140625, 153406.390625, 85849.59375, 131968.59375, 142157.5625, 102683.7421875, 60.3251838684082, -18.321212768554688, -30.354013442993164, 47.355472564697266, -7.433659553527832, 4.086012840270996, 28.57155990600586, 19.331558227539062, 1.0, 2.656266927719116, 0.0, 33.417755126953125, 19.584320068359375
32552, 0.4832908809185028, -0.18181221187114716, 0.2970031499862671, -0.005608728155493736, -0.1667645424604416, 0.03479929640889168, 133461.140625, 153404.921875, 85850.671875, 131968.59375, 142154.5, 102692.0, 58.62030029296875, -18.224782943725586, -30.20732307434082, 45.91533660888672, -7.958280086517334, 4.379647731781006, 29.161720275878906, 20.52359962463379, 1.0, 2.906381845474243, 0.0, 33.417755126953125, 19.584320068359375
32572, 0.4823623299598694, -0.18321539461612701, 0.29769182205200195, -0.0032759997993707657, -0.15370918810367584, 0.033994968980550766, 133447.625, 153402.203125, 85848.78125, 131968.015625, 142164.375, 102687.8671875, 56.768802642822266, -17.848081588745117, -29.284992218017578, 44.70382308959961, -7.802779197692871, 4.624563694000244, 28.636917114257812, 20.712364196777344, 1.0, 3.188133478164673, 0.0, 33.301422119140625, 19.611770629882812
32592, 0.48276159167289734, -0.18652227520942688, 0.299165815114975, 0.001530695823021233, -0.14523997902870178, 0.03700203821063042, 133450.484375, 153397.171875, 85855.265625, 131953.46875, 142156.28125, 102685.8046875, 55.353397369384766, -17.673250198364258, -28.23910140991211, 42.73740005493164, -7.551499843597412, 4.431333541870117, 28.570114135742188, 21.22838592529297, 1.0, 3.510984182357788, 0.0, 33.15919494628906, 19.618301391601562
32612, 0.4819580018520355, -0.18894700706005096, 0.29990044236183167, 0.0027673966251313686, -0.13439811766147614, 0.03659237176179886, 133442.078125, 153394.875, 85855.265625, 131956.796875, 142158.546875, 102692.0, 53.648380279541016, -17.67853355407715, -27.535493850708008, 40.27273178100586, -7.666561603546143, 4.525770664215088, 29.77459144592285, 22.100936889648438, 1.0, 3.8154468536376953, 0.0, 33.080657958984375, 19.6759033203125
32632, 0.4816533923149109, -0.19112946093082428, 0.30052125453948975, 0.004728115629404783, -0.12335854023694992, 0.03578878939151764, 133451.53125, 153399.890625, 85859.859375, 131955.703125, 142155.78125, 102681.6796875, 51.18016815185547, -17.61804962158203, -26.74135398864746, 38.15732192993164, -7.824606418609619, 4.367839813232422, 30.938854217529297, 23.52445411682129, 1.0, 4.147790431976318, 0.0, 33.03208923339844, 19.76318359375
32652, 0.4813816249370575, -0.19399869441986084, 0.30120423436164856, 0.006190073676407337, -0.11501210182905197, 0.03239614889025688, 133452.125, 153397.59375, 85850.671875, 131959.609375, 142153.5, 102683.7421875, 49.10899353027344, -17.442869186401367, -25.924314498901367, 36.40886688232422, -8.246232986450195, 3.704606294631958, 29.642963409423828, 25.420867919921875, 1.0, 4.545055389404297, 0.0, 32.927001953125, 19.856719970703125
32672, 0.4815092980861664, -0.19611753523349762, 0.30149805545806885, 0.008131654933094978, -0.1050611138343811, 0.028577543795108795, 133440.875, 153399.46875, 85856.078125, 131957.953125, 142156.28125, 102684.4921875, 47.16516876220703, -17.222450256347656, -25.143518447875977, 34.93090057373047, -8.5630521774292, 3.2702484130859375, 27.187498092651367, 25.188770294189453, 1.0, 4.954347133636475, 0.0, 32.802490234375, 19.972396850585938
32692, 0.4811910390853882, -0.19878941774368286, 0.3020338714122772, 0.00852338969707489, -0.09677425771951675, 0.02486477978527546, 133445.375, 153404.078125, 85859.046875, 131955.703125, 142157.265625, 102685.8046875, 44.997440338134766, -16.849275588989258, -24.05711555480957, 33.35654830932617, -8.617475509643555, 2.98244571685791, 24.07402992248535, 24.625932693481445, 1.0, 5.4038987159729, 0.0, 32.58717346191406, 20.039306640625
32712, 0.4816974103450775, -0.20050016045570374, 0.3024916350841522, 0.01043209433555603, -0.08651351183652878, 0.02157560922205448, 133436.96875, 153410.984375, 85856.34375, 131955.125, 142151.71875, 102681.6796875, 42.802734375, -15.889723777770996, -23.038728713989258, 31.810636520385742, -8.946575164794922, 2.5429277420043945, 20.21220588684082, 24.357807159423828, 1.0, 5.838096618652344, 0.0, 32.32987976074219, 20.12908935546875
32732, 0.4805755317211151, -0.20260483026504517, 0.303160697221756, 0.008250332437455654, -0.0789073258638382, 0.023893922567367554, 133436.359375, 153402.625, 85862.0234375, 131954.546875, 142140.84375, 102676.2421875, 40.30377197265625, -15.142848014831543, -21.91227149963379, 30.346622467041016, -10.195823669433594, 1.6312263011932373, 18.12269401550293, 23.70012855529785, 1.0, 6.227968692779541, 0.0, 32.01042175292969, 20.169906616210938
32752, 0.4798924922943115, -0.20300084352493286, 0.30364805459976196, 0.007090370636433363, -0.06973248720169067, 0.02146955206990242, 133441.46875, 153398.4375, 85868.78125, 131959.609375, 142156.28125, 102694.0625, 37.98698043823242, -14.698882102966309, -20.240087509155273, 29.238319396972656, -11.019905090332031, 1.5414422750473022, 15.655312538146973, 22.297109603881836, 1.0, 6.601254463195801, 0.0, 31.683944702148438, 20.212371826171875
32772, 0.4797140657901764, -0.20580755174160004, 0.3050391674041748, 0.007210893090814352, -0.0704534724354744, 0.025546563789248466, 133443.71875, 153404.078125, 85864.7265625, 131957.375, 142154.5, 102688.625, 37.98698043823242, -14.698882102966309, -20.240087509155273, 28.390926361083984, -10.958633422851562, 2.1245534420013428, 15.48661994934082, 20.55058479309082, 1.0, 6.972777843475342, 0.0, 31.366943359375, 20.218994140625
32792, 0.47930043935775757, -0.20319844782352448, 0.3055359125137329, 0.007078936323523521, -0.05882573872804642, 0.022397512570023537, 133439.21875, 153402.203125, 85867.6953125, 131952.890625, 142158.046875, 102697.9921875, 36.17189025878906, -14.072864532470703, -18.817615509033203, 27.211734771728516, -10.788602828979492, 2.7971532344818115, 16.02420425415039, 18.32782745361328, 1.0, 7.308213233947754, 0.0, 31.042160034179688, 20.1507568359375
32812, 0.47953811287879944, -0.20313474535942078, 0.30616164207458496, 0.008756866678595543, -0.05625317618250847, 0.021887676790356636, 133443.125, 153404.5, 85870.3984375, 131959.03125, 142156.28125, 102686.5546875, 34.973323822021484, -13.454967498779297, -17.56136131286621, 25.850948333740234, -10.634989738464355, 3.4358649253845215, 16.550779342651367, 15.935215950012207, 1.0, 7.637429237365723, 0.0, 30.76922607421875, 20.071365356445312
32832, 0.4788736402988434, -0.20569349825382233, 0.30657047033309937, 0.008387175388634205, -0.06211896613240242, 0.019072042778134346, 133443.125, 153402.625, 85856.078125, 131952.890625, 142152.21875, 102687.8671875, 33.53227996826172, -13.295866012573242, -16.34073257446289, 25.006755828857422, -10.496055603027344, 3.2541162967681885, 17.032333374023438, 15.290985107421875, 1.0, 7.945922374725342, 0.0, 30.515289306640625, 19.983001708984375
32852, 0.4777657687664032, -0.20598246157169342, 0.3070247173309326, 0.0072919223457574844, -0.06348050385713577, 0.01619202271103859, 133441.46875, 153402.203125, 85866.6171875, 131948.984375, 142151.71875, 102689.9296875, 32.21553039550781, -13.769499778747559, -15.209014892578125, 24.05849266052246, -10.257465362548828, 2.852097511291504, 18.406795501708984, 14.918917655944824, 1.0, 8.222099304199219, 0.0, 30.265090942382812, 19.859085083007812
32872, 0.47776857018470764, -0.20715846121311188, 0.30729395151138306, 0.009186762385070324, -0.06821739673614502, 0.010402804240584373, 133432.46875, 153401.78125, 85866.8828125, 131954.546875, 142151.234375, 102690.6875, 31.180095672607422, -14.409416198730469, -13.98829174041748, 22.79303741455078, -10.438158988952637, 2.650130271911621, 21.44549560546875, 13.92648696899414, 1.0, 8.526252746582031, 0.0, 30.107864379882812, 19.753326416015625
32892, 0.4776942729949951, -0.2071380615234375, 0.3069041967391968, 0.010723835788667202, -0.06877894699573517, 0.003491895506158471, 133441.46875, 153404.921875, 85861.75, 131950.640625, 142151.71875, 102690.6875, 29.999399185180664, -14.518808364868164, -12.971027374267578, 21.922922134399414, -10.99071216583252, 2.681753396987915, 22.764760971069336, 13.92648696899414, 1.0, 8.87108325958252, 0.0, 29.979248046875, 19.635345458984375
32912, 0.4778813421726227, -0.20872823894023895, 0.30696606636047363, 0.012963779270648956, -0.0724891945719719, 0.0028588995337486267, 133433.671875, 153406.390625, 85857.15625, 131950.640625, 142160.828125, 102683.7421875, 28.80348777770996, -14.10191822052002, -12.473380088806152, 21.922922134399414, -10.99071216583252, 2.681753396987915, 22.764760971069336, 13.01704216003418, 1.0, 9.179540634155273, 0.0, 29.8052978515625, 19.486434936523438
32932, 0.47788721323013306, -0.21020390093326569, 0.307815283536911, 0.014391852542757988, -0.07484694570302963, 0.006952808704227209, 133436.96875, 153406.8125, 85857.15625, 131948.390625, 142155.78125, 102686.5546875, 27.257505416870117, -13.105629920959473, -12.549901008605957, 21.404211044311523, -11.590819358825684, 2.4130771160125732, 21.648263931274414, 12.848941802978516, 1.0, 9.490630149841309, 0.0, 29.629806518554688, 19.371566772460938
32952, 0.47772344946861267, -0.21145586669445038, 0.30796390771865845, 0.015159830451011658, -0.07592011988162994, 0.007812150288373232, 133432.46875, 153410.984375, 85864.9921875, 131955.125, 142147.171875, 102693.3046875, 26.077899932861328, -12.216334342956543, -12.966602325439453, 21.08575439453125, -11.89432144165039, 2.3297410011291504, 19.434770584106445, 12.698221206665039, 1.0, 9.814373970031738, 0.0, 29.452987670898438, 19.249603271484375
32972, 0.47729137539863586, -0.21143311262130737, 0.30812668800354004, 0.015305522829294205, -0.07308611273765564, 0.006927179638296366, 133438.015625, 153404.5, 85858.78125, 131946.15625, 142154.0, 102683.7421875, 25.111446380615234, -12.155715942382812, -13.008554458618164, 20.49407386779785, -11.652486801147461, 2.7492518424987793, 19.004047393798828, 12.04201602935791, 1.0, 10.159595489501953, 0.0, 21.914390563964844, 0.0
32992, 0.47771623730659485, -0.21697016060352325, 0.307739794254303, 0.017466774210333824, -0.08446845412254333, 0.003243053564801812, 133445.375, 153401.78125, 85858.2421875, 131953.46875, 142148.171875, 102694.0625, 24.222925186157227, -11.476970672607422, -12.040855407714844, 19.828718185424805, -11.152565956115723, 2.711883783340454, 21.914390563964844, 0.0, 1.0, 10.516363143920898, 0.0, 21.914390563964844, 0.0
33012, 0.47716671228408813, -0.21868321299552917, 0.30779141187667847, 0.017092837020754814, -0.08476066589355469, 0.001569849788211286, 133433.0625, 153406.8125, 85857.96875, 131948.390625, 142153.21875, 102685.8046875, 23.79806900024414, -10.64505672454834, -10.460053443908691, 18.9293212890625, -10.818778038024902, 2.1000189781188965, 26.68305015563965, 0.0, 1.0, 10.86429500579834, 0.0, 26.68305015563965, 0.0
33032, 0.477198988199234, -0.21899928152561188, 0.30875158309936523, 0.018154200166463852, -0.08102119714021683, 0.004876753780990839, 133440.875, 153406.8125, 85856.078125, 131950.640625, 142154.5, 102694.0625, 23.10820770263672, -10.410074234008789, -9.23873519897461, 17.82383155822754, -10.80180835723877, 1.7124335765838623, 26.27335548400879, 0.0, 1.0, 11.20263671875, 0.0, 26.27335548400879, 0.0
33052, 0.4771062135696411, -0.2227068394422531, 0.30881673097610474, 0.018481411039829254, -0.0855456069111824, 0.002069419249892235, 133433.0625, 153402.625, 85865.5390625, 131950.640625, 142148.171875, 102692.75, 22.071840286254883, -10.423798561096191, -8.45004940032959, 16.98744773864746, -11.234230995178223, 1.9748111963272095, 25.59208106994629, 0.0, 1.0, 11.576027870178223, 0.0, 25.59208106994629, 0.0
33072, 0.47685933113098145, -0.2241901010274887, 0.3084869682788849, 0.01826934516429901, -0.08336760848760605, -0.0024271432776004076, 133435.765625, 153406.8125, 85864.7265625, 131950.0625, 142154.5, 102684.4921875, 21.122676849365234, -10.432604789733887, -7.595102787017822, 16.220386505126953, -11.55751895904541, 1.967782974243164, 24.935161590576172, 0.0, 1.0, 11.923933982849121, 0.0, 24.935161590576172, 0.0
33092, 0.47631266713142395, -0.22618193924427032, 0.3084152340888977, 0.01719476282596588, -0.08233273029327393, -0.004770256578922272, 133435.328125, 153402.203125, 85861.2109375, 131952.890625, 142160.828125, 102685.8046875, 20.364376068115234, -10.437042236328125, -7.0199127197265625, 15.62906551361084, -11.164315223693848, 1.553005337715149, 24.43209457397461, 0.0, 1.0, 12.273371696472168, 0.0, 24.43209457397461, 0.0
33112, 0.47765660285949707, -0.22780741751194, 0.3089587092399597, 0.02042677253484726, -0.08027568459510803, -0.005635096691548824, 133430.65625, 153407.65625, 85852.5625, 131950.0625, 142149.953125, 102685.8046875, 19.382116317749023, -10.381208419799805, -7.144486904144287, 15.081324577331543, -11.094374656677246, 1.2279047966003418, 0.0, 0.0, 1.0, 12.64845085144043, 0.0, 0.0, 0.0
33132, 0.4769516587257385, -0.22770099341869354, 0.3088913559913635, 0.01862237975001335, -0.0762399286031723, -0.007109420374035835, 133436.359375, 153402.625, 85856.34375, 131948.984375, 142149.953125, 102682.4296875, 18.539356231689453, -10.328333854675293, -7.495072364807129, 14.346210479736328, -11.649636268615723, 0.7566043138504028, 0.0, 0.0, 1.0, 13.03299331665039, 0.0, 0.0, 0.0
33152, 0.4776321351528168, -0.2307225465774536, 0.3092249035835266, 0.02055547386407852, -0.07723931223154068, -0.004346934147179127, 133436.96875, 153404.921875, 85847.703125, 131945.578125, 142158.546875, 102692.0, 18.10294532775879, -10.447297096252441, -8.045917510986328, 13.389012336730957, -11.631349563598633, 0.7198565006256104, 0.0, 0.0, 1.0, 13.396208763122559, 0.0, 0.0, 0.0
33172, 0.47822654247283936, -0.23181146383285522, 0.3091421127319336, 0.02330213226377964, -0.07279179990291595, -0.003623858792707324, 133425.109375, 153411.421875, 85846.890625, 131952.890625, 142154.0, 102686.5546875, 17.069608688354492, -10.041054725646973, -9.056422233581543, 12.743892669677734, -11.329780578613281, 0.8999456167221069, 0.0, 0.0, 1.0, 13.741287231445312, 0.0, 0.0, 0.0
33192, 0.4791276156902313, -0.23369702696800232, 0.3090386986732483, 0.028213398531079292, -0.06988159567117691, -0.00479076337069273, 133441.46875, 153402.203125, 85856.6171875, 131958.453125, 142154.0, 102685.8046875, 16.40882110595703, -9.790328979492188, -9.402117729187012, 12.883657455444336, -11.284624099731445, 0.6515377163887024, 0.0, 0.0, 1.0, 14.028653144836426, 0.0, 0.0, 0.0
33212, 0.4787116050720215, -0.23335492610931396, 0.3089079260826111, 0.03192698583006859, -0.06029871106147766, -0.008636566810309887, 133430.21875, 153404.078125, 85856.34375, 131952.890625, 142160.828125, 102685.8046875, 16.079057693481445, -9.959721565246582, -9.101333618164062, 12.985713958740234, -10.903083801269531, 0.36149242520332336, 0.0, 0.0, 1.0, 14.27755355834961, 0.0, 0.0, 0.0
33232, 0.47941574454307556, -0.23562848567962646, 0.3085545301437378, 0.04420706257224083, -0.05261050909757614, -0.015259732492268085, 133440.265625, 153402.625, 85849.3203125, 131957.953125, 142160.328125, 102693.3046875, 15.705764770507812, -10.106986999511719, -9.185855865478516, 12.997847557067871, -10.223381042480469, 0.5426838397979736, 0.0, 0.0, 1.0, 14.539265632629395, 0.0, 0.0, 0.0
33252, 0.4799611568450928, -0.23707306385040283, 0.30798107385635376, 0.05416302755475044, -0.04692526161670685, -0.018828870728611946, 133438.625, 153401.78125, 85849.59375, 131961.28125, 142154.5, 102694.0625, 15.800769805908203, -10.40368366241455, -9.612167358398438, 13.494985580444336, -9.956344604492188, 1.1982208490371704, 0.0, 0.0, 1.0, 14.785208702087402, 0.0, 0.0, 0.0
33272, 0.4808342754840851, -0.23810240626335144, 0.30758288502693176, 0.06557995080947876, -0.03996730595827103, -0.020743021741509438, 133433.0625, 153404.921875, 85852.5625, 131965.765625, 142152.21875, 102687.1171875, 15.465316772460938, -10.550779342651367, -9.77793025970459, 13.858142852783203, -9.942850112915039, 1.089460015296936, 0.0, 0.0, 1.0, 15.014771461486816, 0.0, 0.0, 0.0
33292, 0.48106899857521057, -0.23874716460704803, 0.30690908432006836, 0.07560940086841583, -0.03210913762450218, -0.024321477860212326, 133449.875, 153400.75, 85857.15625, 131960.203125, 142161.828125, 102685.8046875, 15.764130592346191, -10.734211921691895, -9.430008888244629, 14.101278305053711, -9.534008979797363, 0.4718555808067322, 0.0, 0.0, 1.0, 15.194427490234375, 0.0, 0.0, 0.0
33312, 0.4820970594882965, -0.24016115069389343, 0.30665695667266846, 0.08274693787097931, -0.03141603246331215, -0.02597620151937008, 133448.828125, 153402.625, 85845.8046875, 131955.125, 142158.546875, 102686.5546875, 16.850135803222656, -11.005257606506348, -9.472465515136719, 14.237747192382812, -9.056671142578125, 0.19317474961280823, 0.0, 0.0, 1.0, 15.368013381958008, 0.0, 0.0, 0.0
33332, 0.4841303527355194, -0.24083669483661652, 0.3063606023788452, 0.09696356952190399, -0.02430284582078457, -0.025907866656780243, 133452.125, 153402.625, 85840.9453125, 131960.203125, 142155.0, 102688.625, 17.957048416137695, -11.129148483276367, -10.425152778625488, 14.336750030517578, -8.970047950744629, 0.10217772424221039, 0.0, 0.0, 1.0, 15.497111320495605, 0.0, 0.0, 0.0
33352, 0.48484519124031067, -0.24088652431964874, 0.30584609508514404, 0.10735199600458145, -0.015672629699110985, -0.027348145842552185, 133454.375, 153406.8125, 85853.375, 131968.09375, 142154.0, 102684.4921875, 19.251737594604492, -11.00960636138916, -10.774922370910645, 15.13552474975586, -9.117355346679688, -0.10419125854969025, 0.0, 0.0, 1.0, 15.629016876220703, 0.0, 0.0, 0.0
33372, 0.4870479702949524, -0.24161645770072937, 0.30557700991630554, 0.1206825003027916, -0.009581842459738255, -0.02575855515897274, 133454.375, 153411.421875, 85844.7265625, 131975.328125, 142152.21875, 102674.9296875, 20.59839630126953, -10.786957740783691, -10.815516471862793, 16.66645622253418, -9.415709495544434, -1.0890206098556519, 0.0, 0.0, 1.0, 15.744104385375977, 0.0, 0.0, 0.0
33392, 0.49039196968078613, -0.24373628199100494, 0.30508947372436523, 0.13593077659606934, -0.0078207952901721, -0.022882331162691116, 133460.09375, 153400.75, 85839.3203125, 131969.75, 142163.59375, 102692.75, 21.820987701416016, -10.811344146728516, -11.37081241607666, 18.05634880065918, -9.171156883239746, -1.5231717824935913, 23.2281494140625, 0.0, 1.0, 15.89649772644043, 0.0, 23.2281494140625, 0.0
33412, 0.4929877519607544, -0.24356544017791748, 0.30401670932769775, 0.1477837711572647, -0.0004110047302674502, -0.024915572255849838, 133460.53125, 153400.328125, 85833.6484375, 131970.84375, 142163.109375, 102688.0625, 23.102643966674805, -11.054886817932129, -12.438735961914062, 18.982606887817383, -8.332326889038086, -1.1305209398269653, 19.98555564880371, 0.0, 1.0, 15.987317085266113, 0.0, 19.98555564880371, 0.0
33432, 0.49535101652145386, -0.24458496272563934, 0.30350324511528015, 0.1563088744878769, 0.0025444987695664167, -0.026860056445002556, 133458.890625, 153399.890625, 85837.4296875, 131973.078125, 142163.109375, 102688.625, 24.378477096557617, -11.436295509338379, -13.679160118103027, 20.004352569580078, -7.587173938751221, -1.0196521282196045, 16.180614471435547, 21.906335830688477, 1.0, 16.125547409057617, 0.0, 16.180614471435547, 21.906335830688477
33452, 0.49844273924827576, -0.24349837005138397, 0.3044780194759369, 0.1640581488609314, 0.010142166167497635, -0.017073428258299828, 133459.484375, 153406.8125, 85837.1640625, 131975.90625, 142159.046875, 102692.0, 25.197059631347656, -11.544116973876953, -14.281786918640137, 21.165563583374023, -7.151253700256348, -0.7072973847389221, 14.811943054199219, 23.1168155670166, 1.0, 16.253395080566406, 0.0, 14.936370849609375, 23.00677490234375
33472, 0.5014123320579529, -0.2430417537689209, 0.3041537404060364, 0.16773195564746857, 0.014735093340277672, -0.015026116743683815, 133457.234375, 153400.328125, 85840.9453125, 131986.546875, 142154.5, 102692.0, 25.835800170898438, -11.804746627807617, -14.600055694580078, 22.900772094726562, -7.271971225738525, -0.21685442328453064, 14.918057441711426, 23.74205207824707, 1.0, 16.367734909057617, 0.0, 14.927658081054688, 23.356903076171875
33492, 0.5024917125701904, -0.2428748458623886, 0.30391591787338257, 0.16321370005607605, 0.017518814653158188, -0.00986296497285366, 133452.734375, 153399.890625, 85837.9765625, 131973.65625, 142159.046875, 102687.8671875, 26.48367691040039, -12.031582832336426, -15.511667251586914, 24.298959732055664, -7.378936290740967, -0.0762953907251358, 15.052800178527832, 24.435274124145508, 1.0, 16.474170684814453, 0.0, 14.968017578125, 23.704757690429688
33512, 0.5056469440460205, -0.2424827516078949, 0.30511215329170227, 0.16079744696617126, 0.01974324882030487, 0.004501420073211193, 133460.703125, 153402.203125, 85826.8984375, 131988.203125, 142159.046875, 102698.1875, 26.48367691040039, -12.031582832336426, -15.511667251586914, 25.62265968322754, -7.19166374206543, 0.3744798004627228, 15.011619567871094, 24.31547737121582, 1.0, 16.580625534057617, 0.0, 14.978652954101562, 23.853713989257812
33532, 0.5079513192176819, -0.24224016070365906, 0.3052498996257782, 0.15429575741291046, 0.020995724946260452, 0.008388852700591087, 133454.375, 153402.203125, 85832.5703125, 131982.640625, 142163.59375, 102698.1875, 27.194686889648438, -11.88991928100586, -17.061805725097656, 27.27314567565918, -6.799870014190674, 1.3821041584014893, 14.958242416381836, 23.26907730102539, 1.0, 16.642253875732422, 0.0, 14.974655151367188, 23.73907470703125
33552, 0.512592613697052, -0.24263937771320343, 0.30489808320999146, 0.1513652801513672, 0.019783761352300644, 0.00643777335062623, 133454.984375, 153398.015625, 85831.4921875, 131978.65625, 142156.78125, 102692.75, 27.45366096496582, -11.872550964355469, -17.880741119384766, 28.70480728149414, -7.129173278808594, 2.0367140769958496, 14.875617027282715, 23.021562576293945, 1.0, 16.710086822509766, 0.0, 14.958419799804688, 23.621444702148438
33572, 0.5145505666732788, -0.24235865473747253, 0.3050239384174347, 0.1417752206325531, 0.02057008445262909, 0.006290579214692116, 133457.234375, 153406.8125, 85839.0546875, 131993.859375, 142156.28125, 102693.5, 27.650615692138672, -11.852690696716309, -18.726585388183594, 30.788007736206055, -8.041609764099121, 2.264853000640869, 14.886013984680176, 24.088245391845703, 1.0, 16.729103088378906, 0.0, 14.948226928710938, 23.68719482421875
33592, 0.5170507431030273, -0.24339772760868073, 0.30551254749298096, 0.13275526463985443, 0.01770198531448841, 0.007997197099030018, 133464.0, 153402.625, 85835.2734375, 131989.375, 142154.5, 102698.1875, 28.129863739013672, -11.605070114135742, -19.370107650756836, 32.60184097290039, -8.230124473571777, 2.678802013397217, 15.16952133178711, 24.61224365234375, 1.0, 16.722410202026367, 0.0, 14.975540161132812, 23.8013916015625
33612, 0.51957106590271, -0.24321569502353668, 0.30564579367637634, 0.1232413575053215, 0.017885269597172737, 0.005541829392313957, 133473.0, 153404.078125, 85826.8984375, 131990.453125, 142156.78125, 102701.0, 28.746427536010742, -11.775864601135254, -19.326122283935547, 34.11806106567383, -8.001787185668945, 3.820767879486084, 15.09756851196289, 23.670604705810547, 1.0, 16.670148849487305, 0.0, 14.98895263671875, 23.787017822265625
33632, 0.5219748020172119, -0.2429017275571823, 0.3058694005012512, 0.1130831316113472, 0.017940692603588104, 0.005939273629337549, 133459.484375, 153403.046875, 85826.625, 131994.4375, 142163.109375, 102701.5625, 30.105545043945312, -12.317756652832031, -20.19476890563965, 35.48188400268555, -7.854911804199219, 4.649140357971191, 14.49427318572998, 23.165847778320312, 1.0, 16.596263885498047, 0.0, 14.939971923828125, 23.725509643554688
33652, 0.5236643552780151, -0.242522731423378, 0.3060011863708496, 0.10079383105039597, 0.017695045098662376, 0.007075256668031216, 133471.359375, 153400.75, 85825.0, 131996.109375, 142155.5, 102694.25, 31.162921905517578, -12.510913848876953, -21.6473445892334, 35.48188400268555, -7.854911804199219, 4.649140357971191, 14.876594543457031, 23.165847778320312, 1.0, 16.49602699279785, 0.0, 14.93426513671875, 23.689010620117188
33672, 0.5257955193519592, -0.24273477494716644, 0.3041225075721741, 0.0898694321513176, 0.015769843012094498, -0.004881795961409807, 133476.296875, 153402.203125, 85830.6796875, 132000.015625, 142152.71875, 102701.0, 32.1773681640625, -12.790143013000488, -22.488643646240234, 36.484798431396484, -7.6112470626831055, 4.691588878631592, 14.876594543457031, 23.32030487060547, 1.0, 16.381868362426758, 0.0, 15.028884887695312, 23.556564331054688
33692, 0.5261855721473694, -0.24366317689418793, 0.30400756001472473, 0.0748027041554451, 0.01209218055009842, -0.006267693359404802, 133466.25, 153402.625, 85815.28125, 132001.671875, 142157.265625, 102705.125, 33.66136932373047, -13.032746315002441, -23.068933486938477, 37.84345626831055, -7.507454872131348, 4.9953718185424805, 16.079139709472656, 22.086374282836914, 1.0, 16.217416763305664, 0.0, 15.213943481445312, 23.32110595703125
33712, 0.5270055532455444, -0.24377775192260742, 0.3035496175289154, 0.06112538278102875, 0.01023162342607975, -0.006941372063010931, 133471.359375, 153393.84375, 85814.46875, 132000.59375, 142155.0, 102702.3125, 34.48854446411133, -12.84793472290039, -24.15030860900879, 39.51584243774414, -7.584228992462158, 5.755911827087402, 17.453073501586914, 20.472105026245117, 1.0, 16.022716522216797, 0.0, 15.498001098632812, 23.024002075195312
33732, 0.5281054973602295, -0.24358543753623962, 0.3034157156944275, 0.04887782037258148, 0.008995953015983105, -0.0060417186468839645, 133478.109375, 153400.328125, 85823.921875, 132002.25, 142158.546875, 102700.25, 35.296268463134766, -13.073528289794922, -25.61905860900879, 40.84502029418945, -7.595582962036133, 6.582779884338379, 19.219175338745117, 19.13191032409668, 1.0, 15.843527793884277, 0.0, 15.498001098632812, 23.024002075195312
33752, 0.5285041332244873, -0.2443116456270218, 0.30469048023223877, 0.03585454449057579, 0.005682714283466339, 0.002327531576156616, 133462.34375, 153393.40625, 85826.8984375, 132011.234375, 142157.265625, 102704.375, 36.70732116699219, -13.606679916381836, -26.303014755249023, 42.095149993896484, -7.82996129989624, 7.017189979553223, 20.361740112304688, 18.888139724731445, 1.0, 15.638618469238281, 0.0, 15.789031982421875, 22.7200927734375
33772, 0.5294090509414673, -0.24456897377967834, 0.30473950505256653, 0.02528202161192894, 0.004070684779435396, 0.0022075402084738016, 133478.109375, 153397.59375, 85814.46875, 132006.75, 142163.59375, 102698.9375, 38.08781051635742, -13.848393440246582, -26.74086570739746, 43.49978256225586, -7.9236884117126465, 7.103080749511719, 21.554323196411133, 18.883010864257812, 1.0, 15.406026840209961, 0.0, 16.147125244140625, 22.481765747070312
33792, 0.5286821722984314, -0.2446255385875702, 0.3047674298286438, 0.011660855263471603, 0.003488423302769661, 0.0009253717726096511, 133476.46875, 153400.328125, 85810.6875, 132009.5625, 142162.109375, 102703.8125, 39.101806640625, -13.943259239196777, -28.08786392211914, 44.98317337036133, -7.555090427398682, 7.443166255950928, 23.5015926361084, 18.202327728271484, 1.0, 15.144558906555176, 0.0, 16.57720947265625, 22.23150634765625
33812, 0.529437243938446, -0.2452528476715088, 0.3057241439819336, 0.0026506634894758463, 0.0017820290522649884, 0.006134998053312302, 133482.015625, 153399.890625, 85808.5234375, 132002.828125, 142160.828125, 102701.0, 40.185508728027344, -13.908647537231445, -29.56377410888672, 46.2542610168457, -7.114932537078857, 7.8957414627075195, 25.76485252380371, 17.381668090820312, 1.0, 14.870573043823242, 0.0, 17.084823608398438, 21.96356201171875
33832, 0.5283690690994263, -0.2458871603012085, 0.30584806203842163, -0.009664110839366913, 0.00036823737900704145, 0.005793712567538023, 133486.515625, 153391.53125, 85815.546875, 132009.5625, 142160.828125, 102705.875, 41.6677131652832, -14.37949275970459, -30.532651901245117, 47.33604049682617, -6.837178707122803, 8.391831398010254, 27.290712356567383, 16.748031616210938, 1.0, 14.583805084228516, 0.0, 17.587860107421875, 21.659881591796875
33852, 0.5276521444320679, -0.24687349796295166, 0.30516403913497925, -0.019770631566643715, -0.0018125290516763926, -0.000920038903132081, 133478.109375, 153398.4375, 85820.140625, 132007.328125, 142149.953125, 102705.125, 42.712890625, -14.847306251525879, -30.656661987304688, 48.53012466430664, -7.211241245269775, 9.038500785827637, 27.682355880737305, 16.791210174560547, 1.0, 14.29664421081543, 0.0, 18.090072631835938, 21.41766357421875
33872, 0.5279383659362793, -0.24672859907150269, 0.30513277649879456, -0.02611343190073967, -0.0014697166625410318, -0.0018877495313063264, 133487.125, 153391.53125, 85812.578125, 131998.34375, 142148.171875, 102698.9375, 43.65238952636719, -15.25568962097168, -30.876428604125977, 48.92070388793945, -8.219718933105469, 9.197979927062988, 28.151580810546875, 17.747982025146484, 1.0, 13.9796724319458, 0.0, 18.566925048828125, 21.243743896484375
33892, 0.5258936882019043, -0.24741974472999573, 0.3062216639518738, -0.036765649914741516, -0.0031111843418329954, 0.002817781176418066, 133484.859375, 153395.71875, 85806.90625, 132001.671875, 142159.046875, 102707.1875, 44.77849578857422, -15.7802152633667, -31.801288604736328, 48.880943298339844, -8.549700736999512, 9.433059692382812, 29.311635971069336, 18.205026626586914, 1.0, 13.668577194213867, 0.0, 19.02178955078125, 21.075302124023438
33912, 0.524465799331665, -0.24808800220489502, 0.306274950504303, -0.04438536986708641, -0.004468713887035847, 0.0026966293808072805, 133485.90625, 153402.625, 85809.609375, 132002.828125, 142155.0, 102705.125, 45.618194580078125, -15.617915153503418, -32.73072814941406, 49.023311614990234, -8.446636199951172, 10.01699447631836, 31.191743850708008, 17.95068359375, 1.0, 13.353582382202148, 0.0, 19.548629760742188, 20.940032958984375
33932, 0.524550199508667, -0.24806095659732819, 0.3054026961326599, -0.046831198036670685, -0.0040605925023555756, -0.004398099612444639, 133492.671875, 153393.84375, 85800.1484375, 132000.59375, 142152.71875, 102698.9375, 46.76795196533203, -15.578577041625977, -33.83271026611328, 49.04432678222656, -8.748920440673828, 10.007302284240723, 31.518115997314453, 18.35000991821289, 1.0, 13.04165267944336, 0.0, 20.045303344726562, 20.832565307617188
33952, 0.5230991244316101, -0.2485746294260025, 0.3053017556667328, -0.05183668062090874, -0.004645675420761108, -0.005090816877782345, 133484.265625, 153393.40625, 85819.0625, 132008.40625, 142156.78125, 102699.6875, 47.68354797363281, -16.043981552124023, -34.18513488769531, 49.35239791870117, -8.95948314666748, 9.640115737915039, 31.05133819580078, 18.48175811767578, 1.0, 12.705009460449219, 0.0, 20.452499389648438, 20.707733154296875
33972, 0.5195154547691345, -0.2495809942483902, 0.30549877882003784, -0.06073734164237976, -0.006497128400951624, -0.0030532251112163067, 133496.125, 153393.40625, 85807.7109375, 132002.25, 142156.78125, 102699.6875, 48.67266082763672, -16.4493350982666, -34.041011810302734, 49.690242767333984, -8.919337272644043, 9.35120677947998, 30.73526954650879, 18.252351760864258, 1.0, 12.29922866821289, 0.0, 20.846481323242188, 20.613662719726562
33992, 0.5201074481010437, -0.2501687705516815, 0.30545881390571594, -0.05768502876162529, -0.009123816154897213, -0.0016511338762938976, 133484.859375, 153400.328125, 85810.6875, 132010.65625, 142150.953125, 102707.1875, 49.50157928466797, -16.406368255615234, -34.35870361328125, 50.05425262451172, -9.22070026397705, 9.526262283325195, 30.610000610351562, 18.442842483520508, 1.0, 11.934905052185059, 0.0, 21.206771850585938, 20.533554077148438
34012, 0.5187426805496216, -0.25045132637023926, 0.3059970736503601, -0.058304689824581146, -0.013040279038250446, -0.0011156139662489295, 133484.265625, 153392.984375, 85804.203125, 132006.75, 142154.5, 102696.875, 49.51017379760742, -16.416805267333984, -34.74754333496094, 50.5531005859375, -9.59926700592041, 9.49251937866211, 30.720346450805664, 18.673189163208008, 1.0, 11.611302375793457, 0.0, 21.514083862304688, 20.435989379882812
34032, 0.5169091820716858, -0.2514594495296478, 0.3059309422969818, -0.058969173580408096, -0.02026224136352539, -0.004785948898643255, 133484.265625, 153397.59375, 85813.65625, 132000.59375, 142152.21875, 102706.4375, 49.4676513671875, -16.587398529052734, -34.860870361328125, 50.38172912597656, -9.820483207702637, 9.386773109436035, 30.767345428466797, 19.075645446777344, 1.0, 11.30761432647705, 0.0, 21.832077026367188, 20.389236450195312
34052, 0.5153464674949646, -0.25238290429115295, 0.30582574009895325, -0.057903096079826355, -0.028536975383758545, -0.005063540767878294, 133482.609375, 153393.84375, 85805.015625, 132007.328125, 142152.21875, 102701.0, 49.4676513671875, -16.587398529052734, -34.860870361328125, 50.23704147338867, -10.127492904663086, 9.555572509765625, 31.027931213378906, 19.563020706176758, 1.0, 11.020238876342773, 0.0, 22.137588500976562, 20.361785888671875
34072, 0.5148202180862427, -0.253574937582016, 0.3066142499446869, -0.05342404171824455, -0.038083333522081375, -0.0003300716925878078, 133484.859375, 153394.265625, 85800.1484375, 132011.8125, 142148.671875, 102697.625, 49.26791000366211, -16.674394607543945, -34.842899322509766, 50.51087188720703, -10.566783905029297, 9.62903881072998, 31.712390899658203, 19.99703025817871, 1.0, 10.746395111083984, 0.0, 22.414230346679688, 20.318557739257812
34092, 0.5129276514053345, -0.25321638584136963, 0.3065989017486572, -0.051786117255687714, -0.044479258358478546, -0.0020941798575222492, 133485.46875, 153397.59375, 85805.015625, 131997.765625, 142150.953125, 102701.0, 49.04072952270508, -16.911840438842773, -35.49748611450195, 50.19628143310547, -11.066719055175781, 9.505088806152344, 31.799589157104492, 20.90021514892578, 1.0, 10.507969856262207, 0.0, 22.706619262695312, 20.336685180664062
34112, 0.5116684436798096, -0.2541694939136505, 0.30670687556266785, -0.047670379281044006, -0.054222483187913895, -0.004045847337692976, 133484.859375, 153395.296875, 85798.2578125, 132001.171875, 142152.21875, 102705.125, 48.95854949951172, -16.888734817504883, -36.01520919799805, 49.81100845336914, -11.450911521911621, 9.375692367553711, 31.784421920776367, 22.123044967651367, 1.0, 10.28902530670166, 0.0, 22.980880737304688, 20.390655517578125
34132, 0.5114150047302246, -0.256060391664505, 0.30663207173347473, -0.04036346450448036, -0.06625282019376755, -0.0024380201939493418, 133484.859375, 153402.203125, 85792.5859375, 132013.46875, 142156.78125, 102698.375, 48.83678436279297, -16.803651809692383, -36.52389907836914, 48.12358474731445, -11.957693099975586, 8.508033752441406, 32.273590087890625, 25.395092010498047, 1.0, 10.080050468444824, 0.0, 23.253402709960938, 20.53741455078125
34152, 0.5101428627967834, -0.2576937973499298, 0.30797508358955383, -0.035676389932632446, -0.07748353481292725, 0.006356043741106987, 133482.015625, 153400.328125, 85800.9609375, 131968.015625, 142143.625, 102684.4921875, 48.28437423706055, -16.889209747314453, -36.855018615722656, 44.37986373901367, -12.798423767089844, 6.534894943237305, 31.676944732666016, 32.322845458984375, 1.0, 9.84988784790039, 0.0, 23.462203979492188, 20.841598510742188
34172, 0.5094199776649475, -0.26027968525886536, 0.3081212043762207, -0.02916017919778824, -0.09120454639196396, 0.008599300868809223, 133487.125, 153399.890625, 85800.421875, 131937.171875, 142153.21875, 102678.3046875, 47.63225555419922, -16.449405670166016, -36.521263122558594, 37.009151458740234, -13.483684539794922, 3.5828659534454346, 31.46489906311035, 30.142593383789062, 1.0, 9.571118354797363, 0.0, 23.68389892578125, 21.099258422851562
34192, 0.5096141695976257, -0.26045188307762146, 0.30778348445892334, -0.019907459616661072, -0.09838175773620605, 0.0015055147232487798, 133484.859375, 153397.59375, 85806.90625, 131901.859375, 142151.71875, 102661.8046875, 47.11860275268555, -16.22051429748535, -36.04855728149414, 26.65157127380371, -13.635758399963379, -0.3482324779033661, 32.46184539794922, 22.665401458740234, 1.0, 9.275551795959473, 0.0, 23.920516967773438, 21.1414794921875
34212, 0.5094872117042542, -0.2627449929714203, 0.3077599108219147, -0.010378479026257992, -0.11038102954626083, -0.004133565817028284, 133480.359375, 153393.40625, 85797.4453125, 131868.203125, 142154.5, 102643.234375, 47.17843246459961, -16.74283218383789, -36.524356842041016, 26.65157127380371, -13.635758399963379, -0.3482324779033661, 32.46184539794922, 22.665401458740234, 1.0, 8.942657470703125, 0.0, 33.26934814453125, 0.0
34232, 0.5094419121742249, -0.2647990882396698, 0.3077727258205414, 0.0005142475129105151, -0.12086812406778336, -0.008711942471563816, 133482.609375, 153398.015625, 85805.015625, 131885.5625, 142152.21875, 102653.546875, 47.35227584838867, -17.197277069091797, -36.99546432495117, 15.739072799682617, -13.540230751037598, -4.412400722503662, 33.26934814453125, 0.0, 1.0, 8.607048034667969, 0.0, 33.4876594543457, 0.0
34252, 0.5086705684661865, -0.2688141167163849, 0.30749648809432983, 0.009713912382721901, -0.13518816232681274, -0.018492013216018677, 133487.71875, 153400.328125, 85790.6953125, 131882.828125, 142150.453125, 102662.5546875, 47.51525115966797, -17.36648178100586, -36.78536605834961, 4.680729389190674, -13.225098609924316, -8.760772705078125, 33.4876594543457, 0.0, 1.0, 8.296792984008789, 0.0, 32.834815979003906, 0.0
34272, 0.50931316614151, -0.27120310068130493, 0.3051234483718872, 0.022424954921007156, -0.14319054782390594, -0.03461555764079094, 133495.53125, 153395.71875, 85810.6875, 131908.0, 142152.71875, 102664.6171875, 48.175987243652344, -17.113317489624023, -37.38126754760742, -3.7364730834960938, -12.77175521850586, -11.778656005859375, 32.834815979003906, 0.0, 1.0, 8.035513877868652, 0.0, 32.834815979003906, 0.0
34292, 0.5100939273834229, -0.2738816440105438, 0.3043953776359558, 0.034196872264146805, -0.1485254019498825, -0.037920065224170685, 133484.859375, 153395.296875, 85788.8046875, 131937.765625, 142156.78125, 102682.4296875, 48.60026550292969, -16.711172103881836, -38.24025344848633, -9.183826446533203, -12.760039329528809, -12.881210327148438, 32.025611877441406, 0.0, 1.0, 7.79620361328125, 0.0, 32.025611877441406, 0.0
34312, 0.511366605758667, -0.27824464440345764, 0.30362504720687866, 0.045132219791412354, -0.1551423966884613, -0.03695480152964592, 133485.46875, 153408.6875, 85791.7734375, 131944.484375, 142152.21875, 102688.0625, 48.927223205566406, -16.51549530029297, -39.2192268371582, -11.483811378479004, -12.914588928222656, -12.79115104675293, 32.036598205566406, 0.0, 1.0, 7.610736846923828, 0.0, 32.036598205566406, 0.0
34332, 0.5121181607246399, -0.2807202637195587, 0.3014405369758606, 0.0522211529314518, -0.15462227165699005, -0.03858863562345505, 133491.625, 153396.140625, 85796.3671875, 131978.15625, 142160.828125, 102700.25, 48.94291305541992, -16.108409881591797, -39.796409606933594, -9.861857414245605, -12.370665550231934, -11.360654830932617, 32.69983673095703, 0.0, 1.0, 7.497973918914795, 0.0, 32.69983673095703, 0.0
34352, 0.5130435824394226, -0.28473806381225586, 0.3007570803165436, 0.057531822472810745, -0.15643002092838287, -0.029496612027287483, 133486.515625, 153402.203125, 85790.6953125, 131969.171875, 142156.78125, 102694.8125, 48.51237106323242, -15.344886779785156, -40.01668167114258, -7.018030643463135, -11.65858268737793, -9.757006645202637, 33.6923942565918, 0.0, 1.0, 7.458341598510742, 0.0, 33.6923942565918, 0.0
34372, 0.5149019956588745, -0.28939276933670044, 0.3004491329193115, 0.06337272375822067, -0.15763945877552032, -0.01850122958421707, 133487.125, 153395.71875, 85787.7265625, 131963.015625, 142150.453125, 102694.0625, 48.08098602294922, -15.054293632507324, -40.766441345214844, -5.347907066345215, -11.587312698364258, -8.678068161010742, 34.28519821166992, 0.0, 1.0, 7.462207317352295, 0.0, 34.28519821166992, 0.0
34392, 0.516873300075531, -0.2916727662086487, 0.30017226934432983, 0.06834321469068527, -0.15126891434192657, -0.009920098818838596, 133487.71875, 153399.890625, 85787.9921875, 131942.25, 142150.453125, 102675.4921875, 47.706443786621094, -14.95882511138916, -41.533836364746094, -5.396172523498535, -11.859071731567383, -8.798552513122559, 34.648277282714844, 0.0, 1.0, 7.470850944519043, 0.0, 34.648277282714844, 0.0
34412, 0.5186291337013245, -0.2943080961704254, 0.30203667283058167, 0.07177003473043442, -0.14451704919338226, 0.007187993265688419, 133491.625, 153402.203125, 85791.7734375, 131913.078125, 142156.78125, 102680.3671875, 47.550899505615234, -14.47263240814209, -41.92156982421875, -8.265986442565918, -11.758275032043457, -9.700697898864746, 35.34787368774414, 0.0, 1.0, 7.5010986328125, 0.0, 35.34787368774414, 0.0
34432, 0.5204916000366211, -0.29842403531074524, 0.30224066972732544, 0.07508360594511032, -0.14109444618225098, 0.013943460769951344, 133514.140625, 153393.40625, 85787.9921875, 131903.515625, 142161.328125, 102673.4296875, 47.550899505615234, -14.47263240814209, -41.92156982421875, -13.017563819885254, -11.045059204101562, -10.61941909790039, 35.5208854675293, 0.0, 1.0, 7.580309867858887, 0.0, 35.5208854675293, 0.0
34452, 0.5213932394981384, -0.30055558681488037, 0.30319297313690186, 0.075328528881073, -0.13190621137619019, 0.02057090401649475, 133460.09375, 153406.8125, 85822.3046875, 131885.5625, 142152.21875, 102659.7421875, 48.886775970458984, -14.373231887817383, -42.19818115234375, -18.813945770263672, -10.634894371032715, -12.62359619140625, 35.422813415527344, 0.0, 1.0, 7.654512405395508, 0.0, 35.422813415527344, 0.0
34472, 0.524087131023407, -0.304982990026474, 0.3036278784275055, 0.07993364334106445, -0.12862440943717957, 0.023647231981158257, 133441.46875, 153405.359375, 85819.0625, 131896.78125, 142148.171875, 102667.9921875, 48.275062561035156, -14.05316162109375, -40.6274299621582, -24.348756790161133, -11.000547409057617, -14.74300479888916, 35.89897155761719, 0.0, 1.0, 7.704753398895264, 0.0, 35.89897155761719, 0.0
34492, 0.526231050491333, -0.3081064224243164, 0.3056494891643524, 0.08297211676836014, -0.12213258445262909, 0.031385067850351334, 133412.796875, 153430.265625, 85846.3515625, 131900.1875, 142159.046875, 102667.4296875, 43.228206634521484, -12.86085319519043, -37.136878967285156, -24.348756790161133, -11.000547409057617, -14.74300479888916, 35.89897155761719, 0.0, 1.0, 7.682522296905518, 0.0, 32.23521041870117, 0.0
34512, 0.5285165309906006, -0.30951058864593506, 0.30624818801879883, 0.08684694021940231, -0.11119001358747482, 0.027748476713895798, 133401.546875, 153432.140625, 85860.671875, 131908.59375, 142150.453125, 102683.1875, 35.49078369140625, -9.88052749633789, -32.22760772705078, -27.843730926513672, -11.095596313476562, -15.778850555419922, 32.23521041870117, 0.0, 1.0, 7.634722709655762, 0.0, 24.679882049560547, 0.0
34532, 0.5296139121055603, -0.3112679719924927, 0.3064776062965393, 0.08791392296552658, -0.10150345414876938, 0.02295849099755287, 133385.78125, 153434.875, 85897.6953125, 131942.25, 142152.71875, 102686.5546875, 25.767635345458984, -5.822704792022705, -23.638458251953125, -29.131580352783203, -10.613024711608887, -15.853008270263672, 24.679882049560547, 0.0, 1.0, 7.598691940307617, 0.0, 0.0, 0.0
34552, 0.5313901901245117, -0.31370267271995544, 0.3068656921386719, 0.09069173783063889, -0.09428860992193222, 0.015458670444786549, 133386.828125, 153432.140625, 85870.3984375, 131954.046875, 142156.28125, 102684.4921875, 16.149999618530273, -2.6737256050109863, -15.005607604980469, -28.29021453857422, -10.520596504211426, -15.299449920654297, 0.0, 0.0, 1.0, 7.594894886016846, 0.0, 0.0, 0.0
34572, 0.5335859656333923, -0.315970242023468, 0.3071308434009552, 0.09379979223012924, -0.08664762228727341, 0.012686852365732193, 133383.53125, 153430.265625, 85861.484375, 131966.921875, 142158.546875, 102693.5, 7.366236686706543, 0.17408351600170135, -8.652023315429688, -25.391225814819336, -10.43603229522705, -14.188944816589355, 0.0, 0.0, 1.0, 7.644315719604492, 0.0, 0.0, 0.0
34592, 0.535948634147644, -0.317668080329895, 0.3064640164375305, 0.09645574539899826, -0.07786676287651062, 0.007102170027792454, 133412.203125, 153421.46875, 85838.78125, 131955.703125, 142150.453125, 102688.625, 0.5139489769935608, 2.188652992248535, -4.720120429992676, -22.248676300048828, -10.35850715637207, -13.036705017089844, 0.0, 0.0, 1.0, 7.759768962860107, 0.0, 0.0, 0.0
34612, 0.5396915078163147, -0.31796082854270935, 0.3066199719905853, 0.10188724100589752, -0.06539539247751236, 0.00917566753923893, 133445.375, 153402.625, 85796.1015625, 131937.765625, 142145.390625, 102686.5546875, -3.943774938583374, 2.7857604026794434, -3.9547512531280518, -21.091638565063477, -11.020371437072754, -12.412208557128906, 0.0, 0.0, 1.0, 7.938080310821533, 0.0, 0.0, 0.0
34632, 0.5420442819595337, -0.32021239399909973, 0.3052127957344055, 0.10314469039440155, -0.05868910625576973, -0.0005235236021690071, 133464.0, 153402.625, 85801.234375, 131928.203125, 142145.890625, 102685.0546875, -3.7360689640045166, 2.519563913345337, -5.209879398345947, -21.69615936279297, -11.604654312133789, -12.14317798614502, 0.0, 0.0, 1.0, 8.146087646484375, 0.0, 0.0, 0.0
34652, 0.5446993708610535, -0.32153040170669556, 0.3051978051662445, 0.10594070702791214, -0.049739252775907516, -0.0015735479537397623, 133488.328125, 153407.234375, 85779.3515625, 131906.34375, 142150.453125, 102668.7421875, 0.3296582102775574, 1.4876271486282349, -8.1443510055542, -23.130029678344727, -11.724932670593262, -12.4716796875, 0.0, 0.0, 1.0, 8.351338386535645, 0.0, 0.0, 0.0
34672, 0.5473256707191467, -0.32291507720947266, 0.3050677478313446, 0.1096709668636322, -0.04165037348866463, -0.003952975384891033, 133457.84375, 153405.359375, 85796.640625, 131909.171875, 142152.71875, 102672.8671875, 3.3030762672424316, 0.4546583294868469, -11.212745666503906, -25.581483840942383, -11.377058029174805, -13.668865203857422, 0.0, 0.0, 1.0, 8.523177146911621, 0.0, 0.0, 0.0
34692, 0.5500233173370361, -0.32433682680130005, 0.30496153235435486, 0.11510773748159409, -0.034647587686777115, -0.007159847766160965, 133433.671875, 153422.5, 85812.578125, 131901.859375, 142152.71875, 102665.3671875, 4.7976393699646, 0.040966711938381195, -13.946540832519531, -28.482797622680664, -10.839653968811035, -15.0719575881958, 0.0, 0.0, 1.0, 8.617302894592285, 0.0, 0.0, 0.0
34712, 0.5521166920661926, -0.324592649936676, 0.30563798546791077, 0.12085840106010437, -0.025023210793733597, -0.005100584123283625, 133411.15625, 153427.953125, 85837.9765625, 131904.09375, 142161.328125, 102678.3046875, 3.288165807723999, 0.6845384240150452, -14.125784873962402, -30.877931594848633, -10.811190605163574, -15.923161506652832, 0.0, 0.0, 1.0, 8.640555381774902, 0.0, 0.0, 0.0
34732, 0.5554576516151428, -0.324908047914505, 0.3054737448692322, 0.13123691082000732, -0.016660455614328384, -0.009314654394984245, 133392.53125, 153443.65625, 85871.2109375, 131922.625, 142152.71875, 102684.4921875, -1.2246441841125488, 3.1115212440490723, -10.064759254455566, -32.82218551635742, -10.557594299316406, -16.340917587280273, 0.0, 0.0, 1.0, 8.631837844848633, 0.0, 0.0, 0.0
34752, 0.5582913756370544, -0.3252094089984894, 0.30435773730278015, 0.14164523780345917, -0.008441460318863392, -0.01753177121281624, 133385.78125, 153435.296875, 85869.3203125, 131922.046875, 142148.671875, 102692.0, -6.537789821624756, 5.709186553955078, -4.2752461433410645, -33.1816291809082, -10.330010414123535, -16.091842651367188, 0.0, 0.0, 1.0, 8.606969833374023, 0.0, 0.0, 0.0
34772, 0.5621055364608765, -0.32570159435272217, 0.3039472699165344, 0.1549898236989975, -0.0020603411830961704, -0.022433588281273842, 133374.515625, 153444.5, 85885.265625, 131942.25, 142156.78125, 102692.75, -12.330597877502441, 7.441304683685303, 2.2544569969177246, -32.19112014770508, -10.125677108764648, -15.420061111450195, 0.0, 0.0, 1.0, 8.584681510925293, 0.0, 0.0, 0.0
34792, 0.5665282011032104, -0.3256736397743225, 0.3051866888999939, 0.17008037865161896, 0.00549889774993062, -0.017130747437477112, 133388.03125, 153427.953125, 85866.34375, 131938.34375, 142152.21875, 102688.625, -17.756053924560547, 9.024505615234375, 8.082609176635742, -30.73585319519043, -9.942122459411621, -14.542922973632812, 0.0, 0.0, 1.0, 8.600627899169922, 0.0, 0.0, 0.0
34812, 0.570059061050415, -0.3255155384540558, 0.3048296272754669, 0.18242505192756653, 0.012550417333841324, -0.017252691090106964, 133387.59375, 153425.65625, 85859.859375, 131942.828125, 142155.0, 102693.5, -22.40041160583496, 10.024154663085938, 11.648638725280762, -28.982114791870117, -10.059096336364746, -13.259119033813477, 0.0, 0.0, 1.0, 8.660407066345215, 0.0, 0.0, 0.0
34832, 0.5744624137878418, -0.3264096677303314, 0.3045111298561096, 0.195212721824646, 0.015836769714951515, -0.014392223209142685, 133448.234375, 153419.171875, 85809.609375, 131924.296875, 142150.953125, 102683.7421875, -23.133119583129883, 10.05331039428711, 11.287713050842285, -28.431928634643555, -10.160661697387695, -12.517731666564941, 0.0, 0.0, 1.0, 8.799845695495605, 0.0, 0.0, 0.0
34852, 0.579443633556366, -0.32636910676956177, 0.3031933009624481, 0.20747677981853485, 0.020940056070685387, -0.017920365557074547, 133460.09375, 153411.84375, 85805.8203125, 131921.46875, 142146.390625, 102687.8671875, -19.6625919342041, 9.277795791625977, 7.950074195861816, -28.949966430664062, -10.022915840148926, -12.314088821411133, 0.0, 0.0, 1.0, 8.91999626159668, 0.0, 0.0, 0.0
34872, 0.5841763019561768, -0.325894296169281, 0.30281445384025574, 0.2167748361825943, 0.02659323252737522, -0.01723668724298477, 133473.609375, 153416.4375, 85793.6640625, 131916.984375, 142158.546875, 102675.4921875, -15.172248840332031, 8.409246444702148, 4.117238521575928, -29.963350296020508, -9.334602355957031, -12.362128257751465, 0.0, 0.0, 1.0, 8.971400260925293, 0.0, 0.0, 0.0
34892, 0.5890803337097168, -0.32574906945228577, 0.30340391397476196, 0.2247285693883896, 0.030244005843997, -0.009864725172519684, 133479.765625, 153419.171875, 85788.8046875, 131908.59375, 142154.5, 102672.8671875, -10.11792278289795, 8.079106330871582, -0.20847666263580322, -31.75380516052246, -8.891416549682617, -12.915825843811035, 0.0, 0.0, 1.0, 9.06244945526123, 0.0, 0.0, 0.0
34912, 0.5931902527809143, -0.32478800415992737, 0.3032284080982208, 0.2292175441980362, 0.03520481288433075, -0.007759610656648874, 133434.71875, 153420.625, 85831.4921875, 131914.234375, 142154.5, 102679.6171875, -7.838562965393066, 8.001333236694336, -1.8667380809783936, -33.33098220825195, -8.835216522216797, -13.804957389831543, 0.0, 0.0, 1.0, 9.083459854125977, 0.0, 0.0, 0.0
34932, 0.5984451174736023, -0.3245237171649933, 0.3025752007961273, 0.23535951972007751, 0.03743031620979309, -0.011208699084818363, 133418.953125, 153419.171875, 85841.7578125, 131915.3125, 142156.28125, 102676.2421875, -8.47403335571289, 8.26030445098877, -0.9879774451255798, -34.43579864501953, -9.12239933013916, -14.595848083496094, 0.0, 0.0, 1.0, 9.079617500305176, 0.0, 0.0, 0.0
34952, 0.6032660603523254, -0.32361260056495667, 0.302394837141037, 0.23975051939487457, 0.0409964956343174, -0.006451508961617947, 133394.34375, 153437.59375, 85855.0, 131934.359375, 142154.5, 102685.8046875, -11.299498558044434, 9.5518159866333, 1.407491683959961, -35.17621994018555, -9.488458633422852, -14.90468978881836, 0.0, 0.0, 1.0, 9.003555297851562, 0.0, 0.0, 0.0
34972, 0.6091591119766235, -0.3230268061161041, 0.3025203347206116, 0.24643941223621368, 0.043025385588407516, -0.007204601541161537, 133381.28125, 153437.59375, 85874.9921875, 131934.9375, 142156.78125, 102686.5546875, -16.517868041992188, 11.813962936401367, 5.372829437255859, -34.35218048095703, -9.924223899841309, -14.56005573272705, 0.0, 0.0, 1.0, 8.886045455932617, 0.0, 0.0, 0.0
34992, 0.614398181438446, -0.3225025534629822, 0.30234095454216003, 0.2507120668888092, 0.04477381333708763, -0.010330291464924812, 133385.78125, 153441.78125, 85853.109375, 131938.34375, 142148.171875, 102692.75, -21.712505340576172, 13.920543670654297, 9.825764656066895, -32.25440216064453, -10.590683937072754, -13.297115325927734, 0.0, 0.0, 1.0, 8.782315254211426, 0.0, 0.0, 0.0
35012, 0.6204833388328552, -0.32090070843696594, 0.3040946125984192, 0.256596177816391, 0.04895642772316933, 0.001981438836082816, 133387.421875, 153432.140625, 85859.859375, 131945.078125, 142150.453125, 102701.0, -26.035465240478516, 15.32361888885498, 13.523767471313477, -30.38149642944336, -10.953802108764648, -12.066247940063477, 0.0, 0.0, 1.0, 8.669861793518066, 0.0, 0.0, 0.0
35032, 0.6256276965141296, -0.32057738304138184, 0.30415767431259155, 0.258608877658844, 0.049385134130716324, 0.004289145581424236, 133412.203125, 153421.90625, 85831.7578125, 131924.875, 142158.546875, 102686.5546875, -29.75100326538086, 15.481182098388672, 14.8574857711792, -29.216136932373047, -11.103910446166992, -10.865194320678711, 0.0, 0.0, 1.0, 8.611523628234863, 0.0, 0.0, 0.0
35052, 0.6317925453186035, -0.3194953501224518, 0.30414244532585144, 0.26167312264442444, 0.05120382085442543, 0.004589390475302935, 133426.3125, 153419.171875, 85825.546875, 131930.453125, 142154.0, 102696.125, -31.572345733642578, 14.815544128417969, 14.54326343536377, -28.679391860961914, -11.12131118774414, -9.409533500671387, 0.0, 0.0, 1.0, 8.618698120117188, 0.0, 0.0, 0.0
35072, 0.6337356567382812, -0.31925612688064575, 0.30429819226264954, 0.2523135840892792, 0.050650134682655334, 0.0076816510409116745, 133457.234375, 153420.625, 85803.9296875, 131915.90625, 142155.0, 102685.25, -29.39972686767578, 13.363654136657715, 12.485678672790527, -29.209169387817383, -10.851784706115723, -8.856449127197266, 0.0, 0.0, 1.0, 8.62059211730957, 0.0, 0.0, 0.0
35092, 0.6383533477783203, -0.31956809759140015, 0.30449599027633667, 0.24817323684692383, 0.04761534184217453, 0.01149096991866827, 133459.484375, 153412.265625, 85787.9921875, 131914.734375, 142155.0, 102686.5546875, -25.432464599609375, 11.667280197143555, 8.995670318603516, -30.572006225585938, -10.553457260131836, -8.935824394226074, 0.0, 0.0, 1.0, 8.681398391723633, 0.0, 0.0, 0.0
35112, 0.6441623568534851, -0.3177575170993805, 0.3041396737098694, 0.24651092290878296, 0.04945722594857216, 0.01261326763778925, 133429.171875, 153422.9375, 85814.46875, 131906.34375, 142152.71875, 102678.3046875, -21.90688705444336, 10.93859577178955, 5.365218639373779, -31.99535369873047, -10.286191940307617, -9.350706100463867, 0.0, 0.0, 1.0, 8.69643783569336, 0.0, 0.0, 0.0
35132, 0.6500223278999329, -0.3163091838359833, 0.3044171929359436, 0.2445552945137024, 0.04988322779536247, 0.014965384267270565, 133443.71875, 153430.265625, 85823.921875, 131916.984375, 142149.953125, 102682.4296875, -19.56528663635254, 10.7870512008667, 3.2482166290283203, -33.302154541015625, -9.9902925491333, -9.949721336364746, 0.0, 0.0, 1.0, 8.682562828063965, 0.0, 0.0, 0.0
35152, 0.6542282104492188, -0.3152444064617157, 0.30415451526641846, 0.2386993169784546, 0.04905738681554794, 0.013490951620042324, 133421.8125, 153430.265625, 85837.1640625, 131920.390625, 142158.546875, 102683.1875, -19.2900390625, 11.14766788482666, 3.602936029434204, -34.33628463745117, -9.83838176727295, -10.54248332977295, 0.0, 0.0, 1.0, 8.58692455291748, 0.0, 0.0, 0.0
35172, 0.6598783731460571, -0.3135794401168823, 0.3043820261955261, 0.2371096909046173, 0.04927657172083855, 0.009756836108863354, 133408.296875, 153445.96875, 85846.6171875, 131935.515625, 142147.390625, 102689.9296875, -20.68000602722168, 12.582716941833496, 5.530482292175293, -34.393760681152344, -9.926236152648926, -10.622175216674805, 0.0, 0.0, 1.0, 8.456512451171875, 0.0, 0.0, 0.0
35192, 0.664052426815033, -0.31364336609840393, 0.30312952399253845, 0.23214294016361237, 0.04490263760089874, 0.0010945710819214582, 133390.28125, 153437.59375, 85866.6171875, 131944.484375, 142150.953125, 102695.5625, -23.65913200378418, 14.236865043640137, 8.908421516418457, -33.41551208496094, -9.888401985168457, -10.021039009094238, 0.0, 0.0, 1.0, 8.315869331359863, 0.0, 0.0, 0.0
35212, 0.6700236201286316, -0.3121258318424225, 0.30312734842300415, 0.2321607619524002, 0.04430608078837395, 0.0008288066601380706, 133397.046875, 153439.484375, 85855.265625, 131942.828125, 142152.21875, 102692.0, -26.91725730895996, 15.351082801818848, 12.442831039428711, -31.745525360107422, -9.85274600982666, -9.154213905334473, 0.0, 0.0, 1.0, 8.211858749389648, 0.0, 0.0, 0.0
35232, 0.673923671245575, -0.3105682134628296, 0.30273422598838806, 0.22714293003082275, 0.043962255120277405, 0.002234716434031725, 133395.390625, 153439.90625, 85851.2109375, 131948.390625, 142153.21875, 102694.8125, -29.51910400390625, 16.43744468688965, 14.760037422180176, -29.519453048706055, -9.988222122192383, -7.658013820648193, 0.0, 0.0, 1.0, 8.130974769592285, 0.0, 0.0, 0.0
35252, 0.6790171265602112, -0.30966946482658386, 0.30278122425079346, 0.2253449410200119, 0.041776906698942184, 0.003229698399081826, 133402.140625, 153432.5625, 85839.8671875, 131928.78125, 142159.546875, 102699.5, -31.480358123779297, 17.384618759155273, 16.22071647644043, -27.59027099609375, -9.711516380310059, -6.6195783615112305, 0.0, 0.0, 1.0, 8.101926803588867, 0.0, 0.0, 0.0
35272, 0.6839474439620972, -0.3084811270236969, 0.3033290207386017, 0.22306130826473236, 0.04037441685795784, 0.007530932780355215, 133424.0625, 153426.078125, 85810.4140625, 131924.296875, 142155.0, 102692.5546875, -32.588966369628906, 18.038421630859375, 15.962170600891113, -26.602628707885742, -9.069321632385254, -6.10039758682251, 0.0, 0.0, 1.0, 8.093649864196777, 0.0, 0.0, 0.0
35292, 0.6895233392715454, -0.30786967277526855, 0.30349138379096985, 0.22146114706993103, 0.03724559769034386, 0.008436431176960468, 133432.03125, 153423.359375, 85809.609375, 131915.90625, 142152.21875, 102692.0, -31.644147872924805, 17.47279930114746, 13.727359771728516, -27.185041427612305, -8.892816543579102, -5.591165542602539, 0.0, 0.0, 1.0, 8.121106147766113, 0.0, 0.0, 0.0
35312, 0.6936222910881042, -0.3077169358730316, 0.3033965229988098, 0.21686536073684692, 0.03316587209701538, 0.006445479579269886, 133452.734375, 153416.4375, 85813.390625, 131905.265625, 142159.046875, 102681.6796875, -28.145112991333008, 15.994880676269531, 10.755880355834961, -29.15999984741211, -8.734871864318848, -5.993839740753174, 0.0, 0.0, 1.0, 8.142942428588867, 0.0, 0.0, 0.0
35332, 0.6988075375556946, -0.3063221573829651, 0.30351415276527405, 0.21525965631008148, 0.03222876787185669, 0.005734769161790609, 133439.828125, 153425.234375, 85820.140625, 131914.734375, 142158.546875, 102683.9375, -24.750091552734375, 14.272571563720703, 8.599205017089844, -30.95831298828125, -8.255165100097656, -6.866926670074463, 0.0, 0.0, 1.0, 8.162952423095703, 0.0, 0.0, 0.0
35352, 0.7019731402397156, -0.3049837648868561, 0.3036560118198395, 0.20880362391471863, 0.031222673133015633, 0.00773724215105176, 133422.421875, 153432.984375, 85822.84375, 131919.21875, 142156.78125, 102681.6796875, -22.127464294433594, 13.180586814880371, 7.166606426239014, -32.203819274902344, -8.223427772521973, -7.817932605743408, 0.0, 0.0, 1.0, 8.197452545166016, 0.0, 0.0, 0.0
35372, 0.7081902623176575, -0.3042367100715637, 0.3047763705253601, 0.2110643833875656, 0.029109450057148933, 0.010988292284309864, 133417.90625, 153439.90625, 85826.359375, 131931.03125, 142162.609375, 102680.3671875, -21.37628936767578, 12.98699951171875, 6.659886837005615, -33.46634292602539, -8.871116638183594, -8.837800025939941, 0.0, 0.0, 1.0, 8.161430358886719, 0.0, 0.0, 0.0
35392, 0.7117464542388916, -0.3043350875377655, 0.3049732744693756, 0.20703794062137604, 0.025299450382590294, 0.0076000443659722805, 133397.046875, 153439.90625, 85855.0, 131931.609375, 142155.0, 102689.1796875, -22.510744094848633, 13.703412055969238, 7.595304489135742, -33.78437042236328, -8.82412338256836, -9.354089736938477, 0.0, 0.0, 1.0, 8.080475807189941, 0.0, 0.0, 0.0
35412, 0.7170578837394714, -0.30291804671287537, 0.3059301972389221, 0.20814786851406097, 0.025425979867577553, 0.008656846359372139, 133403.796875, 153444.078125, 85852.296875, 131938.34375, 142157.265625, 102694.0625, -24.415939331054688, 14.832802772521973, 9.75312328338623, -32.417442321777344, -8.273612976074219, -9.028031349182129, 0.0, 0.0, 1.0, 7.985870361328125, 0.0, 0.0, 0.0
35432, 0.7221168279647827, -0.30282062292099, 0.30606329441070557, 0.209376722574234, 0.02300295978784561, 0.005240044090896845, 133390.890625, 153451.0, 85852.296875, 131948.390625, 142161.328125, 102701.0, -27.059921264648438, 15.706564903259277, 12.542738914489746, -30.346086502075195, -8.009870529174805, -8.067651748657227, 0.0, 0.0, 1.0, 7.905587673187256, 0.0, 0.0, 0.0
35452, 0.7268244028091431, -0.3032231330871582, 0.3060877323150635, 0.2098313868045807, 0.01980721391737461, 0.0013484320370480418, 133401.546875, 153441.78125, 85842.8359375, 131938.34375, 142163.59375, 102694.8125, -29.510644912719727, 16.80400848388672, 14.706157684326172, -28.272480010986328, -7.718793869018555, -7.109562873840332, 0.0, 0.0, 1.0, 7.839840888977051, 0.0, 0.0, 0.0
35472, 0.730469286441803, -0.3025932013988495, 0.3060970604419708, 0.20760180056095123, 0.019461076706647873, 0.0002930534246843308, 133399.296875, 153428.390625, 85837.1640625, 131942.25, 142155.0, 102698.9375, -31.563392639160156, 17.02765464782715, 15.805310249328613, -26.53676986694336, -7.572857856750488, -6.32339334487915, 0.0, 0.0, 1.0, 7.83645486831665, 0.0, 0.0, 0.0
35492, 0.7337549924850464, -0.30181849002838135, 0.3048348128795624, 0.20401005446910858, 0.019962448626756668, -0.00908750668168068, 133419.5625, 153423.78125, 85826.625, 131925.953125, 142158.546875, 102698.9375, -32.077301025390625, 16.19392967224121, 15.677451133728027, -25.665172576904297, -7.668583393096924, -5.520726203918457, 0.0, 0.0, 1.0, 7.8544745445251465, 0.0, 0.0, 0.0
35512, 0.7392126321792603, -0.30099377036094666, 0.3046196699142456, 0.20588286221027374, 0.021002652123570442, -0.010546562261879444, 133435.328125, 153421.90625, 85815.28125, 131917.5625, 142157.265625, 102688.625, -30.4915714263916, 15.043010711669922, 14.347837448120117, -25.842836380004883, -7.3019490242004395, -5.155592441558838, 0.0, 0.0, 1.0, 7.886849880218506, 0.0, 0.0, 0.0
35532, 0.7427252531051636, -0.3004109263420105, 0.30421140789985657, 0.20245619118213654, 0.021265679970383644, -0.011733870953321457, 133448.234375, 153423.359375, 85814.1953125, 131907.5, 142157.265625, 102688.625, -27.43981170654297, 14.006267547607422, 12.517349243164062, -27.008563995361328, -6.468984127044678, -5.235308647155762, 0.0, 0.0, 1.0, 7.900520324707031, 0.0, 0.0, 0.0
35552, 0.7475799918174744, -0.2994920313358307, 0.3039766848087311, 0.20267798006534576, 0.02231728285551071, -0.010975981131196022, 133457.234375, 153425.65625, 85799.3359375, 131915.3125, 142157.765625, 102685.25, -23.4843807220459, 13.298044204711914, 10.018279075622559, -28.373355865478516, -6.181554794311523, -5.5964202880859375, 0.0, 0.0, 1.0, 7.90623140335083, 0.0, 0.0, 0.0
35572, 0.7511147260665894, -0.299315869808197, 0.3042224049568176, 0.19987571239471436, 0.021305013447999954, -0.006059153936803341, 133438.171875, 153434.875, 85815.546875, 131916.984375, 142155.5, 102692.75, -20.533782958984375, 13.275675773620605, 7.886544227600098, -29.461732864379883, -6.265565395355225, -5.868575096130371, 0.0, 0.0, 1.0, 7.88722562789917, 0.0, 0.0, 0.0
35592, 0.7538788914680481, -0.29925671219825745, 0.304159939289093, 0.19556361436843872, 0.019841397181153297, -0.0003984018403571099, 133415.65625, 153432.5625, 85822.84375, 131919.8125, 142161.828125, 102689.9296875, -19.154470443725586, 13.41069507598877, 6.589827537536621, -29.909318923950195, -6.340714931488037, -6.005651950836182, 0.0, 0.0, 1.0, 7.821689605712891, 0.0, 0.0, 0.0
35612, 0.758202850818634, -0.29935261607170105, 0.30410271883010864, 0.19597770273685455, 0.018078841269016266, 0.0005415068008005619, 133408.296875, 153439.90625, 85837.1640625, 131938.34375, 142161.328125, 102696.125, -19.452213287353516, 14.136381149291992, 6.485610008239746, -29.788928985595703, -5.956815719604492, -6.079174041748047, 0.0, 0.0, 1.0, 7.727654933929443, 0.0, 0.0, 0.0
35632, 0.7621052861213684, -0.2984621226787567, 0.30414092540740967, 0.196017786860466, 0.018923060968518257, 0.00384267745539546, 133399.890625, 153448.6875, 85849.3203125, 131942.25, 142166.375, 102703.0625, -21.067590713500977, 15.667533874511719, 8.342177391052246, -28.76997184753418, -5.3914923667907715, -5.983031272888184, 0.0, 0.0, 1.0, 7.617835998535156, 0.0, 0.0, 0.0
35652, 0.7661098837852478, -0.29835715889930725, 0.30422699451446533, 0.19710013270378113, 0.01809135265648365, 0.0041047572158277035, 133400.9375, 153440.328125, 85845.5390625, 131957.375, 142165.375, 102701.0, -23.287761688232422, 17.066299438476562, 10.696394920349121, -26.784496307373047, -4.7784104347229, -5.060175895690918, 0.0, 0.0, 1.0, 7.533278942108154, 0.0, 0.0, 0.0
35672, 0.7703834772109985, -0.2978803217411041, 0.3050536513328552, 0.19920197129249573, 0.018412763252854347, 0.007995796389877796, 133391.5, 153445.96875, 85841.7578125, 131950.640625, 142161.828125, 102704.375, -25.648120880126953, 18.51573944091797, 13.152032852172852, -25.12720489501953, -4.518152236938477, -3.5173187255859375, 0.0, 0.0, 1.0, 7.4840264320373535, 0.0, 0.0, 0.0
35692, 0.7738484144210815, -0.29661089181900024, 0.30521461367607117, 0.19915924966335297, 0.021056942641735077, 0.006728945765644312, 133417.3125, 153443.234375, 85831.4921875, 131931.03125, 142159.546875, 102704.375, -27.566303253173828, 19.107677459716797, 15.075516700744629, -23.650421142578125, -4.51472806930542, -2.1581811904907227, 0.0, 0.0, 1.0, 7.497216701507568, 0.0, 0.0, 0.0
35712, 0.7786784172058105, -0.29651975631713867, 0.30526426434516907, 0.20212975144386292, 0.02109663188457489, 0.006363346707075834, 133426.3125, 153436.75, 85820.140625, 131931.03125, 142164.59375, 102707.75, -28.640499114990234, 18.542766571044922, 15.566340446472168, -22.842409133911133, -3.8369147777557373, -0.7938829064369202, 0.0, 0.0, 1.0, 7.533148288726807, 0.0, 0.0, 0.0
35732, 0.7829376459121704, -0.29633620381355286, 0.30538347363471985, 0.2037072628736496, 0.02146829664707184, 0.0056570181623101234, 133431.421875, 153438.625, 85802.0390625, 131921.46875, 142166.375, 102694.0625, -27.611703872680664, 17.62859344482422, 14.560590744018555, -23.134984970092773, -3.237971782684326, 0.12240622192621231, 0.0, 0.0, 1.0, 7.574300289154053, 0.0, 0.0, 0.0
35752, 0.7871732115745544, -0.2956642210483551, 0.3061552345752716, 0.20491129159927368, 0.023129787296056747, 0.008635074831545353, 133438.171875, 153425.65625, 85802.0390625, 131919.8125, 142158.265625, 102698.9375, -24.99894142150879, 16.57440185546875, 12.284196853637695, -23.83989143371582, -2.9914066791534424, 0.13300921022891998, 0.0, 0.0, 1.0, 7.592709541320801, 0.0, 0.0, 0.0
35772, 0.7939795851707458, -0.29352909326553345, 0.30623313784599304, 0.21237246692180634, 0.028360018506646156, 0.002590534510090947, 133444.9375, 153425.65625, 85806.90625, 131915.3125, 142156.78125, 102692.75, -22.448976516723633, 15.735119819641113, 9.276901245117188, -25.080154418945312, -2.8884875774383545, -0.26475709676742554, 0.0, 0.0, 1.0, 7.577353477478027, 0.0, 0.0, 0.0
35792, 0.7981009483337402, -0.29255083203315735, 0.30616259574890137, 0.21224628388881683, 0.030287113040685654, 0.00041960435919463634, 133439.21875, 153434.453125, 85815.546875, 131922.625, 142161.328125, 102690.6875, -20.408639907836914, 15.256307601928711, 7.315116882324219, -26.11689567565918, -2.913090705871582, -0.7430234551429749, 0.0, 0.0, 1.0, 7.504910469055176, 0.0, 0.0, 0.0
35812, 0.8025826811790466, -0.2918078303337097, 0.30615320801734924, 0.21265362203121185, 0.031491246074438095, -0.0005620159790851176, 133415.0625, 153441.359375, 85822.03125, 131922.625, 142159.546875, 102690.6875, -18.93475914001465, 15.379624366760254, 7.240603446960449, -26.63394546508789, -2.938032627105713, -1.5179190635681152, 0.0, 0.0, 1.0, 7.400448799133301, 0.0, 0.0, 0.0
35832, 0.8061406016349792, -0.29112398624420166, 0.3052676320075989, 0.2106218934059143, 0.03251843899488449, -0.007469036616384983, 133410.546875, 153431.109375, 85829.328125, 131931.609375, 142161.828125, 102700.25, -19.37344741821289, 15.530427932739258, 8.051527976989746, -26.57762908935547, -2.9632568359375, -1.6527111530303955, 0.0, 0.0, 1.0, 7.287503242492676, 0.0, 0.0, 0.0
35852, 0.8120321035385132, -0.2905692160129547, 0.30507007241249084, 0.2146952897310257, 0.0334157831966877, -0.010886246338486671, 133415.0625, 153441.78125, 85842.8359375, 131951.21875, 142166.375, 102703.8125, -20.77646827697754, 15.761017799377441, 9.76020622253418, -25.16678810119629, -2.5939738750457764, -0.824752688407898, 0.0, 0.0, 1.0, 7.149386405944824, 0.0, 0.0, 0.0
35872, 0.8157907724380493, -0.28967809677124023, 0.30484306812286377, 0.2133225053548813, 0.0349082313477993, -0.011909686960279942, 133405.4375, 153448.265625, 85837.9765625, 131950.640625, 142157.765625, 102705.875, -22.30093002319336, 16.908092498779297, 11.756590843200684, -23.118270874023438, -2.6071577072143555, 0.46157804131507874, 0.0, 0.0, 1.0, 7.063188552856445, 0.0, 0.0, 0.0
35892, 0.8205086588859558, -0.2880636155605316, 0.3050996661186218, 0.21441508829593658, 0.0381346195936203, -0.010586473159492016, 133406.046875, 153441.78125, 85842.8359375, 131942.828125, 142159.046875, 102719.5703125, -24.15668296813965, 17.908781051635742, 13.555615425109863, -20.731088638305664, -2.790489673614502, 2.2664077281951904, 0.0, 0.0, 1.0, 7.013301372528076, 0.0, 0.0, 0.0
35912, 0.8264246582984924, -0.28722769021987915, 0.3048734664916992, 0.21837438642978668, 0.03947339951992035, -0.009998887777328491, 133407.703125, 153435.71875, 85829.59375, 131942.25, 142156.28125, 102720.8828125, -25.68555450439453, 18.045761108398438, 14.726627349853516, -18.66640281677246, -2.6180028915405273, 4.135614395141602, 0.0, 0.0, 1.0, 6.982491970062256, 0.0, 0.0, 0.0
35932, 0.8309280872344971, -0.2866620123386383, 0.30387914180755615, 0.21839651465415955, 0.03977305814623833, -0.013904942199587822, 133421.8125, 153437.171875, 85819.0625, 131932.109375, 142162.328125, 102711.3203125, -26.190185546875, 17.923860549926758, 14.494153022766113, -17.50968360900879, -2.91943359375, 5.722196102142334, 0.0, 0.0, 1.0, 6.950827598571777, 0.0, 0.0, 0.0
35952, 0.8353002071380615, -0.28603214025497437, 0.30362895131111145, 0.21781176328659058, 0.03983086347579956, -0.011009995825588703, 133426.3125, 153434.453125, 85805.8203125, 131925.953125, 142161.328125, 102711.3203125, -24.995359420776367, 17.628761291503906, 13.129436492919922, -17.214902877807617, -3.020803689956665, 6.548882484436035, 0.0, 0.0, 1.0, 6.950024604797363, 0.0, 0.0, 0.0
35972, 0.8391862511634827, -0.2850876450538635, 0.30318501591682434, 0.215708389878273, 0.040172018110752106, -0.008674206212162971, 133448.234375, 153432.140625, 85806.90625, 131919.8125, 142168.65625, 102701.5625, -22.520082473754883, 16.673574447631836, 11.55066967010498, -18.192588806152344, -2.6062533855438232, 6.644368648529053, 0.0, 0.0, 1.0, 6.936850547790527, 0.0, 0.0, 0.0
35992, 0.8439862132072449, -0.2837613523006439, 0.30305197834968567, 0.21585391461849213, 0.040922701358795166, -0.0043804580345749855, 133442.078125, 153434.875, 85803.9296875, 131922.046875, 142159.546875, 102703.0625, -20.60235023498535, 15.922057151794434, 10.0651273727417, -19.7354679107666, -2.241799831390381, 6.091491222381592, 0.0, 0.0, 1.0, 6.90151309967041, 0.0, 0.0, 0.0
36012, 0.847055971622467, -0.28214600682258606, 0.3017183542251587, 0.21160733699798584, 0.042009495198726654, -0.011194857768714428, 133430.8125, 153441.359375, 85814.46875, 131911.40625, 142159.546875, 102701.0, -19.4053955078125, 16.479623794555664, 8.15544319152832, -21.49669075012207, -1.8092821836471558, 4.963345527648926, 0.0, 0.0, 1.0, 6.871274948120117, 0.0, 0.0, 0.0
36032, 0.8517163395881653, -0.2813623249530792, 0.30150073766708374, 0.21172413229942322, 0.04109855741262436, -0.009621459990739822, 133424.0625, 153439.484375, 85816.359375, 131918.140625, 142164.59375, 102707.1875, -18.680524826049805, 17.239564895629883, 6.660795211791992, -23.11109161376953, -1.429482102394104, 4.679042816162109, 0.0, 0.0, 1.0, 6.815396785736084, 0.0, 0.0, 0.0
36052, 0.8566086292266846, -0.2809396982192993, 0.3027443289756775, 0.21266840398311615, 0.03946034237742424, -0.0014738860772922635, 133412.203125, 153448.265625, 85830.40625, 131931.609375, 142164.09375, 102708.5, -19.277297973632812, 17.84014320373535, 6.324965953826904, -23.635374069213867, -1.2095197439193726, 5.087673187255859, 0.0, 0.0, 1.0, 6.736180782318115, 0.0, 0.0, 0.0
36072, 0.8605231642723083, -0.280653715133667, 0.302753210067749, 0.21139413118362427, 0.03744102269411087, 0.001289249281398952, 133414.453125, 153455.171875, 85837.1640625, 131942.25, 142166.875, 102711.3203125, -20.819765090942383, 18.63722801208496, 7.243076801300049, -22.74184226989746, -0.9059673547744751, 5.659651756286621, 0.0, 0.0, 1.0, 6.658207416534424, 0.0, 0.0, 0.0
36092, 0.8652070760726929, -0.2795499265193939, 0.30365708470344543, 0.2123042643070221, 0.0375283844769001, 0.006409968715161085, 133406.65625, 153439.90625, 85845.5390625, 131948.984375, 142166.375, 102720.8828125, -22.129566192626953, 19.04415512084961, 9.780542373657227, -21.154977798461914, -0.5284788608551025, 6.601253509521484, 0.0, 0.0, 1.0, 6.5776824951171875, 0.0, 0.0, 0.0
36112, 0.8691871762275696, -0.27868229150772095, 0.3037920594215393, 0.21148356795310974, 0.036943212151527405, 0.00690371124073863, 133412.203125, 153446.390625, 85836.890625, 131947.8125, 142159.546875, 102719.5703125, -23.5139217376709, 18.992721557617188, 12.624568939208984, -19.348020553588867, -0.4240219295024872, 7.870089054107666, 0.0, 0.0, 1.0, 6.501431465148926, 0.0, 0.0, 0.0
36132, 0.8721505403518677, -0.27831119298934937, 0.3039977550506592, 0.20775079727172852, 0.03498503193259239, 0.011847032234072685, 133417.3125, 153443.65625, 85819.0625, 131940.578125, 142166.375, 102721.6328125, -25.18807029724121, 19.154081344604492, 13.934382438659668, -17.403532028198242, -0.4490988254547119, 8.864834785461426, 0.0, 0.0, 1.0, 6.443483829498291, 0.0, 0.0, 0.0
36152, 0.876285970211029, -0.2774234712123871, 0.3042692542076111, 0.20670132339000702, 0.0343785360455513, 0.01579561084508896, 133424.0625, 153441.78125, 85811.5, 131931.609375, 142166.375, 102716.7578125, -25.42722511291504, 19.27855110168457, 13.487298965454102, -15.846875190734863, -0.41990798711776733, 9.953567504882812, 0.0, 0.0, 1.0, 6.422869682312012, 0.0, 0.0, 0.0
36172, 0.8797279000282288, -0.27782121300697327, 0.30463463068008423, 0.2033667266368866, 0.030294034630060196, 0.019186990335583687, 133433.0625, 153435.296875, 85805.8203125, 131928.78125, 142161.828125, 102712.8203125, -24.731399536132812, 18.74989128112793, 12.158493995666504, -15.312165260314941, -0.45537400245666504, 10.786526679992676, 0.0, 0.0, 1.0, 6.414125919342041, 0.0, 0.0, 0.0
36192, 0.8830967545509338, -0.2771194875240326, 0.30603471398353577, 0.19944168627262115, 0.028563663363456726, 0.024828093126416206, 133441.46875, 153443.234375, 85809.875, 131920.390625, 142165.875, 102712.625, -23.205678939819336, 18.600812911987305, 10.894268989562988, -15.965619087219238, -0.43539589643478394, 10.377336502075195, 0.0, 0.0, 1.0, 6.4109787940979, 0.0, 0.0, 0.0
36212, 0.888753354549408, -0.2759687900543213, 0.3065085709095001, 0.2014990597963333, 0.028134813532233238, 0.02364102378487587, 133442.078125, 153436.75, 85801.234375, 131921.46875, 142161.828125, 102704.375, -20.832897186279297, 18.56304931640625, 9.349495887756348, -17.559961318969727, -0.1970680207014084, 9.712264060974121, 0.0, 0.0, 1.0, 6.417243480682373, 0.0, 0.0, 0.0
36232, 0.8929664492607117, -0.2744215726852417, 0.3075984716415405, 0.19995082914829254, 0.028496909886598587, 0.02566549926996231, 133436.96875, 153437.171875, 85817.4375, 131928.78125, 142171.421875, 102707.1875, -19.00735855102539, 18.172943115234375, 8.459667205810547, -19.312074661254883, 0.3475883901119232, 8.989397048950195, 0.0, 0.0, 1.0, 6.385051250457764, 0.0, 0.0, 0.0
36252, 0.8987734913825989, -0.27397310733795166, 0.30805501341819763, 0.20308817923069, 0.02611543983221054, 0.02202792465686798, 133420.15625, 153442.203125, 85828.515625, 131933.265625, 142163.3125, 102710.5625, -18.626474380493164, 18.148101806640625, 9.223015785217285, -20.75172996520996, 0.656097412109375, 8.441357612609863, 0.0, 0.0, 1.0, 6.330361366271973, 0.0, 0.0, 0.0
36272, 0.9019003510475159, -0.273659348487854, 0.3083494305610657, 0.19964712858200073, 0.023271501064300537, 0.016904721036553383, 133414.453125, 153450.5625, 85834.1875, 131938.34375, 142161.828125, 102718.8203125, -19.52848243713379, 18.841205596923828, 10.888609886169434, -21.066341400146484, 0.9240360260009766, 8.444016456604004, 0.0, 0.0, 1.0, 6.28043270111084, 0.0, 0.0, 0.0
36292, 0.905339777469635, -0.2721642553806305, 0.3086033761501312, 0.19744285941123962, 0.02357562817633152, 0.0080553675070405, 133406.046875, 153451.0, 85825.8125, 131940.578125, 142170.421875, 102710.0078125, -20.66575813293457, 20.170764923095703, 12.338407516479492, -20.21338653564453, 1.4941275119781494, 8.483692169189453, 0.0, 0.0, 1.0, 6.198751926422119, 0.0, 0.0, 0.0
36312, 0.9102564454078674, -0.2708165943622589, 0.30760180950164795, 0.19922742247581482, 0.024028748273849487, -0.005230420734733343, 133412.796875, 153444.5, 85824.734375, 131951.796875, 142161.328125, 102722.9453125, -22.01003646850586, 21.330921173095703, 13.20048713684082, -18.664411544799805, 1.4860005378723145, 9.176483154296875, 0.0, 0.0, 1.0, 6.141820430755615, 0.0, 0.0, 0.0
36332, 0.9136736392974854, -0.27011099457740784, 0.3074403703212738, 0.19708293676376343, 0.023097587749361992, -0.011040706187486649, 133403.1875, 153442.203125, 85837.1640625, 131942.828125, 142164.09375, 102722.9453125, -23.312286376953125, 22.001567840576172, 13.935667037963867, -17.17576789855957, 1.134047508239746, 10.448653221130371, 0.0, 0.0, 1.0, 6.105449199676514, 0.0, 0.0, 0.0
36352, 0.9188014268875122, -0.2701079547405243, 0.30704113841056824, 0.19904281198978424, 0.020764091983437538, -0.016418224200606346, 133412.796875, 153451.0, 85825.8125, 131947.3125, 142168.65625, 102725.7578125, -24.46349334716797, 22.46297836303711, 14.726884841918945, -15.966443061828613, 0.8156560659408569, 11.895563125610352, 0.0, 0.0, 1.0, 6.081634044647217, 0.0, 0.0, 0.0
36372, 0.9231250882148743, -0.26978248357772827, 0.30668824911117554, 0.19868341088294983, 0.01926451548933983, -0.017196591943502426, 133418.953125, 153444.078125, 85820.140625, 131937.765625, 142164.09375, 102725.0078125, -25.253385543823242, 23.020362854003906, 15.341666221618652, -14.61109733581543, 0.9784084558486938, 13.157636642456055, 0.0, 0.0, 1.0, 6.099611282348633, 0.0, 0.0, 0.0
36392, 0.9271778464317322, -0.2692506015300751, 0.30635589361190796, 0.19755105674266815, 0.018263643607497215, -0.01666448637843132, 133433.0625, 153436.75, 85807.7109375, 131929.9375, 142164.09375, 102710.0078125, -24.93353271484375, 23.26862335205078, 15.066365242004395, -14.1995267868042, 1.5679187774658203, 14.029215812683105, 0.0, 0.0, 1.0, 6.140851974487305, 0.0, 0.0, 0.0
36412, 0.929865300655365, -0.26913511753082275, 0.3063114583492279, 0.19293950498104095, 0.016157424077391624, -0.01560642197728157, 133433.671875, 153438.015625, 85805.015625, 131928.203125, 142166.375, 102706.4375, -23.854896545410156, 22.62125587463379, 13.775567054748535, -14.851161003112793, 1.7461390495300293, 14.779695510864258, 0.0, 0.0, 1.0, 6.179689884185791, 0.0, 0.0, 0.0
36432, 0.9348325133323669, -0.26853594183921814, 0.30600979924201965, 0.19486790895462036, 0.015503774397075176, -0.01218290627002716, 133428.5625, 153444.5, 85811.5, 131926.53125, 142166.875, 102713.3828125, -22.328542709350586, 21.630882263183594, 12.487465858459473, -15.824419021606445, 1.5593228340148926, 14.857820510864258, 0.0, 0.0, 1.0, 6.200545310974121, 0.0, 0.0, 0.0
36452, 0.9394566416740417, -0.2681610882282257, 0.3062124252319336, 0.1961638629436493, 0.014362779445946217, -0.007083589676767588, 133424.0625, 153446.390625, 85811.5, 131927.125, 142161.328125, 102705.125, -20.80172348022461, 20.84444808959961, 11.823022842407227, -16.574779510498047, 1.274343729019165, 14.339363098144531, 0.0, 0.0, 1.0, 6.181988716125488, 0.0, 0.0, 0.0
36472, 0.9442397952079773, -0.2675687074661255, 0.3060725927352905, 0.19843745231628418, 0.013848616741597652, -0.006542677525430918, 133426.3125, 153454.75, 85807.7109375, 131939.421875, 142164.59375, 102709.25, -19.952322006225586, 20.126758575439453, 11.599170684814453, -17.2404842376709, 1.1844419240951538, 13.461609840393066, 0.0, 0.0, 1.0, 6.150371551513672, 0.0, 0.0, 0.0
36492, 0.9492253065109253, -0.26716604828834534, 0.30547192692756653, 0.20157302916049957, 0.013121463358402252, -0.010652544908225536, 133418.34375, 153446.8125, 85812.3046875, 131939.421875, 142164.59375, 102714.6953125, -20.09842872619629, 20.090898513793945, 11.372088432312012, -17.04022979736328, 0.9857267737388611, 12.547693252563477, 0.0, 0.0, 1.0, 6.085837364196777, 0.0, 0.0, 0.0
36512, 0.953006386756897, -0.2663681209087372, 0.30522847175598145, 0.20186081528663635, 0.013627666980028152, -0.013192803598940372, 133408.296875, 153440.328125, 85829.59375, 131942.828125, 142161.828125, 102718.8203125, -20.95848846435547, 20.88555908203125, 11.593441009521484, -16.07182502746582, 0.46505385637283325, 12.335018157958984, 0.0, 0.0, 1.0, 6.0278706550598145, 0.0, 0.0, 0.0
36532, 0.9577285647392273, -0.26611512899398804, 0.3049125373363495, 0.20492807030677795, 0.013169691897928715, -0.014104023575782776, 133410.546875, 153456.015625, 85829.59375, 131947.3125, 142168.65625, 102723.6953125, -22.001089096069336, 21.62788200378418, 12.889180183410645, -15.100205421447754, 0.3358176350593567, 12.857437133789062, 0.0, 0.0, 1.0, 5.9878644943237305, 0.0, 0.0, 0.0
36552, 0.9615963697433472, -0.2655166983604431, 0.3046305477619171, 0.2058178037405014, 0.013713035732507706, -0.014737438410520554, 133409.953125, 153446.390625, 85833.3828125, 131952.890625, 142166.375, 102729.890625, -23.204862594604492, 21.927597045898438, 14.629648208618164, -13.67532730102539, 0.5548484325408936, 13.91931438446045, 0.0, 0.0, 1.0, 5.967584609985352, 0.0, 0.0, 0.0
36572, 0.9657922983169556, -0.2656436860561371, 0.3032929003238678, 0.2075134962797165, 0.012641895562410355, -0.023667965084314346, 133413.84375, 153450.5625, 85820.140625, 131942.25, 142161.328125, 102728.578125, -0.38328421115875244, 0.18503375351428986, 0.12291528284549713, 0.21587270498275757, -0.35508859157562256, 0.46434661746025085, 0.0, 0.0, 1.0, 5.999616622924805, 0.0, 0.0, 0.0
36592, 0.9703969359397888, -0.26562103629112244, 0.3027951419353485, 0.2099502831697464, 0.012384925968945026, -0.02543654665350914, 133412.796875, 153445.53125, 85814.46875, 131944.484375, 142162.328125, 102727.0703125, -1.1609679460525513, 0.23804067075252533, 0.026136282831430435, 0.7270817756652832, -0.9782541394233704, 1.259260892868042, 0.0, 0.0, 1.0, 6.043747425079346, 0.0, 0.0, 0.0
36612, 0.9741408228874207, -0.2656679153442383, 0.3020806312561035, 0.2097431719303131, 0.011994617059826851, -0.024994751438498497, 133419.5625, 153439.90625, 85812.578125, 131933.265625, 142157.265625, 102724.4453125, -1.508204698562622, -0.3644885718822479, -0.4914926588535309, 0.5421671867370605, -1.3233463764190674, 1.5758938789367676, 0.0, 0.0, 1.0, 6.115480899810791, 0.0, 0.0, 0.0
36632, 0.9776803851127625, -0.2661135196685791, 0.30160993337631226, 0.20860230922698975, 0.010622294619679451, -0.022220205515623093, 133436.96875, 153446.8125, 85813.390625, 131927.125, 142153.71875, 102719.5703125, -0.4582400321960449, -0.8723577857017517, -0.9869417548179626, -0.542178750038147, -1.5906434059143066, 1.4120004177093506, 0.0, 0.0, 1.0, 6.197816848754883, 0.0, 0.0, 0.0
36652, 0.9831964373588562, -0.2658197581768036, 0.30117854475975037, 0.21247385442256927, 0.01111047063022852, -0.02010394260287285, 133436.96875, 153439.90625, 85803.9296875, 131929.9375, 142165.375, 102712.8203125, 1.4358243942260742, -1.3513742685317993, -1.9134728908538818, -1.5214474201202393, -1.4503722190856934, 0.7655063271522522, 0.0, 0.0, 1.0, 6.265888214111328, 0.0, 0.0, 0.0
36672, 0.9859176874160767, -0.26540642976760864, 0.3011970520019531, 0.2089785635471344, 0.011550172232091427, -0.014500444754958153, 133429.609375, 153446.8125, 85800.1484375, 131935.515625, 142168.15625, 102714.6953125, 3.0059425830841064, -1.9172173738479614, -3.222217082977295, -2.2375855445861816, -1.2869515419006348, -0.13994400203227997, 0.0, 0.0, 1.0, 6.323123931884766, 0.0, 0.0, 0.0
36692, 0.9906429648399353, -0.2653175890445709, 0.300904780626297, 0.21090219914913177, 0.011394212953746319, -0.014070255681872368, 133427.96875, 153444.078125, 85795.5546875, 131933.265625, 142168.65625, 102718.8203125, 3.892739772796631, -2.053032398223877, -4.361569881439209, -2.7761268615722656, -1.8925914764404297, -0.8792902827262878, 0.0, 0.0, 1.0, 6.340229511260986, 0.0, 0.0, 0.0
36712, 0.9959344267845154, -0.26607125997543335, 0.30065232515335083, 0.21436332166194916, 0.009339278563857079, -0.013962999917566776, 133412.796875, 153442.625, 85817.171875, 131940.0, 142169.140625, 102719.5703125, 4.060719966888428, -2.2010750770568848, -5.405735969543457, -2.76196026802063, -2.4470174312591553, -1.5834970474243164, 0.0, 0.0, 1.0, 6.337113857269287, 0.0, 0.0, 0.0
36732, 1.000217318534851, -0.26547566056251526, 0.30039119720458984, 0.21530650556087494, 0.010635043494403362, -0.012396452017128468, 133416.703125, 153459.78125, 85822.03125, 131943.90625, 142164.09375, 102722.3828125, 3.5344367027282715, -1.96511709690094, -5.462412357330322, -1.5807372331619263, -2.730027198791504, -1.8617041110992432, 0.0, 0.0, 1.0, 6.344219207763672, 0.0, 0.0, 0.0
36752, 1.0039535760879517, -0.2642401158809662, 0.2999953031539917, 0.21501241624355316, 0.013719438575208187, -0.012091238982975483, 133412.203125, 153451.0, 85828.515625, 131951.21875, 142172.703125, 102724.4453125, 2.6736583709716797, -1.4459155797958374, -4.305021286010742, -0.1544399857521057, -3.392324209213257, -1.5925757884979248, 0.0, 0.0, 1.0, 6.381296157836914, 0.0, 0.0, 0.0
36772, 1.008021354675293, -0.26430732011795044, 0.2997520864009857, 0.21556256711483002, 0.013762169517576694, -0.012982494197785854, 133410.546875, 153451.421875, 85826.625, 131942.828125, 142165.875, 102731.953125, 1.5731436014175415, -1.6344540119171143, -2.9736123085021973, 0.5295764207839966, -4.165072441101074, -0.9503843784332275, 0.0, 0.0, 1.0, 6.437934875488281, 0.0, 0.0, 0.0
36792, 1.0127705335617065, -0.2641637325286865, 0.2996392846107483, 0.21794342994689941, 0.014445490203797817, -0.013335454277694225, 133404.40625, 153449.109375, 85817.171875, 131942.25, 142162.328125, 102728.578125, 0.035186201333999634, -1.716803789138794, -2.1650586128234863, 0.8364742994308472, -4.58322811126709, -0.25964003801345825, 0.0, 0.0, 1.0, 6.517620086669922, 0.0, 0.0, 0.0
36812, 1.0169585943222046, -0.26376235485076904, 0.2993518114089966, 0.21796153485774994, 0.015961771830916405, -0.014089933596551418, 133417.3125, 153443.65625, 85808.5234375, 131942.25, 142160.546875, 102726.515625, -0.874688446521759, -1.4793145656585693, -2.3285152912139893, 0.9777308106422424, -4.969307899475098, 0.02209554985165596, 0.0, 0.0, 1.0, 6.618180274963379, 0.0, 0.0, 0.0
36832, 1.0218684673309326, -0.2652703523635864, 0.29979056119918823, 0.22003623843193054, 0.012753342278301716, -0.009987766854465008, 133429.171875, 153439.90625, 85805.8203125, 131938.921875, 142168.65625, 102727.828125, -0.6627259850502014, -1.7485941648483276, -3.129110813140869, 0.859139621257782, -4.988293647766113, 0.16674679517745972, 0.0, 0.0, 1.0, 6.7182936668396, 0.0, 0.0, 0.0
36852, 1.0277272462844849, -0.2649262845516205, 0.29957151412963867, 0.22415292263031006, 0.01425413228571415, -0.010852626524865627, 133424.0625, 153448.265625, 85803.9296875, 131928.78125, 142157.765625, 102730.4453125, 0.2624357342720032, -2.2408413887023926, -3.9304771423339844, -0.053816936910152435, -5.189094543457031, 0.4716227054595947, 0.0, 0.0, 1.0, 6.823353290557861, 0.0, 0.0, 0.0
36872, 1.0322966575622559, -0.2654605507850647, 0.29992637038230896, 0.2241755574941635, 0.013385438360273838, -0.010610994882881641, 133429.78125, 153449.109375, 85807.7109375, 131928.78125, 142165.875, 102717.5078125, 1.3685404062271118, -2.423020601272583, -4.505924224853516, -1.0505638122558594, -5.776620388031006, 0.2412899136543274, 0.0, 0.0, 1.0, 6.891929626464844, 0.0, 0.0, 0.0
36892, 1.0366407632827759, -0.26560962200164795, 0.29972830414772034, 0.22334764897823334, 0.013301904313266277, -0.009449427947402, 133430.8125, 153449.109375, 85808.5234375, 131934.4375, 142153.71875, 102718.2578125, 2.3523995876312256, -2.3308472633361816, -4.8241119384765625, -1.7825599908828735, -5.91733980178833, -0.46371763944625854, 0.0, 0.0, 1.0, 6.937966823577881, 0.0, 0.0, 0.0
36912, 1.040756106376648, -0.2654079496860504, 0.2993440330028534, 0.2214948832988739, 0.014474638737738132, -0.0071568563580513, 133424.0625, 153446.390625, 85808.796875, 131935.515625, 142168.65625, 102720.8828125, 2.945110321044922, -2.4455811977386475, -5.027039527893066, -2.617466449737549, -5.887104034423828, -1.306942343711853, 0.0, 0.0, 1.0, 6.995370388031006, 0.0, 0.0, 0.0
36932, 1.0461528301239014, -0.26685774326324463, 0.29920464754104614, 0.2230091094970703, 0.01143421046435833, -0.006236393004655838, 133417.90625, 153451.421875, 85806.6328125, 131948.984375, 142168.65625, 102723.6953125, 2.7400965690612793, -2.4618453979492188, -5.29672908782959, -3.0355324745178223, -5.761608123779297, -1.8210368156433105, 0.0, 0.0, 1.0, 7.016942501068115, 0.0, 0.0, 0.0
36952, 1.0507792234420776, -0.2669774889945984, 0.2990879714488983, 0.22225525975227356, 0.011827475391328335, -0.0049492837861180305, 133411.15625, 153448.6875, 85815.28125, 131947.890625, 142169.921875, 102725.7578125, 1.8274807929992676, -2.3916141986846924, -5.117487907409668, -2.801502227783203, -5.6644721031188965, -1.7612218856811523, 0.0, 0.0, 1.0, 7.039178371429443, 0.0, 0.0, 0.0
36972, 1.0540921688079834, -0.2666113078594208, 0.29854246973991394, 0.21793268620967865, 0.01375358272343874, -0.006504254415631294, 133402.140625, 153457.90625, 85815.28125, 131948.984375, 142158.265625, 102727.0703125, 0.17408493161201477, -2.01824951171875, -4.427298545837402, -1.9327043294906616, -5.705352783203125, -2.0376973152160645, 0.0, 0.0, 1.0, 7.076857566833496, 0.0, 0.0, 0.0
36992, 1.059917688369751, -0.26548826694488525, 0.298384428024292, 0.22043070197105408, 0.017838427796959877, -0.010213969275355339, 133410.546875, 153456.015625, 85822.03125, 131949.5625, 142164.09375, 102727.828125, 0.17408493161201477, -2.01824951171875, -4.427298545837402, -1.9327043294906616, -5.705352783203125, -2.0376973152160645, 0.0, 0.0, 2.0, 7.138842582702637, 0.0, 0.0, 0.0
37012, 1.0638831853866577, -0.26518890261650085, 0.298537939786911, 0.21802498400211334, 0.01941877231001854, -0.04311420023441315, 133419.5625, 153453.296875, 85826.625, 131948.984375, 142166.875, 102736.078125, 0.17408493161201477, -2.01824951171875, -4.427298545837402, -1.9327043294906616, -5.705352783203125, -2.0376973152160645, 0.0, 0.0, 2.0, 7.21727180480957, 0.0, 0.0, 0.0
37032, 1.068373680114746, -0.26458680629730225, 0.29715290665626526, 0.21652580797672272, 0.0212603360414505, -0.0966487005352974, 133420.15625, 153451.421875, 85820.953125, 131944.484375, 142164.09375, 102730.640625, 0.17408493161201477, -2.01824951171875, -4.427298545837402, -1.9327043294906616, -5.705352783203125, -2.0376973152160645, 0.0, 0.0, 2.0, 7.324731349945068, 0.0, 0.0, 0.0
37052, 1.071190595626831, -0.26499345898628235, 0.2933194935321808, 0.20941251516342163, 0.02028440125286579, -0.16356763243675232, 133426.3125, 153446.8125, 85809.609375, 131948.390625, 142157.765625, 102727.828125, 0.17408493161201477, -2.01824951171875, -4.427298545837402, -1.9327043294906616, -5.705352783203125, -2.0376973152160645, 0.0, 0.0, 2.0, 7.44014835357666, 0.0, 0.0, 0.0
37072, 1.0769795179367065, -0.26500293612480164, 0.28941503167152405, 0.20776163041591644, 0.020181573927402496, -0.2253720611333847, 133419.5625, 153449.109375, 85803.125, 131933.84375, 142160.546875, 102726.515625, 0.17408493161201477, -2.01824951171875, -4.427298545837402, -1.9327043294906616, -5.705352783203125, -2.0376973152160645, 0.0, 0.0, 2.0, 7.542346000671387, 0.0, 0.0, 0.0
37092, 1.0808486938476562, -0.26452311873435974, 0.2856086790561676, 0.19848179817199707, 0.020986350253224373, -0.27293533086776733, 133423.015625, 153449.109375, 85806.90625, 131932.1875, 142167.65625, 102721.6328125, 0.17408493161201477, -2.01824951171875, -4.427298545837402, -1.9327043294906616, -5.705352783203125, -2.0376973152160645, 0.0, 0.0, 2.0, 7.616211891174316, 0.0, 0.0, 0.0
37112, 1.0848532915115356, -0.26487767696380615, 0.2796729505062103, 0.18740496039390564, 0.019446726888418198, -0.31989359855651855, 133428.5625, 153453.71875, 85805.8203125, 131938.34375, 142160.046875, 102721.6328125, 0.17408493161201477, -2.01824951171875, -4.427298545837402, -1.9327043294906616, -5.705352783203125, -2.0376973152160645, 0.0, 0.0, 2.0, 7.662824630737305, 0.0, 0.0, 0.0
37132, 1.0883173942565918, -0.2651255428791046, 0.27475106716156006, 0.17339487373828888, 0.018054122105240822, -0.34944504499435425, 133431.421875, 153458.328125, 85791.5078125, 131951.796875, 142166.375, 102722.3828125, 0.17408493161201477, -2.01824951171875, -4.427298545837402, -1.9327043294906616, -5.705352783203125, -2.0376973152160645, 0.0, 0.0, 2.0, 7.690410137176514, 0.0, 0.0, 0.0
37152, 1.0926449298858643, -0.2639499306678772, 0.267427921295166, 0.16076691448688507, 0.019892720505595207, -0.38183319568634033, 133435.328125, 153444.9375, 85795.5546875, 131958.53125, 142169.140625, 102729.890625, 0.17408493161201477, -2.01824951171875, -4.427298545837402, -1.9327043294906616, -5.705352783203125, -2.0376973152160645, 0.0, 0.0, 2.0, 7.709461212158203, 0.0, 0.0, 0.0
37172, 1.0954111814498901, -0.26370862126350403, 0.2601095736026764, 0.1437205672264099, 0.019793573766946793, -0.4028841257095337, 133437.578125, 153451.421875, 85807.7109375, 131974.234375, 142167.65625, 102734.015625, 0.17408493161201477, -2.01824951171875, -4.427298545837402, -1.9327043294906616, -5.705352783203125, -2.0376973152160645, 0.0, 0.0, 2.0, 7.68586540222168, 0.0, 0.0, 0.0
37192, 1.0975371599197388, -0.26534608006477356, 0.25188320875167847, 0.12549833953380585, 0.01571718230843544, -0.41940999031066895, 133429.78125, 153449.109375, 85808.5234375, 131983.21875, 142165.59375, 102734.015625, 0.17408493161201477, -2.01824951171875, -4.427298545837402, -1.9327043294906616, -5.705352783203125, -2.0376973152160645, 0.0, 0.0, 2.0, 7.645981311798096, 0.0, 0.0, 0.0
37212, 1.101718783378601, -0.2656524181365967, 0.24339185655117035, 0.11297884583473206, 0.014908846467733383, -0.42927685379981995, 133426.3125, 153451.421875, 85791.5078125, 131979.8125, 142164.09375, 102742.265625, 0.17408493161201477, -2.01824951171875, -4.427298545837402, -1.9327043294906616, -5.705352783203125, -2.0376973152160645, 0.0, 0.0, 2.0, 7.620597839355469, 0.0, 0.0, 0.0
37232, 1.1054683923721313, -0.2649356424808502, 0.2345743179321289, 0.09955437481403351, 0.01649751327931881, -0.4339061379432678, 133426.3125, 153447.234375, 85805.015625, 131962.4375, 142164.09375, 102738.890625, 0.17408493161201477, -2.01824951171875, -4.427298545837402, -1.9327043294906616, -5.705352783203125, -2.0376973152160645, 0.0, 0.0, 2.0, 7.614929676055908, 0.0, 0.0, 0.0
37252, 1.106925368309021, -0.26697370409965515, 0.22592036426067352, 0.08290833234786987, 0.01272130198776722, -0.43085673451423645, 133417.90625, 153454.140625, 85810.6875, 131956.296875, 142172.703125, 102733.265625, 0.17408493161201477, -2.01824951171875, -4.427298545837402, -1.9327043294906616, -5.705352783203125, -2.0376973152160645, 0.0, 0.0, 2.0, 7.581034183502197, 0.0, 0.0, 0.0
37272, 1.106716513633728, -0.26179227232933044, 0.21784332394599915, 0.06364315003156662, 0.024352148175239563, -0.4204310476779938, 133413.40625, 153449.53125, 85808.5234375, 131937.171875, 142167.875, 102729.328125, 0.17408493161201477, -2.01824951171875, -4.427298545837402, -1.9327043294906616, -5.705352783203125, -2.0376973152160645, 0.0, 0.0, 2.0, 7.618265151977539, 0.0, 0.0, 0.0
37292, 1.1245290040969849, -0.2722947299480438, 0.2095777690410614, 0.09496729075908661, 0.001906668534502387, -0.4067654609680176, 133417.90625, 153451.0, 85815.0078125, 131937.171875, 142163.59375, 102730.640625, 0.17408493161201477, -2.01824951171875, -4.427298545837402, -1.9327043294906616, -5.705352783203125, -2.0376973152160645, 0.0, 0.0, 2.0, 7.480660915374756, 0.0, 0.0, 0.0
37312, 1.125227928161621, -0.272779256105423, 0.19973225891590118, 0.08278517425060272, 0.0013369523221626878, -0.3973998725414276, 133415.65625, 153457.90625, 85809.3359375, 131928.78125, 142162.328125, 102727.828125, 0.17408493161201477, -2.01824951171875, -4.427298545837402, -1.9327043294906616, -5.705352783203125, -2.0376973152160645, 0.0, 0.0, 2.0, 7.425414085388184, 0.0, 0.0, 0.0
37332, 1.12697172164917, -0.2721026837825775, 0.19197970628738403, 0.07578148692846298, 0.0027803664561361074, -0.37826961278915405, 133419.5625, 153446.390625, 85808.796875, 131928.28125, 142160.546875, 102719.765625, 0.17408493161201477, -2.01824951171875, -4.427298545837402, -1.9327043294906616, -5.705352783203125, -2.0376973152160645, 0.0, 0.0, 2.0, 7.339524745941162, 0.0, 0.0, 0.0
37352, 1.1346672773361206, -0.2763694226741791, 0.1848956048488617, 0.08684905618429184, -0.006460265256464481, -0.3550556004047394, 133426.921875, 153451.421875, 85797.1796875, 131929.359375, 142157.765625, 102721.0703125, 0.17408493161201477, -2.01824951171875, -4.427298545837402, -1.9327043294906616, -5.705352783203125, -2.0376973152160645, 0.0, 0.0, 2.0, 7.177894115447998, 0.0, 0.0, 0.0
37372, 1.140729546546936, -0.27533280849456787, 0.17798665165901184, 0.09375302493572235, -0.0032585877925157547, -0.33078858256340027, 133415.0625, 153458.328125, 85816.09375, 131940.578125, 142160.546875, 102723.6953125, 0.17408493161201477, -2.01824951171875, -4.427298545837402, -1.9327043294906616, -5.705352783203125, -2.0376973152160645, 0.0, 0.0, 2.0, 7.055086612701416, 0.0, 0.0, 0.0
37392, 1.142134428024292, -0.2741318941116333, 0.17418497800827026, 0.08812052756547928, 0.0005145366885699332, -0.2909443974494934, 133418.515625, 153458.328125, 85810.6875, 131954.625, 142162.8125, 102724.4453125, 0.17408493161201477, -2.01824951171875, -4.427298545837402, -1.9327043294906616, -5.705352783203125, -2.0376973152160645, 0.0, 0.0, 2.0, 6.908102989196777, 0.0, 0.0, 0.0
37412, 1.1423041820526123, -0.2707711160182953, 0.171348437666893, 0.08363024890422821, 0.008816231042146683, -0.2782438099384308, 133411.15625, 153451.84375, 85796.3671875, 131960.78125, 142161.828125, 102734.765625, 0.17408493161201477, -2.01824951171875, -4.427298545837402, -1.9327043294906616, -5.705352783203125, -2.0376973152160645, 0.0, 0.0, 2.0, 6.815717697143555, 0.0, 0.0, 0.0
37432, 1.142445683479309, -0.2746230661869049, 0.1656486839056015, 0.07516157627105713, 0.0008165711769834161, -0.256793349981308, 133419.5625, 153449.53125, 85799.0703125, 131959.109375, 142159.546875, 102731.390625, 0.17408493161201477, -2.01824951171875, -4.427298545837402, -1.9327043294906616, -5.705352783203125, -2.0376973152160645, 0.0, 0.0, 2.0, 6.691779136657715, 0.0, 0.0, 0.0
37452, 1.1456538438796997, -0.2716747224330902, 0.1607067584991455, 0.0754755437374115, 0.00980902835726738, -0.2366790622472763, 133419.5625, 153447.234375, 85812.578125, 131954.046875, 142160.046875, 102740.3984375, 0.17408493161201477, -2.01824951171875, -4.427298545837402, -1.9327043294906616, -5.705352783203125, -2.0376973152160645, 0.0, 0.0, 2.0, 6.6724677085876465, 0.0, 0.0, 0.0
37472, 1.1473215818405151, -0.2697702646255493, 0.15361644327640533, 0.06628534942865372, 0.017390809953212738, -0.211070716381073, 133420.15625, 153453.71875, 85796.1015625, 131954.625, 142161.046875, 102733.453125, 0.17408493161201477, -2.01824951171875, -4.427298545837402, -1.9327043294906616, -5.705352783203125, -2.0376973152160645, 0.0, 0.0, 2.0, 6.65604829788208, 0.0, 0.0, 0.0
37492, 1.146404504776001, -0.26787081360816956, 0.15155355632305145, 0.05870220810174942, 0.023123322054743767, -0.20261074602603912, 133426.3125, 153443.046875, 85802.8515625, 131954.046875, 142164.09375, 102732.703125, 0.17408493161201477, -2.01824951171875, -4.427298545837402, -1.9327043294906616, -5.705352783203125, -2.0376973152160645, 0.0, 0.0, 2.0, 6.649050712585449, 0.0, 0.0, 0.0
37512, 1.1481267213821411, -0.26928794384002686, 0.1476544886827469, 0.05527558550238609, 0.020238367840647697, -0.18858766555786133, 133418.515625, 153449.53125, 85805.015625, 131941.15625, 142156.0, 102733.453125, 0.17408493161201477, -2.01824951171875, -4.427298545837402, -1.9327043294906616, -5.705352783203125, -2.0376973152160645, 0.0, 0.0, 2.0, 6.609983921051025, 0.0, 0.0, 0.0
37532, 1.1480823755264282, -0.26595625281333923, 0.14367805421352386, 0.04613181948661804, 0.03038940206170082, -0.1783740520477295, 133430.8125, 153451.84375, 85803.9296875, 131940.578125, 142158.265625, 102732.703125, 0.17408493161201477, -2.01824951171875, -4.427298545837402, -1.9327043294906616, -5.705352783203125, -2.0376973152160645, 0.0, 0.0, 2.0, 6.603367805480957, 0.0, 0.0, 0.0
37552, 1.1486538648605347, -0.2634134888648987, 0.1402069330215454, 0.03984929993748665, 0.037379566580057144, -0.1675075739622116, 133429.171875, 153449.53125, 85804.7421875, 131938.921875, 142166.875, 102727.265625, 0.17408493161201477, -2.01824951171875, -4.427298545837402, -1.9327043294906616, -5.705352783203125, -2.0376973152160645, 0.0, 0.0, 2.0, 6.60548734664917, 0.0, 0.0, 0.0
37572, 1.1499176025390625, -0.25937125086784363, 0.13552865386009216, 0.036648623645305634, 0.04832669720053673, -0.16394002735614777, 133423.015625, 153462.515625, 85801.7734375, 131949.5625, 142162.328125, 102725.203125, 0.17408493161201477, -2.01824951171875, -4.427298545837402, -1.9327043294906616, -5.705352783203125, -2.0376973152160645, 0.0, 0.0, 2.0, 6.592789173126221, 0.0, 0.0, 0.0
37592, 1.1496522426605225, -0.2561441957950592, 0.13238082826137543, 0.028643330559134483, 0.056547436863183975, -0.14854639768600464, 133424.671875, 153449.96875, 85796.3671875, 131948.46875, 142156.0, 102729.328125, 0.17408493161201477, -2.01824951171875, -4.427298545837402, -1.9327043294906616, -5.705352783203125, -2.0376973152160645, 0.0, 0.0, 2.0, 6.517469882965088, 0.0, 0.0, 0.0
37612, 1.150626301765442, -0.25310850143432617, 0.1296972781419754, 0.026297898963093758, 0.06303729861974716, -0.13473236560821533, 133426.921875, 153454.5625, 85798.8046875, 131957.953125, 142160.546875, 102728.578125, 0.17408493161201477, -2.01824951171875, -4.427298545837402, -1.9327043294906616, -5.705352783203125, -2.0376973152160645, 0.0, 0.0, 2.0, 6.47145938873291, 0.0, 0.0, 0.0
37632, 1.1505249738693237, -0.2503071427345276, 0.12708720564842224, 0.02031109854578972, 0.06841861456632614, -0.12369508296251297, 133420.15625, 153453.71875, 85807.4453125, 131954.046875, 142169.140625, 102735.515625, 0.17408493161201477, -2.01824951171875, -4.427298545837402, -1.9327043294906616, -5.705352783203125, -2.0376973152160645, 0.0, 0.0, 2.0, 6.415303707122803, 0.0, 0.0, 0.0
37652, 1.1510796546936035, -0.24708811938762665, 0.12433496862649918, 0.017435280606150627, 0.074376679956913, -0.11471913754940033, 133413.40625, 153462.9375, 85799.0703125, 131963.609375, 142166.875, 102732.140625, 0.17408493161201477, -2.01824951171875, -4.427298545837402, -1.9327043294906616, -5.705352783203125, -2.0376973152160645, 0.0, 0.0, 2.0, 6.408000946044922, 0.0, 0.0, 0.0
37672, 1.1517279148101807, -0.24399004876613617, 0.12208855897188187, 0.015450566075742245, 0.07999017834663391, -0.10543670505285263, 133415.65625, 153462.9375, 85797.4453125, 131959.109375, 142164.59375, 102741.7109375, 0.17408493161201477, -2.01824951171875, -4.427298545837402, -1.9327043294906616, -5.705352783203125, -2.0376973152160645, 0.0, 0.0, 2.0, 6.421936988830566, 0.0, 0.0, 0.0
37692, 1.1522639989852905, -0.24139848351478577, 0.1207914724946022, 0.013437340967357159, 0.08272448182106018, -0.0885687842965126, 133405.609375, 153451.421875, 85809.609375, 131959.109375, 142166.375, 102732.703125, 0.17408493161201477, -2.01824951171875, -4.427298545837402, -1.9327043294906616, -5.705352783203125, -2.0376973152160645, 0.0, 0.0, 2.0, 6.4559149742126465, 0.0, 0.0, 0.0
37712, 1.1528809070587158, -0.23900283873081207, 0.11908420920372009, 0.01232980564236641, 0.08407751470804214, -0.08030207455158234, 133417.90625, 153442.625, 85802.8515625, 131948.46875, 142165.09375, 102735.515625, 0.17408493161201477, -2.01824951171875, -4.427298545837402, -1.9327043294906616, -5.705352783203125, -2.0376973152160645, 0.0, 0.0, 2.0, 6.510156154632568, 0.0, 0.0, 0.0
37732, 1.1532970666885376, -0.23600895702838898, 0.11749637126922607, 0.010280011221766472, 0.08813881129026413, -0.07206246256828308, 133418.515625, 153454.140625, 85802.8515625, 131951.796875, 142160.546875, 102734.765625, 0.17408493161201477, -2.01824951171875, -4.427298545837402, -1.9327043294906616, -5.705352783203125, -2.0376973152160645, 0.0, 0.0, 2.0, 6.566545009613037, 0.0, 0.0, 0.0
37752, 1.1536498069763184, -0.2346820831298828, 0.11644504964351654, 0.00890965387225151, 0.08227463066577911, -0.053520891815423965, 133414.609375, 153447.234375, 85789.6171875, 131947.3125, 142166.875, 102724.4453125, 0.17408493161201477, -2.01824951171875, -4.427298545837402, -1.9327043294906616, -5.705352783203125, -2.0376973152160645, 0.0, 0.0, 2.0, 6.590576171875, 0.0, 0.0, 0.0
37772, 1.154274344444275, -0.23198916018009186, 0.11545567214488983, 0.009587283246219158, 0.08326943218708038, -0.041482120752334595, 133429.171875, 153460.625, 85786.9140625, 131953.46875, 142157.765625, 102723.140625, 0.17408493161201477, -2.01824951171875, -4.427298545837402, -1.9327043294906616, -5.705352783203125, -2.0376973152160645, 0.0, 0.0, 2.0, 6.648565769195557, 0.0, 0.0, 0.0
37792, 1.1545177698135376, -0.22980540990829468, 0.11381879448890686, 0.008310467936098576, 0.08042662590742111, -0.039897479116916656, 133425.265625, 153456.453125, 85777.1953125, 131950.71875, 142167.875, 102725.953125, 0.17408493161201477, -2.01824951171875, -4.427298545837402, -1.9327043294906616, -5.705352783203125, -2.0376973152160645, 0.0, 0.0, 2.0, 6.702076435089111, 0.0, 0.0, 0.0
37812, 1.1545770168304443, -0.2273484170436859, 0.11302249878644943, 0.006422768346965313, 0.07961490750312805, -0.03729129582643509, 133414.015625, 153458.328125, 85783.6796875, 131952.96875, 142165.09375, 102729.328125, 0.17408493161201477, -2.01824951171875, -4.427298545837402, -1.9327043294906616, -5.705352783203125, -2.0376973152160645, 0.0, 0.0, 2.0, 6.748121738433838, 0.0, 0.0, 0.0
37832, 1.1549365520477295, -0.22545655071735382, 0.11196396499872208, 0.006973599549382925, 0.0767902061343193, -0.04169854521751404, 133422.421875, 153451.421875, 85793.1328125, 131960.203125, 142153.71875, 102732.703125, 0.17408493161201477, -2.01824951171875, -4.427298545837402, -1.9327043294906616, -5.705352783203125, -2.0376973152160645, 0.0, 0.0, 2.0, 6.771488666534424, 0.0, 0.0, 0.0
37852, 1.1553176641464233, -0.22389502823352814, 0.11109306663274765, 0.007617141120135784, 0.07238063216209412, -0.04385758936405182, 133425.265625, 153453.71875, 85802.8515625, 131963.015625, 142153.71875, 102737.578125, 0.17408493161201477, -2.01824951171875, -4.427298545837402, -1.9327043294906616, -5.705352783203125, -2.0376973152160645, 0.0, 0.0, 2.0, 6.816834449768066, 0.0, 0.0, 0.0
37872, 1.1555956602096558, -0.22229163348674774, 0.10995189100503922, 0.006708083674311638, 0.06869558244943619, -0.04362359642982483, 133418.515625, 153460.203125, 85795.2890625, 131963.609375, 142162.8125, 102733.453125, 0.17408493161201477, -2.01824951171875, -4.427298545837402, -1.9327043294906616, -5.705352783203125, -2.0376973152160645, 0.0, 0.0, 2.0, 6.9014058113098145, 0.0, 0.0, 0.0
37892, 1.1559001207351685, -0.22093012928962708, 0.1091194823384285, 0.005992565304040909, 0.06387690454721451, -0.03959829360246658, 133416.703125, 153458.328125, 85795.2890625, 131959.109375, 142162.328125, 102732.703125, 0.17408493161201477, -2.01824951171875, -4.427298545837402, -1.9327043294906616, -5.705352783203125, -2.0376973152160645, 0.0, 0.0, 2.0, 7.009428024291992, 0.0, 0.0, 0.0
37912, 1.1561682224273682, -0.21978969871997833, 0.1098342016339302, 0.006274886429309845, 0.05992083624005318, -0.09924077242612839, 133413.40625, 153458.75, 85802.8515625, 131954.625, 142162.8125, 102736.828125, 0.17408493161201477, -2.01824951171875, -4.427298545837402, -1.9327043294906616, -5.705352783203125, -2.0376973152160645, 0.0, 0.0, 2.0, 7.111299514770508, 0.0, 0.0, 0.0
37932, 1.1562581062316895, -0.21827539801597595, 0.10652408748865128, 0.0052375225350260735, 0.06242417171597481, -0.23309051990509033, 133414.015625, 153456.015625, 85784.7578125, 131954.625, 142160.546875, 102725.953125, 0.17408493161201477, -2.01824951171875, -4.427298545837402, -1.9327043294906616, -5.705352783203125, -2.0376973152160645, 0.0, 0.0, 2.0, 7.208401203155518, 0.0, 0.0, 0.0
37952, 1.1566836833953857, -0.21737989783287048, 0.10169776529073715, 0.010108208283782005, 0.06426887214183807, -0.3840503394603729, 133418.515625, 153454.140625, 85783.9453125, 131952.390625, 142160.546875, 102727.265625, 0.17408493161201477, -2.01824951171875, -4.427298545837402, -1.9327043294906616, -5.705352783203125, -2.0376973152160645, 0.0, 0.0, 2.0, 7.244777202606201, 0.0, 0.0, 0.0
37972, 1.1572089195251465, -0.21663764119148254, 0.09215518087148666, 0.015585882589221, 0.06848112493753433, -0.5662254691123962, 133438.78125, 153456.015625, 85771.5234375, 131967.515625, 142152.4375, 102732.140625, 0.17408493161201477, -2.01824951171875, -4.427298545837402, -1.9327043294906616, -5.705352783203125, -2.0376973152160645, 0.0, 0.0, 2.0, 7.299107551574707, 0.0, 0.0, 0.0
37992, 1.157934308052063, -0.21583840250968933, 0.07789431512355804, 0.019986825063824654, 0.05480508878827095, -0.7517125606536865, 133440.4375, 153449.53125, 85767.7421875, 131980.96875, 142165.09375, 102727.265625, 0.17408493161201477, -2.01824951171875, -4.427298545837402, -1.9327043294906616, -5.705352783203125, -2.0376973152160645, 0.0, 0.0, 2.0, 7.4112772941589355, 0.0, 0.0, 0.0
38012, 1.159899115562439, -0.2182258516550064, 0.06052202731370926, 0.04971126466989517, 0.025220895186066628, -0.9340779185295105, 133452.296875, 153449.53125, 85758.2890625, 131987.703125, 142165.09375, 102728.578125, 0.17408493161201477, -2.01824951171875, -4.427298545837402, -1.9327043294906616, -5.705352783203125, -2.0376973152160645, 0.0, 0.0, 2.0, 7.369847297668457, 0.0, 0.0, 0.0
38032, 1.1630157232284546, -0.22496245801448822, 0.03763698413968086, 0.1055540069937706, -0.0024612690322101116, -1.1393110752105713, 133452.890625, 153454.140625, 85763.1484375, 131988.875, 142158.265625, 102721.0703125, 0.17408493161201477, -2.01824951171875, -4.427298545837402, -1.9327043294906616, -5.705352783203125, -2.0376973152160645, 0.0, 0.0, 2.0, 7.128985404968262, 0.0, 0.0, 0.0
38052, 1.1668684482574463, -0.23744283616542816, 0.013882670551538467, 0.1820950210094452, 0.004156611394137144, -0.8802216053009033, 133443.28125, 153454.5625, 85764.7734375, 131997.265625, 142161.046875, 102725.203125, 0.17408493161201477, -2.01824951171875, -4.427298545837402, -1.9327043294906616, -5.705352783203125, -2.0376973152160645, 0.0, 0.0, 2.0, 6.602334022521973, 0.0, 0.0, 0.0
38072, 1.1707119941711426, -0.24038881063461304, 0.006659591570496559, 0.1851074993610382, 0.025105468928813934, -0.13224779069423676, 133400.5, 153465.65625, 85722.375, 131914.234375, 142165.59375, 102697.8203125, 0.17408493161201477, -2.01824951171875, -4.427298545837402, -1.9327043294906616, -5.705352783203125, -2.0376973152160645, 0.0, 0.0, 2.0, 5.856154441833496, 0.0, 0.0, 0.0
38092, 1.1750065088272095, -0.2456161230802536, -0.00014180636208038777, 0.21949458122253418, 0.04520983248949051, -0.4170917868614197, 133395.390625, 153463.359375, 85798.8046875, 131968.09375, 142163.3125, 102741.7109375, 0.17408493161201477, -2.01824951171875, -4.427298545837402, -1.9327043294906616, -5.705352783203125, -2.0376973152160645, 0.0, 0.0, 2.0, 4.827089786529541, 0.0, 0.0, 0.0
38112, 1.1788043975830078, -0.2429075837135315, -0.008062714710831642, 0.1783149689435959, 0.07661502808332443, -0.5829694867134094, 133393.140625, 153461.046875, 85810.1484375, 131905.265625, 142149.171875, 102715.6328125, 0.17408493161201477, -2.01824951171875, -4.427298545837402, -1.9327043294906616, -5.705352783203125, -2.0376973152160645, 0.0, 0.0, 2.0, 4.375211238861084, 0.0, 0.0, 0.0
38132, 1.1828627586364746, -0.2380427122116089, -0.007030152715742588, 0.1408657729625702, 0.08280879259109497, -0.6721393465995789, 133362.828125, 153465.65625, 85845.2734375, 131899.6875, 142162.8125, 102698.375, 0.17408493161201477, -2.01824951171875, -4.427298545837402, -1.9327043294906616, -5.705352783203125, -2.0376973152160645, 0.0, 0.0, 2.0, 3.881863832473755, 0.0, 0.0, 0.0
38152, 1.185394287109375, -0.22668226063251495, -0.0195159912109375, 0.06384093314409256, 0.07172489166259766, -0.841027557849884, 133448.390625, 153452.6875, 85768.8203125, 131966.421875, 142181.515625, 102794.8046875, 0.17408493161201477, -2.01824951171875, -4.427298545837402, -1.9327043294906616, -5.705352783203125, -2.0376973152160645, 0.0, 0.0, 2.0, 4.113968372344971, 0.0, 0.0, 0.0
38172, 1.1879069805145264, -0.21979008615016937, -0.019575534388422966, 0.05017080903053284, 0.039820972830057144, -0.5437536239624023, 133377.984375, 153467.96875, 85835.8125, 131891.796875, 142166.09375, 102748.6484375, 0.17408493161201477, -2.01824951171875, -4.427298545837402, -1.9327043294906616, -5.705352783203125, -2.0376973152160645, 0.0, 0.0, 2.0, 3.8116226196289062, 0.0, 0.0, 0.0
38192, 1.1883832216262817, -0.2170339971780777, -0.027382882311940193, 0.0043067727237939835, 0.05069246143102646, -0.28179997205734253, 133539.515625, 153443.046875, 85726.15625, 131950.140625, 142178.75, 102737.578125, 0.17408493161201477, -2.01824951171875, -4.427298545837402, -1.9327043294906616, -5.705352783203125, -2.0376973152160645, 0.0, 0.0, 2.0, 3.0839648246765137, 0.0, 0.0, 0.0
38212, 1.1895462274551392, -0.21731510758399963, -0.01938594877719879, 0.016608845442533493, 0.04329252988100052, -0.32944968342781067, 133528.859375, 153438.875, 85709.1484375, 132035.40625, 142165.09375, 102725.203125, 0.17408493161201477, -2.01824951171875, -4.427298545837402, -1.9327043294906616, -5.705352783203125, -2.0376973152160645, 0.0, 0.0, 2.0, 2.9237918853759766, 0.0, 0.0, 0.0
38232, 1.1900522708892822, -0.21693605184555054, -0.026211798191070557, 0.03276221454143524, 0.036466918885707855, -0.3609304130077362, 133439.390625, 153458.328125, 85768.8203125, 131995.59375, 142175.96875, 102728.015625, 0.17408493161201477, -2.01824951171875, -4.427298545837402, -1.9327043294906616, -5.705352783203125, -2.0376973152160645, 0.0, 0.0, 2.0, 3.0283193588256836, 0.0, 0.0, 0.0
38252, 1.1911232471466064, -0.21696855127811432, -0.01811741292476654, 0.02301512472331524, 0.03288184478878975, -0.20029090344905853, 133466.40625, 153447.234375, 85736.6875, 132046.640625, 142164.59375, 102737.578125, 0.17408493161201477, -2.01824951171875, -4.427298545837402, -1.9327043294906616, -5.705352783203125, -2.0376973152160645, 0.0, 0.0, 2.0, 3.0294063091278076, 0.0, 0.0, 0.0
38272, 1.1912225484848022, -0.21614976227283478, -0.0221346914768219, 0.0030750504229217768, 0.04101292043924332, -0.2047000378370285, 133486.078125, 153440.328125, 85717.515625, 132015.796875, 142167.375, 102729.328125, 0.17408493161201477, -2.01824951171875, -4.427298545837402, -1.9327043294906616, -5.705352783203125, -2.0376973152160645, 0.0, 0.0, 2.0, 2.870347261428833, 0.0, 0.0, 0.0
38292, 1.1911818981170654, -0.21530380845069885, -0.026565000414848328, -0.005034564528614283, 0.03844812512397766, -0.234499990940094, 133444.5, 153458.75, 85750.7265625, 132006.234375, 142161.046875, 102725.203125, 0.17408493161201477, -2.01824951171875, -4.427298545837402, -1.9327043294906616, -5.705352783203125, -2.0376973152160645, 0.0, 0.0, 2.0, 2.899312973022461, 0.0, 0.0, 0.0
38312, 1.191480040550232, -0.21506841480731964, -0.018410401418805122, -0.0004373614792712033, 0.047757890075445175, -0.15646331012248993, 133383.09375, 153456.453125, 85817.7109375, 131955.703125, 142169.640625, 102738.3359375, 0.17408493161201477, -2.01824951171875, -4.427298545837402, -1.9327043294906616, -5.705352783203125, -2.0376973152160645, 0.0, 0.0, 2.0, 2.8792238235473633, 0.0, 0.0, 0.0
38332, 1.1913701295852661, -0.21430109441280365, -0.02144600637257099, -0.007331253029406071, 0.04254041984677315, -0.15705335140228271, 133427.515625, 153452.265625, 85769.3671875, 131929.9375, 142163.3125, 102730.078125, 0.17408493161201477, -2.01824951171875, -4.427298545837402, -1.9327043294906616, -5.705352783203125, -2.0376973152160645, 0.0, 0.0, 2.0, 2.8589210510253906, 0.0, 0.0, 0.0
38352, 1.1910017728805542, -0.21391837298870087, -0.012494871392846107, -0.013548720628023148, 0.04329006373882294, -0.09406159073114395, 133394.953125, 153458.75, 85812.0390625, 131932.765625, 142167.375, 102725.953125, 0.17408493161201477, -2.01824951171875, -4.427298545837402, -1.9327043294906616, -5.705352783203125, -2.0376973152160645, 0.0, 0.0, 2.0, 2.8476743698120117, 0.0, 0.0, 0.0
38372, 1.1907076835632324, -0.21314522624015808, -0.014300519600510597, -0.018775347620248795, 0.04202241078019142, -0.09446202218532562, 133396.609375, 153461.046875, 85800.6953125, 131908.09375, 142161.046875, 102730.078125, 0.17408493161201477, -2.01824951171875, -4.427298545837402, -1.9327043294906616, -5.705352783203125, -2.0376973152160645, 0.0, 0.0, 2.0, 2.844019889831543, 0.0, 0.0, 0.0
38392, 1.1899317502975464, -0.21258427202701569, -0.007235867902636528, -0.0272620040923357, 0.04258621856570244, -0.044488225132226944, 133443.28125, 153444.9375, 85746.1328125, 131956.875, 142162.8125, 102725.953125, 0.17408493161201477, -2.01824951171875, -4.427298545837402, -1.9327043294906616, -5.705352783203125, -2.0376973152160645, 0.0, 0.0, 2.0, 2.8296079635620117, 0.0, 0.0, 0.0
38412, 1.1892881393432617, -0.21191512048244476, -0.008140862919390202, -0.03447559475898743, 0.04137418791651726, -0.05001562833786011, 133413.40625, 153450.390625, 85776.3828125, 131964.1875, 142166.875, 102719.0078125, 0.17408493161201477, -2.01824951171875, -4.427298545837402, -1.9327043294906616, -5.705352783203125, -2.0376973152160645, 0.0, 0.0, 2.0, 2.82814359664917, 0.0, 0.0, 0.0
38432, 1.1884790658950806, -0.2113380879163742, -0.004057435318827629, -0.036441292613744736, 0.03798869252204895, -0.01955784112215042, 133492.21875, 153458.75, 85713.734375, 131990.53125, 142172.421875, 102732.140625, 0.17408493161201477, -2.01824951171875, -4.427298545837402, -1.9327043294906616, -5.705352783203125, -2.0376973152160645, 0.0, 0.0, 2.0, 2.825089454650879, 0.0, 0.0, 0.0
38452, 1.187701940536499, -0.21058401465415955, -0.004505358170717955, -0.04214632883667946, 0.03788665309548378, -0.022886399179697037, 133461.296875, 153441.171875, 85731.828125, 132028.6875, 142169.640625, 102725.953125, 0.17408493161201477, -2.01824951171875, -4.427298545837402, -1.9327043294906616, -5.705352783203125, -2.0376973152160645, 0.0, 0.0, 2.0, 2.8289098739624023, 0.0, 0.0, 0.0
38472, 1.186556100845337, -0.20977839827537537, -0.001405074493959546, -0.04990386217832565, 0.039442017674446106, -0.00328308017924428, 133467.453125, 153451.84375, 85730.75, 132010.140625, 142172.921875, 102745.0859375, 0.17408493161201477, -2.01824951171875, -4.427298545837402, -1.9327043294906616, -5.705352783203125, -2.0376973152160645, 0.0, 0.0, 2.0, 2.8220160007476807, 0.0, 0.0, 0.0
38492, 1.1856671571731567, -0.20934630930423737, -0.0014118199469521642, -0.05262747406959534, 0.03559733182191849, -0.002952761249616742, 133477.0625, 153451.84375, 85736.6875, 132021.953125, 142162.8125, 102731.390625, 0.17408493161201477, -2.01824951171875, -4.427298545837402, -1.9327043294906616, -5.705352783203125, -2.0376973152160645, 0.0, 0.0, 2.0, 2.823704719543457, 0.0, 0.0, 0.0
38512, 1.1843708753585815, -0.20858588814735413, 0.000984672224149108, -0.059976328164339066, 0.03674499690532684, 0.008188579231500626, 133410.109375, 153456.875, 85784.484375, 131970.921875, 142163.8125, 102735.515625, 0.17408493161201477, -2.01824951171875, -4.427298545837402, -1.9327043294906616, -5.705352783203125, -2.0376973152160645, 0.0, 0.0, 2.0, 2.817211389541626, 0.0, 0.0, 0.0
38532, 1.18400239944458, -0.20792806148529053, 0.0013230707263574004, -0.05339319258928299, 0.03239332139492035, 0.010975413024425507, 133425.265625, 153465.234375, 85762.0703125, 131977.640625, 142165.59375, 102734.203125, 0.17408493161201477, -2.01824951171875, -4.427298545837402, -1.9327043294906616, -5.705352783203125, -2.0376973152160645, 0.0, 0.0, 2.0, 2.8309571743011475, 0.0, 0.0, 0.0
38552, 1.1831274032592773, -0.20798715949058533, 0.0016205989522859454, -0.05541811138391495, 0.026443935930728912, 0.009847571142017841, 133386.984375, 153454.5625, 85785.5703125, 131939.5, 142156.5, 102730.078125, 0.17408493161201477, -2.01824951171875, -4.427298545837402, -1.9327043294906616, -5.705352783203125, -2.0376973152160645, 0.0, 0.0, 2.0, 2.821107864379883, 0.0, 0.0, 0.0
38572, 1.1823768615722656, -0.2071019411087036, 0.004124621860682964, -0.05546107888221741, 0.027222318574786186, 0.02309560775756836, 133402.75, 153464.203125, 85801.7734375, 131935.015625, 142160.546875, 102726.703125, 0.17408493161201477, -2.01824951171875, -4.427298545837402, -1.9327043294906616, -5.705352783203125, -2.0376973152160645, 0.0, 0.0, 2.0, 2.8281431198120117, 0.0, 0.0, 0.0
38592, 1.1814697980880737, -0.2067282348871231, 0.004593571648001671, -0.05844951793551445, 0.02568267285823822, 0.020517464727163315, 133389.25, 153457.296875, 85789.3515625, 131934.4375, 142165.09375, 102723.140625, 0.17408493161201477, -2.01824951171875, -4.427298545837402, -1.9327043294906616, -5.705352783203125, -2.0376973152160645, 0.0, 0.0, 2.0, 2.8397161960601807, 0.0, 0.0, 0.0
38612, 1.1802669763565063, -0.20621700584888458, 0.0046917456202209, -0.06442136317491531, 0.026114890351891518, 0.019569916650652885, 133431.421875, 153456.453125, 85764.2265625, 131932.1875, 142161.046875, 102723.890625, 0.17408493161201477, -2.01824951171875, -4.427298545837402, -1.9327043294906616, -5.705352783203125, -2.0376973152160645, 0.0, 0.0, 2.0, 2.832000494003296, 0.0, 0.0, 0.0
38632, 1.178918480873108, -0.20569002628326416, 0.00505601754412055, -0.07048347592353821, 0.026577774435281754, 0.019490648061037064, 133442.84375, 153452.6875, 85742.0859375, 131970.921875, 142165.59375, 102717.6953125, 0.17408493161201477, -2.01824951171875, -4.427298545837402, -1.9327043294906616, -5.705352783203125, -2.0376973152160645, 0.0, 0.0, 2.0, 2.8383233547210693, 0.0, 0.0, 0.0
38652, 1.1780012845993042, -0.2049993872642517, 0.005807083565741777, -0.07098406553268433, 0.026521064341068268, 0.01852150447666645, 133446.75, 153449.53125, 85740.1953125, 131974.234375, 142160.546875, 102727.265625, 0.17408493161201477, -2.01824951171875, -4.427298545837402, -1.9327043294906616, -5.705352783203125, -2.0376973152160645, 0.0, 0.0, 2.0, 2.851539373397827, 0.0, 0.0, 0.0
38672, 1.1774712800979614, -0.20448888838291168, 0.006320691201835871, -0.06822025030851364, 0.024672169238328934, 0.02289307862520218, 133502.4375, 153454.5625, 85698.6171875, 132006.8125, 142158.265625, 102727.265625, 0.17408493161201477, -2.01824951171875, -4.427298545837402, -1.9327043294906616, -5.705352783203125, -2.0376973152160645, 0.0, 0.0, 2.0, 2.8644251823425293, 0.0, 0.0, 0.0
38692, 1.1762282848358154, -0.20469756424427032, 0.005749192554503679, -0.07227306813001633, 0.020781051367521286, 0.013713539578020573, 133448.390625, 153458.75, 85745.328125, 132031.5, 142159.265625, 102723.890625, 0.17408493161201477, -2.01824951171875, -4.427298545837402, -1.9327043294906616, -5.705352783203125, -2.0376973152160645, 0.0, 0.0, 2.0, 2.8599088191986084, 0.0, 0.0, 0.0
38712, 1.1765978336334229, -0.20429342985153198, 0.006230836268514395, -0.06292964518070221, 0.01766015961766243, 0.01688394322991371, 133479.3125, 153454.140625, 85720.21875, 131997.265625, 142158.765625, 102738.3359375, 0.17408493161201477, -2.01824951171875, -4.427298545837402, -1.9327043294906616, -5.705352783203125, -2.0376973152160645, 0.0, 0.0, 2.0, 2.8756580352783203, 0.0, 0.0, 0.0
38732, 1.176265835762024, -0.20395176112651825, 0.005579173099249601, -0.06072430685162544, 0.016236530616879463, 0.010247004218399525, 133439.390625, 153447.65625, 85741.0078125, 131996.109375, 142154.21875, 102738.3359375, 0.17408493161201477, -2.01824951171875, -4.427298545837402, -1.9327043294906616, -5.705352783203125, -2.0376973152160645, 0.0, 0.0, 2.0, 2.8913192749023438, 0.0, 0.0, 0.0
38752, 1.1750011444091797, -0.20362575352191925, 0.005786482244729996, -0.06570298969745636, 0.016361940652132034, 0.008244913071393967, 133396.0, 153459.59375, 85800.9609375, 131965.84375, 142164.59375, 102732.140625, 0.17408493161201477, -2.01824951171875, -4.427298545837402, -1.9327043294906616, -5.705352783203125, -2.0376973152160645, 0.0, 0.0, 2.0, 2.889660596847534, 0.0, 0.0, 0.0
38772, 1.1749727725982666, -0.2032192349433899, 0.0048883529379963875, -0.0616937056183815, 0.015231660567224026, 0.004699613433331251, 133418.515625, 153457.296875, 85768.5546875, 131951.796875, 142160.546875, 102729.515625, 0.17408493161201477, -2.01824951171875, -4.427298545837402, -1.9327043294906616, -5.705352783203125, -2.0376973152160645, 0.0, 0.0, 2.0, 2.9037697315216064, 0.0, 0.0, 0.0
38792, 1.175157070159912, -0.20295709371566772, 0.005026962608098984, -0.05646735802292824, 0.013253473676741123, 0.001779421349056065, 133389.84375, 153460.625, 85790.1640625, 131940.578125, 142158.765625, 102728.015625, 0.17408493161201477, -2.01824951171875, -4.427298545837402, -1.9327043294906616, -5.705352783203125, -2.0376973152160645, 0.0, 0.0, 2.0, 2.919764757156372, 0.0, 0.0, 0.0
38812, 1.1751675605773926, -0.20303447544574738, 0.005165757145732641, -0.05309491604566574, 0.010087169706821442, 0.004814524203538895, 133417.90625, 153452.6875, 85767.4765625, 131937.25, 142152.4375, 102723.890625, 0.17408493161201477, -2.01824951171875, -4.427298545837402, -1.9327043294906616, -5.705352783203125, -2.0376973152160645, 0.0, 0.0, 2.0, 2.9225175380706787, 0.0, 0.0, 0.0
38832, 1.1752930879592896, -0.20285895466804504, 0.004790485370904207, -0.04948745295405388, 0.008582424372434616, 0.00101405696477741, 133419.125, 153447.65625, 85747.7578125, 131949.5625, 142162.328125, 102711.5078125, 0.17408493161201477, -2.01824951171875, -4.427298545837402, -1.9327043294906616, -5.705352783203125, -2.0376973152160645, 0.0, 0.0, 2.0, 2.943413496017456, 0.0, 0.0, 0.0
38852, 1.1752771139144897, -0.20241494476795197, 0.004876703955233097, -0.04709618166089058, 0.008840800262987614, 0.0014722211053594947, 133446.140625, 153447.234375, 85747.7578125, 131948.46875, 142160.046875, 102709.4453125, 0.17408493161201477, -2.01824951171875, -4.427298545837402, -1.9327043294906616, -5.705352783203125, -2.0376973152160645, 0.0, 0.0, 2.0, 2.950911045074463, 0.0, 0.0, 0.0
38872, 1.1742749214172363, -0.2022317796945572, 0.004522568080574274, -0.05110679194331169, 0.008770394138991833, 0.00020206074987072498, 133500.1875, 153447.65625, 85708.0703125, 131990.53125, 142154.71875, 102721.0703125, 0.17408493161201477, -2.01824951171875, -4.427298545837402, -1.9327043294906616, -5.705352783203125, -2.0376973152160645, 0.0, 0.0, 2.0, 2.953216552734375, 0.0, 0.0, 0.0
38892, 1.1741282939910889, -0.20198588073253632, 0.004562740679830313, -0.049183331429958344, 0.008212627843022346, -0.0017984104342758656, 133459.046875, 153449.96875, 85737.5, 132000.09375, 142158.765625, 102721.0703125, 0.17408493161201477, -2.01824951171875, -4.427298545837402, -1.9327043294906616, -5.705352783203125, -2.0376973152160645, 0.0, 0.0, 2.0, 2.9634578227996826, 0.0, 0.0, 0.0
38912, 1.1741360425949097, -0.20170167088508606, 0.0047677247785031796, -0.046497080475091934, 0.007837646640837193, 0.002194632077589631, 133482.171875, 153448.078125, 85733.984375, 132014.640625, 142158.765625, 102723.328125, 0.17408493161201477, -2.01824951171875, -4.427298545837402, -1.9327043294906616, -5.705352783203125, -2.0376973152160645, 0.0, 0.0, 2.0, 2.966063976287842, 0.0, 0.0, 0.0
38932, 1.1735405921936035, -0.20166194438934326, 0.004794870503246784, -0.04781131073832512, 0.006803248077630997, -0.0006360535626299679, 133438.78125, 153452.265625, 85746.1328125, 132013.546875, 142156.984375, 102730.078125, 0.17408493161201477, -2.01824951171875, -4.427298545837402, -1.9327043294906616, -5.705352783203125, -2.0376973152160645, 0.0, 0.0, 2.0, 2.9729952812194824, 0.0, 0.0, 0.0
38952, 1.1734256744384766, -0.2021215707063675, 0.004925044719129801, -0.045950133353471756, 0.002647948684170842, 0.002040836028754711, 133450.640625, 153445.78125, 85742.3515625, 131987.203125, 142159.265625, 102741.1484375, 0.17408493161201477, -2.01824951171875, -4.427298545837402, -1.9327043294906616, -5.705352783203125, -2.0376973152160645, 0.0, 0.0, 2.0, 2.966698408126831, 0.0, 0.0, 0.0
38972, 1.173303484916687, -0.20176593959331512, 0.004969422705471516, -0.04444974288344383, 0.003462728811427951, 0.0015955583658069372, 133407.25, 153459.59375, 85776.3828125, 131973.15625, 142154.71875, 102730.828125, 0.17408493161201477, -2.01824951171875, -4.427298545837402, -1.9327043294906616, -5.705352783203125, -2.0376973152160645, 0.0, 0.0, 2.0, 2.9779975414276123, 0.0, 0.0, 0.0
38992, 1.173148274421692, -0.20162703096866608, 0.004632384981960058, -0.0432700552046299, 0.0031049828976392746, -0.001333138206973672, 133392.703125, 153457.296875, 85781.7890625, 131950.71875, 142147.890625, 102725.953125, 0.17408493161201477, -2.01824951171875, -4.427298545837402, -1.9327043294906616, -5.705352783203125, -2.0376973152160645, 0.0, 0.0, 2.0, 2.9820051193237305, 0.0, 0.0, 0.0
39012, 1.1722502708435059, -0.20156729221343994, 0.00461581302806735, -0.04653890058398247, 0.002873756689950824, 0.0011469132732599974, 133414.015625, 153456.875, 85768.5546875, 131937.25, 142156.5, 102726.703125, 0.17408493161201477, -2.01824951171875, -4.427298545837402, -1.9327043294906616, -5.705352783203125, -2.0376973152160645, 0.0, 0.0, 2.0, 2.9774179458618164, 0.0, 0.0, 0.0
39032, 1.1716867685317993, -0.201542928814888, 0.004770552273839712, -0.04739970713853836, 0.0022163232788443565, -0.0011827957350760698, 133393.75, 153454.5625, 85785.5703125, 131940.078125, 142154.71875, 102713.5703125, 0.17408493161201477, -2.01824951171875, -4.427298545837402, -1.9327043294906616, -5.705352783203125, -2.0376973152160645, 0.0, 0.0, 2.0, 2.987250328063965, 0.0, 0.0, 0.0
39052, 1.172666072845459, -0.20132151246070862, 0.004854114726185799, -0.03939427435398102, 0.0018514045514166355, 0.0023764080833643675, 133433.84375, 153452.265625, 85736.4140625, 131940.65625, 142155.21875, 102721.828125, 0.17408493161201477, -2.01824951171875, -4.427298545837402, -1.9327043294906616, -5.705352783203125, -2.0376973152160645, 0.0, 0.0, 2.0, 2.991173505783081, 0.0, 0.0, 0.0
39072, 1.172108769416809, -0.20107054710388184, 0.004880459047853947, -0.040771033614873886, 0.002564921509474516, 0.0004446508828550577, 133433.671875, 153456.875, 85748.5703125, 131965.265625, 142161.046875, 102712.8203125, 0.17408493161201477, -2.01824951171875, -4.427298545837402, -1.9327043294906616, -5.705352783203125, -2.0376973152160645, 0.0, 0.0, 2.0, 2.999131679534912, 0.0, 0.0, 0.0
39092, 1.172500729560852, -0.20096150040626526, 0.004575938452035189, -0.03678581491112709, 0.0020533804781734943, -0.0009007542976178229, 133460.25, 153441.171875, 85739.3828125, 131964.765625, 142156.984375, 102720.515625, 0.17408493161201477, -2.01824951171875, -4.427298545837402, -1.9327043294906616, -5.705352783203125, -2.0376973152160645, 0.0, 0.0, 2.0, 3.0018808841705322, 0.0, 0.0, 0.0
39112, 1.171739101409912, -0.20092277228832245, 0.004549235571175814, -0.03937721252441406, 0.001813248498365283, -0.00039312607259489596, 133482.78125, 153452.265625, 85702.3984375, 131990.53125, 142161.546875, 102719.765625, 0.17408493161201477, -2.01824951171875, -4.427298545837402, -1.9327043294906616, -5.705352783203125, -2.0376973152160645, 0.0, 0.0, 2.0, 3.00124454498291, 0.0, 0.0, 0.0
39132, 1.1711760759353638, -0.20062054693698883, 0.005151573568582535, -0.04054060950875282, 0.0030661695636808872, 0.0012172689894214272, 133445.53125, 153449.96875, 85733.71875, 132002.328125, 142154.21875, 102728.015625, 0.17408493161201477, -2.01824951171875, -4.427298545837402, -1.9327043294906616, -5.705352783203125, -2.0376973152160645, 0.0, 0.0, 2.0, 3.0027387142181396, 0.0, 0.0, 0.0
39152, 1.171057105064392, -0.20084257423877716, 0.00521667068824172, -0.03923587501049042, 0.0009718994842842221, 0.0030531997326761484, 133451.25, 153443.90625, 85735.609375, 131996.1875, 142158.765625, 102732.890625, 0.17408493161201477, -2.01824951171875, -4.427298545837402, -1.9327043294906616, -5.705352783203125, -2.0376973152160645, 0.0, 0.0, 2.0, 3.0019237995147705, 0.0, 0.0, 0.0
39172, 1.171075463294983, -0.2007768601179123, 0.004767511505633593, -0.03735834360122681, 0.0006961868493817747, -0.001719408086501062, 133418.515625, 153452.6875, 85757.2109375, 131991.109375, 142162.8125, 102734.203125, 0.17408493161201477, -2.01824951171875, -4.427298545837402, -1.9327043294906616, -5.705352783203125, -2.0376973152160645, 0.0, 0.0, 2.0, 3.0100886821746826, 0.0, 0.0, 0.0
39192, 1.1710238456726074, -0.2006961554288864, 0.00477490434423089, -0.03596712276339531, 0.0006070826784707606, -0.0009179082117043436, 133411.765625, 153452.6875, 85771.5234375, 131968.671875, 142156.984375, 102738.3359375, 0.17408493161201477, -2.01824951171875, -4.427298545837402, -1.9327043294906616, -5.705352783203125, -2.0376973152160645, 0.0, 0.0, 2.0, 3.0076467990875244, 0.0, 0.0, 0.0
39212, 1.1705344915390015, -0.20069362223148346, 0.0048353648744523525, -0.036965109407901764, 0.0002449628373142332, -0.0008847459685057402, 133405.609375, 153463.78125, 85765.0390625, 131946.8125, 142159.265625, 102729.515625, 0.17408493161201477, -2.01824951171875, -4.427298545837402, -1.9327043294906616, -5.705352783203125, -2.0376973152160645, 0.0, 0.0, 2.0, 3.010869264602661, 0.0, 0.0, 0.0
39232, 1.1707777976989746, -0.20064093172550201, 0.004848301876336336, -0.033984020352363586, -2.531891550461296e-05, -0.002119337674230337, 133388.796875, 153450.8125, 85787.4609375, 131939.5, 142152.4375, 102722.578125, 0.17408493161201477, -2.01824951171875, -4.427298545837402, -1.9327043294906616, -5.705352783203125, -2.0376973152160645, 0.0, 0.0, 2.0, 3.016629219055176, 0.0, 0.0, 0.0
39252, 1.1710410118103027, -0.20082123577594757, 0.004904078785330057, -0.03091491013765335, -0.0016786293126642704, 4.04228012484964e-05, 133412.359375, 153448.078125, 85748.0234375, 131938.921875, 142154.71875, 102721.828125, 0.17408493161201477, -2.01824951171875, -4.427298545837402, -1.9327043294906616, -5.705352783203125, -2.0376973152160645, 0.0, 0.0, 2.0, 3.0238611698150635, 0.0, 0.0, 0.0
39272, 1.1708767414093018, -0.2005830854177475, 0.0048856050707399845, -0.030378418043255806, -0.00038159365067258477, -0.002877943916246295, 133430.984375, 153452.6875, 85728.859375, 131946.234375, 142157.484375, 102713.015625, 0.17408493161201477, -2.01824951171875, -4.427298545837402, -1.9327043294906616, -5.705352783203125, -2.0376973152160645, 0.0, 0.0, 2.0, 3.0229458808898926, 0.0, 0.0, 0.0
39292, 1.1694763898849487, -0.20092278718948364, 0.004897796083241701, -0.0362493060529232, -0.0024009901098906994, -0.0008605568436905742, 133439.390625, 153450.390625, 85737.5, 131943.984375, 142161.546875, 102719.765625, 0.17408493161201477, -2.01824951171875, -4.427298545837402, -1.9327043294906616, -5.705352783203125, -2.0376973152160645, 0.0, 0.0, 2.0, 3.0228028297424316, 0.0, 0.0, 0.0
39312, 1.1703300476074219, -0.2005768120288849, 0.004892802331596613, -0.029998499900102615, -0.0005907370359636843, -0.0018331421306356788, 133452.296875, 153452.265625, 85725.890625, 131975.40625, 142153.4375, 102714.3203125, 0.17408493161201477, -2.01824951171875, -4.427298545837402, -1.9327043294906616, -5.705352783203125, -2.0376973152160645, 0.0, 0.0, 2.0, 3.0274012088775635, 0.0, 0.0, 0.0
39332, 1.1699988842010498, -0.2010541558265686, 0.004876989871263504, -0.030221981927752495, -0.0037493242416530848, -0.0020792169962078333, 133473.171875, 153445.359375, 85713.734375, 131984.375, 142159.765625, 102721.828125, 0.17408493161201477, -2.01824951171875, -4.427298545837402, -1.9327043294906616, -5.705352783203125, -2.0376973152160645, 0.0, 0.0, 2.0, 3.0298264026641846, 0.0, 0.0, 0.0
39352, 1.170843482017517, -0.2003338783979416, 0.004915870726108551, -0.024299610406160355, 0.0007160393288359046, -0.0007154005579650402, 133461.90625, 153448.078125, 85709.1484375, 131997.84375, 142154.21875, 102722.578125, 0.17408493161201477, -2.01824951171875, -4.427298545837402, -1.9327043294906616, -5.705352783203125, -2.0376973152160645, 0.0, 0.0, 2.0, 3.029118776321411, 0.0, 0.0, 0.0
39372, 1.1707490682601929, -0.20053881406784058, 0.0048911659978330135, -0.023730123415589333, -0.000910142669454217, -0.0032848233822733164, 133437.140625, 153450.8125, 85739.1171875, 131997.84375, 142152.4375, 102726.703125, 0.17408493161201477, -2.01824951171875, -4.427298545837402, -1.9327043294906616, -5.705352783203125, -2.0376973152160645, 0.0, 0.0, 2.0, 3.0339365005493164, 0.0, 0.0, 0.0
39392, 1.1707854270935059, -0.20053435862064362, 0.004904898814857006, -0.022466903552412987, -0.0010790831875056028, -0.0009640671778470278, 133435.484375, 153449.96875, 85732.640625, 131982.71875, 142148.390625, 102736.265625, 0.17408493161201477, -2.01824951171875, -4.427298545837402, -1.9327043294906616, -5.705352783203125, -2.0376973152160645, 0.0, 0.0, 2.0, 3.0320634841918945, 0.0, 0.0, 0.0
39412, 1.1714167594909668, -0.20069868862628937, 0.004889046773314476, -0.017909297719597816, -0.0022894975263625383, -0.0024893139488995075, 133407.859375, 153456.453125, 85766.6640625, 131977.0625, 142152.4375, 102726.703125, 0.17408493161201477, -2.01824951171875, -4.427298545837402, -1.9327043294906616, -5.705352783203125, -2.0376973152160645, 0.0, 0.0, 2.0, 3.0377769470214844, 0.0, 0.0, 0.0
39432, 1.171043038368225, -0.20075184106826782, 0.004913040902465582, -0.01921103708446026, -0.0025799721479415894, -0.0016185747226700187, 133401.703125, 153455.421875, 85761.8046875, 131950.71875, 142157.484375, 102730.2734375, 0.17408493161201477, -2.01824951171875, -4.427298545837402, -1.9327043294906616, -5.705352783203125, -2.0376973152160645, 0.0, 0.0, 2.0, 3.035503625869751, 0.0, 0.0, 0.0
39452, 1.1706403493881226, -0.20057600736618042, 0.004872867837548256, -0.020522743463516235, -0.001333090360276401, -0.0007996396743692458, 133407.859375, 153450.8125, 85753.4296875, 131935.59375, 142161.546875, 102728.765625, 0.17408493161201477, -2.01824951171875, -4.427298545837402, -1.9327043294906616, -5.705352783203125, -2.0376973152160645, 0.0, 0.0, 2.0, 3.03702712059021, 0.0, 0.0, 0.0
39472, 1.1707888841629028, -0.20075859129428864, 0.004501898307353258, -0.018686920404434204, -0.002627847483381629, -0.004773428197950125, 133403.359375, 153452.265625, 85759.1015625, 131946.8125, 142152.9375, 102716.3828125, 0.17408493161201477, -2.01824951171875, -4.427298545837402, -1.9327043294906616, -5.705352783203125, -2.0376973152160645, 0.0, 0.0, 2.0, 3.0353806018829346, 0.0, 0.0, 0.0
39492, 1.1706161499023438, -0.2005603164434433, 0.004424164071679115, -0.0187585037201643, -0.0012357349041849375, -0.0028247246518731117, 133434.875, 153448.078125, 85720.21875, 131949.0625, 142154.71875, 102718.453125, 0.17408493161201477, -2.01824951171875, -4.427298545837402, -1.9327043294906616, -5.705352783203125, -2.0376973152160645, 0.0, 0.0, 2.0, 3.0355069637298584, 0.0, 0.0, 0.0
39512, 1.1702415943145752, -0.20058493316173553, 0.0037903496995568275, -0.019855041056871414, -0.001435177051462233, -0.007681065239012241, 133446.140625, 153441.59375, 85729.9375, 131959.703125, 142148.390625, 102711.5078125, 0.17408493161201477, -2.01824951171875, -4.427298545837402, -1.9327043294906616, -5.705352783203125, -2.0376973152160645, 0.0, 0.0, 2.0, 3.03298020362854, 0.0, 0.0, 0.0
39532, 1.1698333024978638, -0.20061561465263367, 0.0036571810487657785, -0.020969437435269356, -0.0016387618379667401, -0.006803600117564201, 133451.25, 153441.59375, 85716.4375, 131956.375, 142152.9375, 102710.9453125, 0.17408493161201477, -2.01824951171875, -4.427298545837402, -1.9327043294906616, -5.705352783203125, -2.0376973152160645, 0.0, 0.0, 2.0, 3.031759738922119, 0.0, 0.0, 0.0
39552, 1.1700721979141235, -0.20105209946632385, 0.004104962106794119, -0.018734004348516464, -0.004576138220727444, -0.004635735414922237, 133479.921875, 153449.96875, 85701.3203125, 131985.546875, 142152.4375, 102706.8203125, 0.17408493161201477, -2.01824951171875, -4.427298545837402, -1.9327043294906616, -5.705352783203125, -2.0376973152160645, 0.0, 0.0, 2.0, 3.0409374237060547, 0.0, 0.0, 0.0
39572, 1.1699398756027222, -0.20089663565158844, 0.004022892564535141, -0.018475275486707687, -0.003276245202869177, -0.0051591345109045506, 133446.140625, 153450.390625, 85724.0, 131993.359375, 142166.09375, 102720.515625, 0.17408493161201477, -2.01824951171875, -4.427298545837402, -1.9327043294906616, -5.705352783203125, -2.0376973152160645, 0.0, 0.0, 2.0, 3.0336787700653076, 0.0, 0.0, 0.0
39592, 1.1695271730422974, -0.20096199214458466, 0.003932524472475052, -0.01961718127131462, -0.003501485800370574, -0.0036008052993565798, 133455.15625, 153439.71875, 85719.140625, 131988.875, 142147.890625, 102726.703125, 0.17408493161201477, -2.01824951171875, -4.427298545837402, -1.9327043294906616, -5.705352783203125, -2.0376973152160645, 0.0, 0.0, 2.0, 3.0388777256011963, 0.0, 0.0, 0.0
39612, 1.1697771549224854, -0.2009762078523636, 0.003453247481957078, -0.01746075414121151, -0.003427568357437849, -0.007493050303310156, 133420.328125, 153456.875, 85736.1484375, 131988.359375, 142158.765625, 102728.765625, 0.17408493161201477, -2.01824951171875, -4.427298545837402, -1.9327043294906616, -5.705352783203125, -2.0376973152160645, 0.0, 0.0, 2.0, 3.037083625793457, 0.0, 0.0, 0.0
39632, 1.1694186925888062, -0.20104718208312988, 0.0033254465088248253, -0.018392937257885933, -0.003665010677650571, -0.005474312696605921, 133421.375, 153450.390625, 85735.3359375, 131963.09375, 142159.265625, 102732.890625, 0.17408493161201477, -2.01824951171875, -4.427298545837402, -1.9327043294906616, -5.705352783203125, -2.0376973152160645, 0.0, 0.0, 2.0, 3.0395216941833496, 0.0, 0.0, 0.0
39652, 1.169373631477356, -0.20076227188110352, 0.0038904473185539246, -0.017736751586198807, -0.0017082459526136518, -0.003357606241479516, 133410.109375, 153461.484375, 85759.9140625, 131962.515625, 142151.15625, 102725.390625, 0.17408493161201477, -2.01824951171875, -4.427298545837402, -1.9327043294906616, -5.705352783203125, -2.0376973152160645, 0.0, 0.0, 2.0, 3.0393106937408447, 0.0, 0.0, 0.0
39672, 1.1689573526382446, -0.2008156180381775, 0.003828163491562009, -0.018845876678824425, -0.0020084825810045004, -0.0032594555523246527, 133401.109375, 153463.78125, 85757.2109375, 131946.8125, 142153.9375, 102722.578125, 0.17408493161201477, -2.01824951171875, -4.427298545837402, -1.9327043294906616, -5.705352783203125, -2.0376973152160645, 0.0, 0.0, 2.0, 3.035400867462158, 0.0, 0.0, 0.0
39692, 1.1693426370620728, -0.2007690817117691, 0.0034403956960886717, -0.01617221161723137, -0.0017233422258868814, -0.004134677350521088, 133408.46875, 153453.109375, 85741.2734375, 131946.234375, 142160.546875, 102719.765625, 0.17408493161201477, -2.01824951171875, -4.427298545837402, -1.9327043294906616, -5.705352783203125, -2.0376973152160645, 0.0, 0.0, 2.0, 3.038719654083252, 0.0, 0.0, 0.0
39712, 1.1696468591690063, -0.200765922665596, 0.0033442536368966103, -0.014013249427080154, -0.0015605671796947718, -0.006139039993286133, 133409.0625, 153452.6875, 85743.1640625, 131950.71875, 142161.546875, 102706.8203125, 0.17408493161201477, -2.01824951171875, -4.427298545837402, -1.9327043294906616, -5.705352783203125, -2.0376973152160645, 0.0, 0.0, 2.0, 3.0383553504943848, 0.0, 0.0, 0.0
39732, 1.1693675518035889, -0.20079731941223145, 0.002722265664488077, -0.014659234322607517, -0.0017455953639000654, -0.00749274343252182, 133452.890625, 153448.078125, 85708.0703125, 131956.375, 142154.71875, 102713.5703125, 0.17408493161201477, -2.01824951171875, -4.427298545837402, -1.9327043294906616, -5.705352783203125, -2.0376973152160645, 0.0, 0.0, 2.0, 3.0374789237976074, 0.0, 0.0, 0.0
39752, 1.1693034172058105, -0.2010752111673355, 0.002556647639721632, -0.014327014796435833, -0.003242823760956526, -0.008575391955673695, 133446.75, 153452.265625, 85717.515625, 131978.234375, 142152.9375, 102716.3828125, 0.17408493161201477, -2.01824951171875, -4.427298545837402, -1.9327043294906616, -5.705352783203125, -2.0376973152160645, 0.0, 0.0, 2.0, 3.041388511657715, 0.0, 0.0, 0.0
39772, 1.1697804927825928, -0.2010377049446106, 0.0030076566617935896, -0.011288514360785484, -0.00279533420689404, -0.0047400351613759995, 133466.40625, 153446.203125, 85702.3984375, 131979.890625, 142149.390625, 102716.9453125, 0.17408493161201477, -2.01824951171875, -4.427298545837402, -1.9327043294906616, -5.705352783203125, -2.0376973152160645, 0.0, 0.0, 2.0, 3.03727650642395, 0.0, 0.0, 0.0
39792, 1.1698917150497437, -0.20103409886360168, 0.0029061324894428253, -0.010179589502513409, -0.0026491456665098667, -0.005055348388850689, 133464.15625, 153448.5, 85704.2890625, 131993.9375, 142156.984375, 102715.078125, 0.17408493161201477, -2.01824951171875, -4.427298545837402, -1.9327043294906616, -5.705352783203125, -2.0376973152160645, 0.0, 0.0, 2.0, 3.0381462574005127, 0.0, 0.0, 0.0
39812, 1.1694879531860352, -0.20111382007598877, 0.00327797862701118, -0.01160996500402689, -0.002999404212459922, -0.003041408956050873, 133429.78125, 153455.0, 85725.890625, 131989.453125, 142150.671875, 102723.890625, 0.17408493161201477, -2.01824951171875, -4.427298545837402, -1.9327043294906616, -5.705352783203125, -2.0376973152160645, 0.0, 0.0, 2.0, 3.0377674102783203, 0.0, 0.0, 0.0
39832, 1.1697620153427124, -0.2011360079050064, 0.003231484442949295, -0.00980123970657587, -0.003000830067321658, -0.0017480298411101103, 133424.828125, 153448.078125, 85729.671875, 131986.625, 142158.765625, 102727.453125, 0.17408493161201477, -2.01824951171875, -4.427298545837402, -1.9327043294906616, -5.705352783203125, -2.0376973152160645, 0.0, 0.0, 2.0, 3.040851593017578, 0.0, 0.0, 0.0
39852, 1.1695568561553955, -0.20119927823543549, 0.0034957164898514748, -0.010334029793739319, -0.0032133429776877165, -0.00132811872754246, 133399.453125, 153453.109375, 85752.3515625, 131975.40625, 142152.4375, 102725.390625, 0.17408493161201477, -2.01824951171875, -4.427298545837402, -1.9327043294906616, -5.705352783203125, -2.0376973152160645, 0.0, 0.0, 2.0, 3.0420801639556885, 0.0, 0.0, 0.0
39872, 1.169912338256836, -0.2012210488319397, 0.003487817943096161, -0.003399956040084362, -0.003855758812278509, -0.0007678859401494265, 133410.71875, 153450.390625, 85754.2421875, 131958.03125, 142155.21875, 102735.7109375, 0.17408493161201477, -2.01824951171875, -4.427298545837402, -1.9327043294906616, -5.705352783203125, -2.0376973152160645, 0.0, 0.0, 2.0, 3.0407795906066895, 0.0, 0.0, 0.0
39892, 1.1696182489395142, -0.20062009990215302, 0.0034636175259947777, 0.003759701270610094, 0.00016895969747565687, -0.0005807965062558651, 133401.109375, 153451.234375, 85743.9765625, 131955.203125, 142148.890625, 102719.203125, 0.17408493161201477, -2.01824951171875, -4.427298545837402, -1.9327043294906616, -5.705352783203125, -2.0376973152160645, 0.0, 0.0, 2.0, 3.027811050415039, 0.0, 0.0, 0.0
39912, 1.169274926185608, -0.2009243369102478, 0.0032605468295514584, 0.010651182383298874, -0.0006726872525177896, -0.00252662249840796, 133403.96875, 153456.875, 85744.7890625, 131945.15625, 142150.171875, 102713.015625, 0.17408493161201477, -2.01824951171875, -4.427298545837402, -1.9327043294906616, -5.705352783203125, -2.0376973152160645, 0.0, 0.0, 2.0, 3.0230166912078857, 0.0, 0.0, 0.0
39932, 1.1697869300842285, -0.20061315596103668, 0.0032133113127201796, 0.021175142377614975, 0.002253554994240403, -0.0012769572203978896, 133435.484375, 153442.015625, 85717.515625, 131950.71875, 142152.4375, 102711.5078125, 0.17408493161201477, -2.01824951171875, -4.427298545837402, -1.9327043294906616, -5.705352783203125, -2.0376973152160645, 0.0, 0.0, 2.0, 3.0181055068969727, 0.0, 0.0, 0.0
39952, 1.1699227094650269, -0.2008514404296875, 0.0035218854900449514, 0.028424153104424477, 0.0010027186945080757, -0.0007891625864431262, 133443.890625, 153445.78125, 85714.546875, 131960.28125, 142152.9375, 102710.1953125, 0.17408493161201477, -2.01824951171875, -4.427298545837402, -1.9327043294906616, -5.705352783203125, -2.0376973152160645, 0.0, 0.0, 2.0, 3.014187812805176, 0.0, 0.0, 0.0
39972, 1.1705769300460815, -0.2008284479379654, 0.003521432401612401, 0.03682563081383705, 0.0015062934253364801, 0.0006221972871571779, 133467.609375, 153439.296875, 85703.2109375, 131969.25, 142159.265625, 102710.1953125, 0.17408493161201477, -2.01824951171875, -4.427298545837402, -1.9327043294906616, -5.705352783203125, -2.0376973152160645, 0.0, 0.0, 2.0, 3.01088809967041, 0.0, 0.0, 0.0
39992, 1.1714122295379639, -0.2007971704006195, 0.00411517359316349, 0.04641324654221535, 0.002574052894487977, 0.0023806917015463114, 133448.390625, 153443.90625, 85706.1796875, 131980.46875, 142152.9375, 102708.8828125, 0.17408493161201477, -2.01824951171875, -4.427298545837402, -1.9327043294906616, -5.705352783203125, -2.0376973152160645, 0.0, 0.0, 2.0, 3.0058486461639404, 0.0, 0.0, 0.0
40012, 1.17063570022583, -0.20082421600818634, 0.004252275917679071, 0.04771164059638977, 0.0030207920353859663, 0.0031361940782517195, 133464.15625, 153438.875, 85704.2890625, 131979.390625, 142157.484375, 102718.453125, 0.17408493161201477, -2.01824951171875, -4.427298545837402, -1.9327043294906616, -5.705352783203125, -2.0376973152160645, 0.0, 0.0, 2.0, 2.997666835784912, 0.0, 0.0, 0.0
40032, 1.1710362434387207, -0.20078597962856293, 0.005010600667446852, 0.05335155501961708, 0.0027606559451669455, 0.006740002892911434, 133439.984375, 153448.078125, 85719.40625, 131986.625, 142146.109375, 102724.640625, 0.17408493161201477, -2.01824951171875, -4.427298545837402, -1.9327043294906616, -5.705352783203125, -2.0376973152160645, 0.0, 0.0, 2.0, 2.9949209690093994, 0.0, 0.0, 0.0
40052, 1.1722569465637207, -0.20071910321712494, 0.005144782830029726, 0.0628514513373375, 0.0038470036815851927, 0.005750203505158424, 133412.96875, 153448.9375, 85738.3046875, 131987.78125, 142156.5, 102721.265625, 0.17408493161201477, -2.01824951171875, -4.427298545837402, -1.9327043294906616, -5.705352783203125, -2.0376973152160645, 0.0, 0.0, 2.0, 2.9889893531799316, 0.0, 0.0, 0.0
40072, 1.1735962629318237, -0.2006426304578781, 0.005197622813284397, 0.07151996344327927, 0.0038235282991081476, 0.00657579954713583, 133412.96875, 153461.046875, 85735.3359375, 131979.890625, 142155.21875, 102731.578125, 0.17408493161201477, -2.01824951171875, -4.427298545837402, -1.9327043294906616, -5.705352783203125, -2.0376973152160645, 0.0, 0.0, 2.0, 2.984694719314575, 0.0, 0.0, 0.0
40092, 1.1719470024108887, -0.20154781639575958, 0.005463282577693462, 0.06695418059825897, 0.0002765493409242481, 0.005640477407723665, 133401.703125, 153447.046875, 85752.6171875, 131960.859375, 142156.984375, 102727.453125, 0.17408493161201477, -2.01824951171875, -4.427298545837402, -1.9327043294906616, -5.705352783203125, -2.0376973152160645, 0.0, 0.0, 2.0, 2.986006498336792, 0.0, 0.0, 0.0
40112, 1.1712068319320679, -0.2011314034461975, 0.004636477213352919, 0.06640400737524033, 0.0031906927470117807, 0.0014587107580155134, 133401.703125, 153450.8125, 85742.0859375, 131949.0625, 142159.265625, 102726.140625, 0.17408493161201477, -2.01824951171875, -4.427298545837402, -1.9327043294906616, -5.705352783203125, -2.0376973152160645, 0.0, 0.0, 2.0, 2.9752016067504883, 0.0, 0.0, 0.0
40132, 1.1715365648269653, -0.20114298164844513, 0.004706851206719875, 0.070183664560318, 0.0019047219539061189, 0.0022084165830165148, 133403.96875, 153455.0, 85733.4453125, 131951.875, 142153.4375, 102709.640625, 0.17408493161201477, -2.01824951171875, -4.427298545837402, -1.9327043294906616, -5.705352783203125, -2.0376973152160645, 0.0, 0.0, 2.0, 2.9724693298339844, 0.0, 0.0, 0.0
40152, 1.1714729070663452, -0.2008102834224701, 0.00481032207608223, 0.0717773288488388, 0.004513118881732225, 0.0009043093887157738, 133421.96875, 153446.203125, 85724.0, 131951.875, 142154.71875, 102708.8828125, 0.17408493161201477, -2.01824951171875, -4.427298545837402, -1.9327043294906616, -5.705352783203125, -2.0376973152160645, 0.0, 0.0, 2.0, 2.964388132095337, 0.0, 0.0, 0.0
40172, 1.173025369644165, -0.2007012814283371, 0.005339480005204678, 0.08003056049346924, 0.005242694169282913, 0.004534853622317314, 133446.75, 153443.90625, 85711.0390625, 131958.03125, 142146.109375, 102711.703125, 0.17408493161201477, -2.01824951171875, -4.427298545837402, -1.9327043294906616, -5.705352783203125, -2.0376973152160645, 0.0, 0.0, 2.0, 2.963777542114258, 0.0, 0.0, 0.0
40192, 1.1729145050048828, -0.20109519362449646, 0.005504176486283541, 0.08046193420886993, 0.002988456981256604, 0.003975965548306704, 133450.640625, 153448.5, 85705.9140625, 131964.765625, 142155.21875, 102711.703125, 0.17408493161201477, -2.01824951171875, -4.427298545837402, -1.9327043294906616, -5.705352783203125, -2.0376973152160645, 0.0, 0.0, 2.0, 2.9597859382629395, 0.0, 0.0, 0.0
40212, 1.172136664390564, -0.2011099010705948, 0.005064040422439575, 0.07828584313392639, 0.004111429676413536, 0.0014125998131930828, 133460.25, 153450.8125, 85701.5859375, 131971.5, 142149.890625, 102709.4453125, 0.17408493161201477, -2.01824951171875, -4.427298545837402, -1.9327043294906616, -5.705352783203125, -2.0376973152160645, 0.0, 0.0, 2.0, 2.953091859817505, 0.0, 0.0, 0.0
40232, 1.1718602180480957, -0.200668603181839, 0.00518710445612669, 0.07691348344087601, 0.005546960048377514, 0.002263928996399045, 133453.5, 153448.5, 85707.2578125, 131984.953125, 142150.171875, 102710.9453125, 0.17408493161201477, -2.01824951171875, -4.427298545837402, -1.9327043294906616, -5.705352783203125, -2.0376973152160645, 0.0, 0.0, 2.0, 2.944791555404663, 0.0, 0.0, 0.0
40252, 1.170430064201355, -0.20110474526882172, 0.003551633795723319, 0.07274451106786728, 0.005011764820665121, -0.0075046163983643055, 133428.125, 153446.625, 85724.265625, 131985.546875, 142150.671875, 102713.765625, 0.17408493161201477, -2.01824951171875, -4.427298545837402, -1.9327043294906616, -5.705352783203125, -2.0376973152160645, 0.0, 0.0, 2.0, 2.934811592102051, 0.0, 0.0, 0.0
40272, 1.1691540479660034, -0.2012140154838562, 0.0035189897753298283, 0.06889858841896057, 0.003171238349750638, -0.005496398080140352, 133421.96875, 153450.8125, 85723.1875, 131975.984375, 142151.65625, 102727.453125, 0.17408493161201477, -2.01824951171875, -4.427298545837402, -1.9327043294906616, -5.705352783203125, -2.0376973152160645, 0.0, 0.0, 2.0, 2.932765483856201, 0.0, 0.0, 0.0
40292, 1.1680024862289429, -0.20124268531799316, 0.0024609919637441635, 0.06598465144634247, 0.004020974971354008, -0.01087890099734068, 133395.5625, 153451.65625, 85741.0078125, 131970.921875, 142152.9375, 102726.703125, 0.17408493161201477, -2.01824951171875, -4.427298545837402, -1.9327043294906616, -5.705352783203125, -2.0376973152160645, 0.0, 0.0, 2.0, 2.9237053394317627, 0.0, 0.0, 0.0
40312, 1.1678043603897095, -0.20125502347946167, 0.0023038890212774277, 0.0657668486237526, 0.003449746873229742, -0.009568551555275917, 133410.71875, 153461.484375, 85737.2265625, 131956.953125, 142156.984375, 102725.390625, 0.17408493161201477, -2.01824951171875, -4.427298545837402, -1.9327043294906616, -5.705352783203125, -2.0376973152160645, 0.0, 0.0, 2.0, 2.9168550968170166, 0.0, 0.0, 0.0
40332, 1.1684167385101318, -0.20119962096214294, 0.0024394632782787085, 0.06922590732574463, 0.004051495343446732, -0.007986485958099365, 133402.3125, 153437.421875, 85750.4609375, 131954.703125, 142148.390625, 102721.265625, 0.17408493161201477, -2.01824951171875, -4.427298545837402, -1.9327043294906616, -5.705352783203125, -2.0376973152160645, 0.0, 0.0, 2.0, 2.9127838611602783, 0.0, 0.0, 0.0
40352, 1.1693037748336792, -0.2012142837047577, 0.0023086462169885635, 0.0736081525683403, 0.003421664936468005, -0.007449358236044645, 133413.40625, 153452.6875, 85724.0, 131951.875, 142150.171875, 102720.515625, 0.17408493161201477, -2.01824951171875, -4.427298545837402, -1.9327043294906616, -5.705352783203125, -2.0376973152160645, 0.0, 0.0, 2.0, 2.906386613845825, 0.0, 0.0, 0.0
40372, 1.166847586631775, -0.20093631744384766, 0.0022057972382754087, 0.06439930200576782, 0.004375807009637356, -0.007118079345673323, 133415.828125, 153457.296875, 85725.078125, 131951.875, 142146.609375, 102710.9453125, 0.17408493161201477, -2.01824951171875, -4.427298545837402, -1.9327043294906616, -5.705352783203125, -2.0376973152160645, 0.0, 0.0, 2.0, 2.903515100479126, 0.0, 0.0, 0.0
40392, 1.1674145460128784, -0.20092588663101196, 0.002088619861751795, 0.0670514851808548, 0.004809355828911066, -0.007173977792263031, 133437.734375, 153448.078125, 85708.8828125, 131960.859375, 142161.046875, 102705.3203125, 0.17408493161201477, -2.01824951171875, -4.427298545837402, -1.9327043294906616, -5.705352783203125, -2.0376973152160645, 0.0, 0.0, 2.0, 2.8947818279266357, 0.0, 0.0, 0.0
40412, 1.1665642261505127, -0.2009897232055664, 0.002044135006144643, 0.06372402608394623, 0.005406287498772144, -0.0065484680235385895, 133452.453125, 153456.875, 85692.953125, 131971.5, 142150.671875, 102702.6953125, 0.17408493161201477, -2.01824951171875, -4.427298545837402, -1.9327043294906616, -5.705352783203125, -2.0376973152160645, 0.0, 0.0, 2.0, 2.887256383895874, 0.0, 0.0, 0.0
40432, 1.1660053730010986, -0.20101764798164368, 0.0036561659071594477, 0.06107912212610245, 0.005306920502334833, 0.0022719299886375666, 133455.75, 153437.421875, 85697.5390625, 131978.8125, 142157.484375, 102703.4453125, 0.17408493161201477, -2.01824951171875, -4.427298545837402, -1.9327043294906616, -5.705352783203125, -2.0376973152160645, 0.0, 0.0, 2.0, 2.880368232727051, 0.0, 0.0, 0.0
40452, 1.165419578552246, -0.2010352611541748, 0.003775784745812416, 0.05864708125591278, 0.005907381884753704, 0.003241345752030611, 133446.75, 153445.78125, 85691.875, 131978.8125, 142150.671875, 102712.2578125, 0.17408493161201477, -2.01824951171875, -4.427298545837402, -1.9327043294906616, -5.705352783203125, -2.0376973152160645, 0.0, 0.0, 2.0, 2.872276544570923, 0.0, 0.0, 0.0
40472, 1.1660114526748657, -0.20104579627513885, 0.002708880230784416, 0.061756234616041183, 0.005816492717713118, -0.0024752027820795774, 133433.84375, 153444.75, 85709.9609375, 131984.953125, 142152.4375, 102719.953125, 0.17408493161201477, -2.01824951171875, -4.427298545837402, -1.9327043294906616, -5.705352783203125, -2.0376973152160645, 0.0, 0.0, 2.0, 2.8670554161071777, 0.0, 0.0, 0.0
40492, 1.1672946214675903, -0.20093685388565063, 0.0026585753075778484, 0.06657642126083374, 0.005903363693505526, -0.00248570810072124, 133417.46875, 153452.6875, 85728.046875, 131979.390625, 142150.171875, 102723.328125, 0.17408493161201477, -2.01824951171875, -4.427298545837402, -1.9327043294906616, -5.705352783203125, -2.0376973152160645, 0.0, 0.0, 2.0, 2.861621141433716, 0.0, 0.0, 0.0
40512, 1.1665935516357422, -0.20101924240589142, 0.002011653734371066, 0.06260579079389572, 0.005173969082534313, -0.004965490661561489, 133404.5625, 153448.5, 85725.625, 131974.328125, 142155.21875, 102723.328125, 0.17408493161201477, -2.01824951171875, -4.427298545837402, -1.9327043294906616, -5.705352783203125, -2.0376973152160645, 0.0, 0.0, 2.0, 2.859905481338501, 0.0, 0.0, 0.0
40532, 1.1663260459899902, -0.20176613330841064, 0.001976046711206436, 0.06080451235175133, 0.001616139430552721, -0.0050774672999978065, 133403.96875, 153455.0, 85736.1484375, 131969.828125, 142153.4375, 102720.703125, 0.17408493161201477, -2.01824951171875, -4.427298545837402, -1.9327043294906616, -5.705352783203125, -2.0376973152160645, 0.0, 0.0, 2.0, 2.84989070892334, 0.0, 0.0, 0.0
40552, 1.1654971837997437, -0.20109650492668152, 0.0015535263810306787, 0.05604635179042816, 0.004552127793431282, -0.006893412210047245, 133410.71875, 153453.53125, 85730.75, 131956.953125, 142151.9375, 102717.890625, 0.17408493161201477, -2.01824951171875, -4.427298545837402, -1.9327043294906616, -5.705352783203125, -2.0376973152160645, 0.0, 0.0, 2.0, 2.8511087894439697, 0.0, 0.0, 0.0
40572, 1.165549635887146, -0.20146945118904114, 0.0014563562581315637, 0.05525699630379677, 0.0019317358965054154, -0.006588432472199202, 133415.828125, 153453.53125, 85714.546875, 131956.953125, 142154.71875, 102707.5703125, 0.17408493161201477, -2.01824951171875, -4.427298545837402, -1.9327043294906616, -5.705352783203125, -2.0376973152160645, 0.0, 0.0, 2.0, 2.8441479206085205, 0.0, 0.0, 0.0
40592, 1.165411114692688, -0.20114688575267792, 0.0007992882747203112, 0.054425593465566635, 0.003238735254853964, -0.009789169766008854, 133425.875, 153441.59375, 85712.65625, 131962.515625, 142147.109375, 102705.5078125, 0.17408493161201477, -2.01824951171875, -4.427298545837402, -1.9327043294906616, -5.705352783203125, -2.0376973152160645, 0.0, 0.0, 2.0, 2.8432178497314453, 0.0, 0.0, 0.0
40612, 1.1648838520050049, -0.20186983048915863, 0.0006679153302684426, 0.05099096894264221, 0.0010468452237546444, -0.008947554044425488, 133441.203125, 153450.390625, 85695.65625, 131965.34375, 142155.21875, 102704.0078125, 0.17408493161201477, -2.01824951171875, -4.427298545837402, -1.9327043294906616, -5.705352783203125, -2.0376973152160645, 0.0, 0.0, 2.0, 2.8341851234436035, 0.0, 0.0, 0.0
40632, 1.1661306619644165, -0.2010866105556488, 0.0014353146543726325, 0.056004807353019714, 0.003817127551883459, -0.004893858917057514, 133451.25, 153447.65625, 85691.875, 131975.984375, 142148.390625, 102697.2578125, 0.17408493161201477, -2.01824951171875, -4.427298545837402, -1.9327043294906616, -5.705352783203125, -2.0376973152160645, 0.0, 0.0, 2.0, 2.836935043334961, 0.0, 0.0, 0.0
40652, 1.1661603450775146, -0.2010633796453476, 0.0013839933089911938, 0.054617561399936676, 0.005204920656979084, -0.0038817739114165306, 133453.5, 153437.421875, 85686.203125, 131976.5625, 142153.4375, 102703.4453125, 0.17408493161201477, -2.01824951171875, -4.427298545837402, -1.9327043294906616, -5.705352783203125, -2.0376973152160645, 0.0, 0.0, 2.0, 2.832024335861206, 0.0, 0.0, 0.0
40672, 1.1673129796981812, -0.20096753537654877, 0.002773273503407836, 0.058116402477025986, 0.00462408596649766, 0.004351223818957806, 133445.09375, 153450.8125, 85705.1015625, 131978.8125, 142146.109375, 102705.5078125, 0.17408493161201477, -2.01824951171875, -4.427298545837402, -1.9327043294906616, -5.705352783203125, -2.0376973152160645, 0.0, 0.0, 2.0, 2.8252227306365967, 0.0, 0.0, 0.0
40692, 1.1678848266601562, -0.2009665071964264, 0.002888619666919112, 0.059664949774742126, 0.0049312422052025795, 0.004615448880940676, 133439.984375, 153446.203125, 85694.578125, 131978.8125, 142153.4375, 102706.265625, 0.17408493161201477, -2.01824951171875, -4.427298545837402, -1.9327043294906616, -5.705352783203125, -2.0376973152160645, 0.0, 0.0, 2.0, 2.81976580619812, 0.0, 0.0, 0.0
40712, 1.166259527206421, -0.20149579644203186, 0.0031210239976644516, 0.04997607693076134, 0.0026705265045166016, 0.0065192910842597485, 133421.96875, 153450.8125, 85717.25, 131972.078125, 142152.9375, 102719.203125, 0.17408493161201477, -2.01824951171875, -4.427298545837402, -1.9327043294906616, -5.705352783203125, -2.0376973152160645, 0.0, 0.0, 2.0, 2.811767339706421, 0.0, 0.0, 0.0
40732, 1.1667085886001587, -0.20147067308425903, 0.0023643053136765957, 0.05134433135390282, 0.0026737693697214127, 0.0011366249527782202, 133410.109375, 153446.625, 85724.0, 131975.984375, 142156.984375, 102715.828125, 0.17408493161201477, -2.01824951171875, -4.427298545837402, -1.9327043294906616, -5.705352783203125, -2.0376973152160645, 0.0, 0.0, 2.0, 2.806682825088501, 0.0, 0.0, 0.0
40752, 1.1669762134552002, -0.2010096162557602, 0.002421734621748328, 0.05056150257587433, 0.0058382307179272175, 0.0020401806104928255, 133404.5625, 153451.234375, 85731.5625, 131963.6875, 142146.609375, 102715.828125, 0.17408493161201477, -2.01824951171875, -4.427298545837402, -1.9327043294906616, -5.705352783203125, -2.0376973152160645, 0.0, 0.0, 2.0, 2.8074777126312256, 0.0, 0.0, 0.0
40772, 1.1680262088775635, -0.20089679956436157, 0.002705322578549385, 0.05518079921603203, 0.004868155810981989, 0.0034922233317047358, 133403.359375, 153451.234375, 85733.4453125, 131955.78125, 142144.34375, 102709.640625, 0.17408493161201477, -2.01824951171875, -4.427298545837402, -1.9327043294906616, -5.705352783203125, -2.0376973152160645, 0.0, 0.0, 2.0, 2.797909736633301, 0.0, 0.0, 0.0
40792, 1.1672178506851196, -0.20184631645679474, 0.0028588618151843548, 0.04892583563923836, 0.0010255236411467195, 0.0037448490038514137, 133413.578125, 153457.71875, 85719.40625, 131955.78125, 142155.21875, 102707.5703125, 0.17408493161201477, -2.01824951171875, -4.427298545837402, -1.9327043294906616, -5.705352783203125, -2.0376973152160645, 0.0, 0.0, 2.0, 2.7807915210723877, 0.0, 0.0, 0.0
40812, 1.167648434638977, -0.20135833323001862, 0.0021617687307298183, 0.04964705556631088, 0.0031537520699203014, 0.0005680859321728349, 133417.46875, 153455.0, 85708.0703125, 131960.28125, 142143.84375, 102713.015625, 0.17408493161201477, -2.01824951171875, -4.427298545837402, -1.9327043294906616, -5.705352783203125, -2.0376973152160645, 0.0, 0.0, 2.0, 2.7823736667633057, 0.0, 0.0, 0.0
40832, 1.16786789894104, -0.20178264379501343, 0.002204920630902052, 0.04936670511960983, 0.0005699738976545632, 0.000897305435501039, 133434.4375, 153450.8125, 85691.875, 131961.4375, 142148.890625, 102696.5078125, 0.17408493161201477, -2.01824951171875, -4.427298545837402, -1.9327043294906616, -5.705352783203125, -2.0376973152160645, 0.0, 0.0, 2.0, 2.770137071609497, 0.0, 0.0, 0.0
40852, 1.166712999343872, -0.2013757973909378, 0.003383834846317768, 0.04287766292691231, 0.0025659583043307066, 0.006214985623955727, 133456.359375, 153445.78125, 85689.984375, 131963.6875, 142148.890625, 102701.3828125, 0.17408493161201477, -2.01824951171875, -4.427298545837402, -1.9327043294906616, -5.705352783203125, -2.0376973152160645, 0.0, 0.0, 2.0, 2.772198438644409, 0.0, 0.0, 0.0
40872, 1.1666473150253296, -0.2013838291168213, 0.0035310802049934864, 0.041408829391002655, 0.0034541659988462925, 0.006730720400810242, 133446.140625, 153453.109375, 85689.984375, 131974.328125, 142154.71875, 102702.1328125, 0.17408493161201477, -2.01824951171875, -4.427298545837402, -1.9327043294906616, -5.705352783203125, -2.0376973152160645, 0.0, 0.0, 2.0, 2.767106533050537, 0.0, 0.0, 0.0
40892, 1.1666295528411865, -0.20138832926750183, 0.0038546351715922356, 0.039921633899211884, 0.0021829993929713964, 0.008225982077419758, 133449.0, 153448.9375, 85698.6171875, 131975.984375, 142150.171875, 102713.765625, 0.17408493161201477, -2.01824951171875, -4.427298545837402, -1.9327043294906616, -5.705352783203125, -2.0376973152160645, 0.0, 0.0, 2.0, 2.7592523097991943, 0.0, 0.0, 0.0
40912, 1.1663517951965332, -0.20137204229831696, 0.004044049419462681, 0.03760174289345741, 0.002958874683827162, 0.008536059409379959, 133424.828125, 153449.359375, 85700.2421875, 131981.640625, 142155.21875, 102708.8828125, 0.17408493161201477, -2.01824951171875, -4.427298545837402, -1.9327043294906616, -5.705352783203125, -2.0376973152160645, 0.0, 0.0, 2.0, 2.7555367946624756, 0.0, 0.0, 0.0
40932, 1.1658626794815063, -0.20140878856182098, 0.004180826246738434, 0.03521248698234558, 0.003776508616283536, 0.007436045911163092, 133413.578125, 153450.390625, 85713.46875, 131990.03125, 142150.671875, 102713.765625, 0.17408493161201477, -2.01824951171875, -4.427298545837402, -1.9327043294906616, -5.705352783203125, -2.0376973152160645, 0.0, 0.0, 2.0, 2.749983310699463, 0.0, 0.0, 0.0
40952, 1.1662113666534424, -0.20142589509487152, 0.004352597054094076, 0.035879600793123245, 0.0037951271515339613, 0.009000292047858238, 133412.96875, 153448.5, 85720.21875, 131974.90625, 142151.15625, 102717.890625, 0.17408493161201477, -2.01824951171875, -4.427298545837402, -1.9327043294906616, -5.705352783203125, -2.0376973152160645, 0.0, 0.0, 2.0, 2.7447168827056885, 0.0, 0.0, 0.0
40972, 1.1660594940185547, -0.20110122859477997, 0.004559190012514591, 0.034914884716272354, 0.003237607888877392, 0.009184703230857849, 133404.5625, 153451.65625, 85725.890625, 131969.828125, 142143.0625, 102710.9453125, 0.17408493161201477, -2.01824951171875, -4.427298545837402, -1.9327043294906616, -5.705352783203125, -2.0376973152160645, 0.0, 0.0, 2.0, 2.742687940597534, 0.0, 0.0, 0.0
40992, 1.1663557291030884, -0.20140396058559418, 0.0049405707977712154, 0.035740964114665985, 0.003600652562454343, 0.00992578361183405, 133410.71875, 153444.75, 85719.40625, 131960.859375, 142142.0625, 102710.9453125, 0.17408493161201477, -2.01824951171875, -4.427298545837402, -1.9327043294906616, -5.705352783203125, -2.0376973152160645, 0.0, 0.0, 2.0, 2.7366702556610107, 0.0, 0.0, 0.0
41012, 1.1660794019699097, -0.20143580436706543, 0.005174786783754826, 0.0324925072491169, 0.003190918592736125, 0.010905458591878414, 133408.46875, 153448.5, 85709.6953125, 131955.78125, 142143.84375, 102706.265625, 0.17408493161201477, -2.01824951171875, -4.427298545837402, -1.9327043294906616, -5.705352783203125, -2.0376973152160645, 0.0, 0.0, 2.0, 2.7350046634674072, 0.0, 0.0, 0.0
41032, 1.1659138202667236, -0.20148049294948578, 0.006182937882840633, 0.029818227514624596, 0.0017617350677028298, 0.01496359333395958, 133424.234375, 153446.203125, 85704.0234375, 131959.78125, 142150.671875, 102699.3203125, 0.17408493161201477, -2.01824951171875, -4.427298545837402, -1.9327043294906616, -5.705352783203125, -2.0376973152160645, 0.0, 0.0, 2.0, 2.7294869422912598, 0.0, 0.0, 0.0
41052, 1.1665397882461548, -0.20142751932144165, 0.006481243297457695, 0.032705120742321014, 0.002837827429175377, 0.0151530671864748, 133436.09375, 153450.390625, 85694.578125, 131963.09375, 142149.390625, 102698.5703125, 0.17408493161201477, -2.01824951171875, -4.427298545837402, -1.9327043294906616, -5.705352783203125, -2.0376973152160645, 0.0, 0.0, 2.0, 2.7278783321380615, 0.0, 0.0, 0.0
41072, 1.1672234535217285, -0.20135773718357086, 0.005745285656303167, 0.03452696278691292, 0.0026111691258847713, 0.010106902569532394, 133449.0, 153448.5, 85687.015625, 131964.265625, 142152.9375, 102697.8203125, 0.17408493161201477, -2.01824951171875, -4.427298545837402, -1.9327043294906616, -5.705352783203125, -2.0376973152160645, 0.0, 0.0, 2.0, 2.723090410232544, 0.0, 0.0, 0.0
41092, 1.167938232421875, -0.2013026922941208, 0.005946085322648287, 0.03683227300643921, 0.002282781293615699, 0.009733760729432106, 133454.703125, 153450.390625, 85680.5390625, 131965.921875, 142148.890625, 102700.0703125, 0.17408493161201477, -2.01824951171875, -4.427298545837402, -1.9327043294906616, -5.705352783203125, -2.0376973152160645, 0.0, 0.0, 2.0, 2.717031955718994, 0.0, 0.0, 0.0
41112, 1.1673604249954224, -0.20132401585578918, 0.005307340994477272, 0.0329914316534996, 0.0026716506108641624, 0.0058329151943326, 133441.203125, 153447.046875, 85691.875, 131978.234375, 142151.65625, 102697.2578125, 0.17408493161201477, -2.01824951171875, -4.427298545837402, -1.9327043294906616, -5.705352783203125, -2.0376973152160645, 0.0, 0.0, 2.0, 2.7117860317230225, 0.0, 0.0, 0.0
41132, 1.168534755706787, -0.20088210701942444, 0.005411234684288502, 0.03738699480891228, 0.003391135251149535, 0.004956493619829416, 133435.484375, 153446.625, 85703.2109375, 131972.65625, 142142.5625, 102704.1953125, 0.17408493161201477, -2.01824951171875, -4.427298545837402, -1.9327043294906616, -5.705352783203125, -2.0376973152160645, 0.0, 0.0, 2.0, 2.7102978229522705, 0.0, 0.0, 0.0
41152, 1.168070673942566, -0.20141653716564178, 0.0049407328478991985, 0.033718716353178024, 0.002081525046378374, 0.001908393227495253, 133416.421875, 153455.421875, 85706.9921875, 131978.8125, 142147.109375, 102713.765625, 0.17408493161201477, -2.01824951171875, -4.427298545837402, -1.9327043294906616, -5.705352783203125, -2.0376973152160645, 0.0, 0.0, 2.0, 2.698456287384033, 0.0, 0.0, 0.0
41172, 1.16815185546875, -0.20096556842327118, 0.004996476694941521, 0.033293526619672775, 0.004623334389179945, 0.00225270283408463, 133410.71875, 153446.203125, 85722.109375, 131965.921875, 142146.109375, 102710.9453125, 0.17408493161201477, -2.01824951171875, -4.427298545837402, -1.9327043294906616, -5.705352783203125, -2.0376973152160645, 0.0, 0.0, 2.0, 2.6918721199035645, 0.0, 0.0, 0.0
41192, 1.1677870750427246, -0.20094023644924164, 0.004648961126804352, 0.029956553131341934, 0.004467239137738943, 7.473106234101579e-05, 133409.0625, 153453.53125, 85724.0, 131959.1875, 142152.9375, 102717.140625, 0.17408493161201477, -2.01824951171875, -4.427298545837402, -1.9327043294906616, -5.705352783203125, -2.0376973152160645, 0.0, 0.0, 2.0, 2.693913221359253, 0.0, 0.0, 0.0
41212, 1.1675794124603271, -0.20096026360988617, 0.004666535183787346, 0.027919283136725426, 0.004626562353223562, 0.0001165506400866434, 133405.78125, 153453.109375, 85721.03125, 131959.1875, 142143.0625, 102708.8828125, 0.17408493161201477, -2.01824951171875, -4.427298545837402, -1.9327043294906616, -5.705352783203125, -2.0376973152160645, 0.0, 0.0, 2.0, 2.686613082885742, 0.0, 0.0, 0.0
41232, 1.1681474447250366, -0.20087830722332, 0.005201926454901695, 0.02952146902680397, 0.0044297147542238235, 0.004034341778606176, 133418.6875, 153453.53125, 85709.9609375, 131955.28125, 142147.109375, 102702.890625, 0.17408493161201477, -2.01824951171875, -4.427298545837402, -1.9327043294906616, -5.705352783203125, -2.0376973152160645, 0.0, 0.0, 2.0, 2.6824450492858887, 0.0, 0.0, 0.0
41252, 1.1686017513275146, -0.2008487731218338, 0.005286041647195816, 0.030982406809926033, 0.004923701751977205, 0.00415542209520936, 133427.078125, 153446.203125, 85700.2421875, 131956.953125, 142145.328125, 102700.0703125, 0.17408493161201477, -2.01824951171875, -4.427298545837402, -1.9327043294906616, -5.705352783203125, -2.0376973152160645, 0.0, 0.0, 2.0, 2.678680896759033, 0.0, 0.0, 0.0
41272, 1.168279767036438, -0.20087623596191406, 0.005391085986047983, 0.028190501034259796, 0.004833264276385307, 0.0044049667194485664, 133444.5, 153455.0, 85689.171875, 131960.859375, 142147.109375, 102693.1328125, 0.17408493161201477, -2.01824951171875, -4.427298545837402, -1.9327043294906616, -5.705352783203125, -2.0376973152160645, 0.0, 0.0, 2.0, 2.6740267276763916, 0.0, 0.0, 0.0
41292, 1.1675623655319214, -0.20142149925231934, 0.004914576653391123, 0.023998601362109184, 0.002988078398630023, 0.002114879200235009, 133449.609375, 153440.140625, 85686.203125, 131963.6875, 142142.5625, 102689.7578125, 0.17408493161201477, -2.01824951171875, -4.427298545837402, -1.9327043294906616, -5.705352783203125, -2.0376973152160645, 0.0, 0.0, 2.0, 2.664741277694702, 0.0, 0.0, 0.0
41312, 1.1679381132125854, -0.20146574079990387, 0.004964437335729599, 0.02484092488884926, 0.0023816367611289024, 0.0023938382510095835, 133451.25, 153442.015625, 85684.046875, 131967.09375, 142145.328125, 102695.1953125, 0.17408493161201477, -2.01824951171875, -4.427298545837402, -1.9327043294906616, -5.705352783203125, -2.0376973152160645, 0.0, 0.0, 2.0, 2.6609411239624023, 0.0, 0.0, 0.0
41332, 1.1678107976913452, -0.2010893076658249, 0.0042228237725794315, 0.0237253587692976, 0.003697642358019948, -0.001433303114026785, 133440.59375, 153447.046875, 85692.953125, 131974.328125, 142149.390625, 102694.4453125, 0.17408493161201477, -2.01824951171875, -4.427298545837402, -1.9327043294906616, -5.705352783203125, -2.0376973152160645, 0.0, 0.0, 2.0, 2.6609909534454346, 0.0, 0.0, 0.0
41352, 1.1682991981506348, -0.20101502537727356, 0.004189338069409132, 0.02521332912147045, 0.0038619954138994217, -0.001934547908604145, 133427.078125, 153451.234375, 85696.4609375, 131970.40625, 142147.609375, 102710.9453125, 0.17408493161201477, -2.01824951171875, -4.427298545837402, -1.9327043294906616, -5.705352783203125, -2.0376973152160645, 0.0, 0.0, 2.0, 2.655776262283325, 0.0, 0.0, 0.0
41372, 1.168837070465088, -0.2009369432926178, 0.0033101721201092005, 0.027235398069024086, 0.00436923373490572, -0.005906444974243641, 133420.328125, 153452.6875, 85702.3984375, 131971.0, 142147.609375, 102704.1953125, 0.17408493161201477, -2.01824951171875, -4.427298545837402, -1.9327043294906616, -5.705352783203125, -2.0376973152160645, 0.0, 0.0, 2.0, 2.6503634452819824, 0.0, 0.0, 0.0
41392, 1.1687028408050537, -0.20092464983463287, 0.0031476772855967283, 0.02575741894543171, 0.0032702714670449495, -0.0059529319405555725, 133407.421875, 153450.8125, 85722.109375, 131968.75, 142151.15625, 102708.8828125, 0.17408493161201477, -2.01824951171875, -4.427298545837402, -1.9327043294906616, -5.705352783203125, -2.0376973152160645, 0.0, 0.0, 2.0, 2.646801710128784, 0.0, 0.0, 0.0
41412, 1.1687462329864502, -0.20143544673919678, 0.002991981105878949, 0.025266259908676147, 0.0012196574825793505, -0.006584691349416971, 133400.0625, 153446.203125, 85719.40625, 131965.921875, 142146.609375, 102708.8828125, 0.17408493161201477, -2.01824951171875, -4.427298545837402, -1.9327043294906616, -5.705352783203125, -2.0376973152160645, 0.0, 0.0, 2.0, 2.6361899375915527, 0.0, 0.0, 0.0
41432, 1.1692662239074707, -0.20139957964420319, 0.002862033434212208, 0.02670455351471901, 0.0013524594251066446, -0.006606999319046736, 133405.171875, 153451.234375, 85711.578125, 131956.953125, 142144.84375, 102700.0703125, 0.17408493161201477, -2.01824951171875, -4.427298545837402, -1.9327043294906616, -5.705352783203125, -2.0376973152160645, 0.0, 0.0, 2.0, 2.629842519760132, 0.0, 0.0, 0.0
41452, 1.168745517730713, -0.20039230585098267, 0.0028224342968314886, 0.023334788158535957, 0.004920037928968668, -0.005799692589789629, 133411.328125, 153451.234375, 85707.8046875, 131954.703125, 142157.484375, 102702.1328125, 0.17408493161201477, -2.01824951171875, -4.427298545837402, -1.9327043294906616, -5.705352783203125, -2.0376973152160645, 0.0, 0.0, 2.0, 2.635796546936035, 0.0, 0.0, 0.0
41472, 1.167444109916687, -0.20148740708827972, 0.002785920863971114, 0.017247403040528297, 0.0015831384807825089, -0.005302963778376579, 133423.1875, 153450.8125, 85698.6171875, 131955.28125, 142144.34375, 102698.5703125, 0.17408493161201477, -2.01824951171875, -4.427298545837402, -1.9327043294906616, -5.705352783203125, -2.0376973152160645, 0.0, 0.0, 2.0, 2.620171308517456, 0.0, 0.0, 0.0
41492, 1.1682268381118774, -0.20147906243801117, 0.002422163262963295, 0.020716208964586258, 0.0012604525545611978, -0.006511653773486614, 133436.6875, 153446.625, 85689.171875, 131961.4375, 142152.9375, 102695.9453125, 0.17408493161201477, -2.01824951171875, -4.427298545837402, -1.9327043294906616, -5.705352783203125, -2.0376973152160645, 0.0, 0.0, 2.0, 2.611922264099121, 0.0, 0.0, 0.0
41512, 1.16864013671875, -0.20138967037200928, 0.0023008701391518116, 0.022280968725681305, 0.001141351880505681, -0.005710613448172808, 133442.84375, 153446.203125, 85684.3125, 131965.921875, 142151.15625, 102695.0, 0.17408493161201477, -2.01824951171875, -4.427298545837402, -1.9327043294906616, -5.705352783203125, -2.0376973152160645, 0.0, 0.0, 2.0, 2.6052801609039307, 0.0, 0.0, 0.0
41532, 1.1682860851287842, -0.20084509253501892, 0.002201355528086424, 0.01994454301893711, 0.0021929542999714613, -0.0050282529555261135, 133449.0, 153452.6875, 85678.6484375, 131962.59375, 142140.28125, 102687.6953125, 0.17408493161201477, -2.01824951171875, -4.427298545837402, -1.9327043294906616, -5.705352783203125, -2.0376973152160645, 0.0, 0.0, 2.0, 2.6053895950317383, 0.0, 0.0, 0.0
41552, 1.1679996252059937, -0.20090466737747192, 0.0024643123615533113, 0.018152959644794464, 0.0016658380627632141, -0.003232368268072605, 133438.953125, 153443.90625, 85689.984375, 131968.75, 142144.84375, 102693.1328125, 0.17408493161201477, -2.01824951171875, -4.427298545837402, -1.9327043294906616, -5.705352783203125, -2.0376973152160645, 0.0, 0.0, 2.0, 2.6004695892333984, 0.0, 0.0, 0.0
41572, 1.167765736579895, -0.20088325440883636, 0.002409465378150344, 0.01674669235944748, 0.0007612846093252301, -0.0027306105475872755, 133433.234375, 153451.234375, 85697.8125, 131966.5, 142145.328125, 102699.3203125, 0.17408493161201477, -2.01824951171875, -4.427298545837402, -1.9327043294906616, -5.705352783203125, -2.0376973152160645, 0.0, 0.0, 2.0, 2.5971813201904297, 0.0, 0.0, 0.0
41592, 1.1681393384933472, -0.200858935713768, 0.0034156576730310917, 0.01853935793042183, 0.00033826284925453365, 0.0026716580614447594, 133411.921875, 153457.296875, 85707.8046875, 131971.0, 142146.609375, 102702.1328125, 0.17408493161201477, -2.01824951171875, -4.427298545837402, -1.9327043294906616, -5.705352783203125, -2.0376973152160645, 0.0, 0.0, 2.0, 2.589993953704834, 0.0, 0.0, 0.0
41612, 1.1685253381729126, -0.20083443820476532, 0.0034673858899623156, 0.02001241408288479, 0.0010977231431752443, 0.002715587615966797, 133406.21875, 153453.53125, 85709.6953125, 131962.015625, 142149.390625, 102700.828125, 0.17408493161201477, -2.01824951171875, -4.427298545837402, -1.9327043294906616, -5.705352783203125, -2.0376973152160645, 0.0, 0.0, 2.0, 2.583658218383789, 0.0, 0.0, 0.0
41632, 1.167893886566162, -0.20127931237220764, 0.004917223937809467, 0.01684148609638214, -0.00030058619449846447, 0.009803404100239277, 133406.8125, 153453.109375, 85712.9296875, 131965.921875, 142142.0625, 102708.328125, 0.17408493161201477, -2.01824951171875, -4.427298545837402, -1.9327043294906616, -5.705352783203125, -2.0376973152160645, 0.0, 0.0, 2.0, 2.575071096420288, 0.0, 0.0, 0.0
41652, 1.1682889461517334, -0.2013108879327774, 0.0051143174059689045, 0.01859384961426258, -0.0001158678496722132, 0.009913787245750427, 133409.671875, 153446.625, 85716.4375, 131962.59375, 142142.5625, 102709.640625, 0.17408493161201477, -2.01824951171875, -4.427298545837402, -1.9327043294906616, -5.705352783203125, -2.0376973152160645, 0.0, 0.0, 2.0, 2.571448802947998, 0.0, 0.0, 0.0
41672, 1.1680107116699219, -0.2008458822965622, 0.00400922866538167, 0.016741961240768433, 0.0014508703025057912, 0.0031442735344171524, 133411.921875, 153449.359375, 85701.3203125, 131953.046875, 142148.390625, 102702.6953125, 0.17408493161201477, -2.01824951171875, -4.427298545837402, -1.9327043294906616, -5.705352783203125, -2.0376973152160645, 0.0, 0.0, 2.0, 2.5713932514190674, 0.0, 0.0, 0.0
41692, 1.1680798530578613, -0.20175613462924957, 0.004079079255461693, 0.01669234223663807, -0.001636633649468422, 0.0031629125587642193, 133416.421875, 153442.453125, 85692.953125, 131959.78125, 142139.015625, 102693.8828125, 0.17408493161201477, -2.01824951171875, -4.427298545837402, -1.9327043294906616, -5.705352783203125, -2.0376973152160645, 0.0, 0.0, 2.0, 2.5574584007263184, 0.0, 0.0, 0.0
41712, 1.1684792041778564, -0.20125579833984375, 0.004472371190786362, 0.017862949520349503, 0.0005060184048488736, 0.0048524318262934685, 133441.203125, 153444.328125, 85682.4296875, 131962.015625, 142147.109375, 102690.5078125, 0.17408493161201477, -2.01824951171875, -4.427298545837402, -1.9327043294906616, -5.705352783203125, -2.0376973152160645, 0.0, 0.0, 2.0, 2.560964345932007, 0.0, 0.0, 0.0
41732, 1.1688843965530396, -0.2008233219385147, 0.00457201711833477, 0.01953006722033024, 0.0018090520752593875, 0.004799851682037115, 133441.203125, 153442.015625, 85677.5703125, 131964.265625, 142155.71875, 102690.3203125, 0.17408493161201477, -2.01824951171875, -4.427298545837402, -1.9327043294906616, -5.705352783203125, -2.0376973152160645, 0.0, 0.0, 2.0, 2.5636327266693115, 0.0, 0.0, 0.0
41752, 1.168017029762268, -0.2008710652589798, 0.004431308247148991, 0.015084385871887207, 0.001831851783208549, 0.0035550016909837723, 133447.953125, 153455.0, 85683.234375, 131968.171875, 142147.609375, 102689.7578125, 0.17408493161201477, -2.01824951171875, -4.427298545837402, -1.9327043294906616, -5.705352783203125, -2.0376973152160645, 0.0, 0.0, 2.0, 2.5611414909362793, 0.0, 0.0, 0.0
41772, 1.1678870916366577, -0.20160217583179474, 0.004507793579250574, 0.014262126758694649, -0.0006971668335609138, 0.0033525635953992605, 133441.203125, 153449.359375, 85685.390625, 131965.921875, 142138.515625, 102690.5078125, 0.17408493161201477, -2.01824951171875, -4.427298545837402, -1.9327043294906616, -5.705352783203125, -2.0376973152160645, 0.0, 0.0, 2.0, 2.552053689956665, 0.0, 0.0, 0.0
41792, 1.1679409742355347, -0.20085717737674713, 0.004737852141261101, 0.014418334700167179, 0.0029771781992167234, 0.004589959979057312, 133430.984375, 153444.328125, 85692.6875, 131977.140625, 142142.0625, 102691.8203125, 0.17408493161201477, -2.01824951171875, -4.427298545837402, -1.9327043294906616, -5.705352783203125, -2.0376973152160645, 0.0, 0.0, 2.0, 2.55413818359375, 0.0, 0.0, 0.0
41812, 1.1686326265335083, -0.20082560181617737, 0.004833347629755735, 0.01739894039928913, 0.003468593815341592, 0.004933190997689962, 133420.328125, 153453.109375, 85698.6171875, 131968.75, 142146.609375, 102697.2578125, 0.17408493161201477, -2.01824951171875, -4.427298545837402, -1.9327043294906616, -5.705352783203125, -2.0376973152160645, 0.0, 0.0, 2.0, 2.549168586730957, 0.0, 0.0, 0.0
41832, 1.1683932542800903, -0.20121203362941742, 0.004945038817822933, 0.01604171097278595, 0.0014739064499735832, 0.005331448279321194, 133418.6875, 153448.9375, 85711.8515625, 131966.5, 142139.015625, 102695.9453125, 0.17408493161201477, -2.01824951171875, -4.427298545837402, -1.9327043294906616, -5.705352783203125, -2.0376973152160645, 0.0, 0.0, 2.0, 2.541154623031616, 0.0, 0.0, 0.0
41852, 1.168694019317627, -0.20119315385818481, 0.0058919936418533325, 0.016316533088684082, 0.0011777199106290936, 0.010367121547460556, 133414.171875, 153450.8125, 85717.25, 131969.828125, 142144.84375, 102702.1328125, 0.17408493161201477, -2.01824951171875, -4.427298545837402, -1.9327043294906616, -5.705352783203125, -2.0376973152160645, 0.0, 0.0, 2.0, 2.5346245765686035, 0.0, 0.0, 0.0
41872, 1.1690341234207153, -0.20117533206939697, 0.006097974721342325, 0.01811916008591652, 0.0010931126307696104, 0.010396749712526798, 133417.46875, 153455.84375, 85701.3203125, 131960.359375, 142142.0625, 102703.4453125, 0.17408493161201477, -2.01824951171875, -4.427298545837402, -1.9327043294906616, -5.705352783203125, -2.0376973152160645, 0.0, 0.0, 2.0, 2.529461145401001, 0.0, 0.0, 0.0
41892, 1.1693930625915527, -0.20115645229816437, 0.006628871895372868, 0.019012412056326866, 0.0009020766010507941, 0.012104733847081661, 133418.6875, 153449.359375, 85697.5390625, 131964.265625, 142146.609375, 102699.3203125, 0.17408493161201477, -2.01824951171875, -4.427298545837402, -1.9327043294906616, -5.705352783203125, -2.0376973152160645, 0.0, 0.0, 2.0, 2.524261236190796, 0.0, 0.0, 0.0
41912, 1.168631911277771, -0.2012006789445877, 0.0068923356011509895, 0.014783459715545177, 0.0006650562863796949, 0.012725692242383957, 133435.484375, 153446.625, 85682.4296875, 131961.4375, 142140.28125, 102694.6328125, 0.17408493161201477, -2.01824951171875, -4.427298545837402, -1.9327043294906616, -5.705352783203125, -2.0376973152160645, 0.0, 0.0, 2.0, 2.519113302230835, 0.0, 0.0, 0.0
41932, 1.1683828830718994, -0.2012191265821457, 0.0067391651682555676, 0.0133558614179492, -0.0001525270054116845, 0.01010203082114458, 133447.34375, 153450.8125, 85681.3515625, 131955.28125, 142144.84375, 102689.0078125, 0.17408493161201477, -2.01824951171875, -4.427298545837402, -1.9327043294906616, -5.705352783203125, -2.0376973152160645, 0.0, 0.0, 2.0, 2.515065908432007, 0.0, 0.0, 0.0
41952, 1.1686559915542603, -0.20121747255325317, 0.00694368127733469, 0.0143015431240201, -0.00042777956696227193, 0.010494138114154339, 133449.609375, 153446.625, 85679.4609375, 131970.40625, 142142.5625, 102691.0703125, 0.17408493161201477, -2.01824951171875, -4.427298545837402, -1.9327043294906616, -5.705352783203125, -2.0376973152160645, 0.0, 0.0, 2.0, 2.508718967437744, 0.0, 0.0, 0.0
41972, 1.167474627494812, -0.2012403905391693, 0.007102618459612131, 0.00907452218234539, -0.00022956763859838247, 0.010402959771454334, 133458.609375, 153448.9375, 85678.6484375, 131966.5, 142140.28125, 102683.5703125, 0.17408493161201477, -2.01824951171875, -4.427298545837402, -1.9327043294906616, -5.705352783203125, -2.0376973152160645, 0.0, 0.0, 2.0, 2.5039141178131104, 0.0, 0.0, 0.0
41992, 1.168256402015686, -0.20120754837989807, 0.0073091741651296616, 0.01219568308442831, 9.588840475771576e-05, 0.010512522421777248, 133443.453125, 153442.875, 85683.234375, 131968.75, 142143.0625, 102695.1953125, 0.17408493161201477, -2.01824951171875, -4.427298545837402, -1.9327043294906616, -5.705352783203125, -2.0376973152160645, 0.0, 0.0, 2.0, 2.4985439777374268, 0.0, 0.0, 0.0
42012, 1.16852867603302, -0.20119354128837585, 0.006936732679605484, 0.013287209905683994, 0.0005749139236286283, 0.0074974000453948975, 133428.125, 153448.5, 85688.90625, 131964.265625, 142144.84375, 102691.8203125, 0.17408493161201477, -2.01824951171875, -4.427298545837402, -1.9327043294906616, -5.705352783203125, -2.0376973152160645, 0.0, 0.0, 2.0, 2.4929583072662354, 0.0, 0.0, 0.0
42032, 1.1688097715377808, -0.20117339491844177, 0.007083488628268242, 0.014706969261169434, 0.0007771070231683552, 0.007448261138051748, 133420.328125, 153449.359375, 85696.4609375, 131969.328125, 142140.78125, 102695.1953125, 0.17408493161201477, -2.01824951171875, -4.427298545837402, -1.9327043294906616, -5.705352783203125, -2.0376973152160645, 0.0, 0.0, 2.0, 2.491258144378662, 0.0, 0.0, 0.0
42052, 1.1676058769226074, -0.2017085999250412, 0.007251789793372154, 0.00948258675634861, -0.0012838739203289151, 0.007997196167707443, 133415.828125, 153447.046875, 85705.1015625, 131970.40625, 142136.234375, 102704.1953125, 0.17408493161201477, -2.01824951171875, -4.427298545837402, -1.9327043294906616, -5.705352783203125, -2.0376973152160645, 0.0, 0.0, 2.0, 2.4842145442962646, 0.0, 0.0, 0.0
42072, 1.168494462966919, -0.20116645097732544, 0.006478132680058479, 0.012744390405714512, 0.0007932439330033958, 0.0035942327231168747, 133411.328125, 153447.484375, 85704.0234375, 131958.109375, 142144.34375, 102694.6328125, 0.17408493161201477, -2.01824951171875, -4.427298545837402, -1.9327043294906616, -5.705352783203125, -2.0376973152160645, 0.0, 0.0, 2.0, 2.4837629795074463, 0.0, 0.0, 0.0
42092, 1.1687573194503784, -0.20114165544509888, 0.006552569102495909, 0.013511527329683304, 0.0016767035704106092, 0.0035998071543872356, 133422.578125, 153444.328125, 85705.1015625, 131964.84375, 142133.453125, 102701.3828125, 0.17408493161201477, -2.01824951171875, -4.427298545837402, -1.9327043294906616, -5.705352783203125, -2.0376973152160645, 0.0, 0.0, 2.0, 2.4786317348480225, 0.0, 0.0, 0.0
42112, 1.169076919555664, -0.20110566914081573, 0.005553577095270157, 0.014751176349818707, 0.0016060217749327421, -0.0016558778006583452, 133411.921875, 153451.234375, 85694.578125, 131960.359375, 142142.0625, 102698.0078125, 0.17408493161201477, -2.01824951171875, -4.427298545837402, -1.9327043294906616, -5.705352783203125, -2.0376973152160645, 0.0, 0.0, 2.0, 2.474565029144287, 0.0, 0.0, 0.0
42132, 1.1687065362930298, -0.2011585235595703, 0.005523367319256067, 0.013013082556426525, 0.0018774967174977064, -0.0019027763046324253, 133421.53125, 153451.234375, 85692.953125, 131959.78125, 142137.515625, 102698.0078125, 0.17408493161201477, -2.01824951171875, -4.427298545837402, -1.9327043294906616, -5.705352783203125, -2.0376973152160645, 0.0, 0.0, 2.0, 2.4724531173706055, 0.0, 0.0, 0.0
42152, 1.1679775714874268, -0.20123876631259918, 0.0060992613434791565, 0.01004909910261631, 0.0016942528309300542, 0.0017036902718245983, 133440.59375, 153453.109375, 85678.3828125, 131956.953125, 142142.0625, 102687.6953125, 0.17408493161201477, -2.01824951171875, -4.427298545837402, -1.9327043294906616, -5.705352783203125, -2.0376973152160645, 0.0, 0.0, 2.0, 2.4690237045288086, 0.0, 0.0, 0.0
42172, 1.168822169303894, -0.20123383402824402, 0.006138024851679802, 0.012839495204389095, 0.0015293336473405361, 0.002188563346862793, 133454.109375, 153442.015625, 85676.4921875, 131964.265625, 142140.78125, 102693.1328125, 0.17408493161201477, -2.01824951171875, -4.427298545837402, -1.9327043294906616, -5.705352783203125, -2.0376973152160645, 0.0, 0.0, 2.0, 2.4652233123779297, 0.0, 0.0, 0.0
42192, 1.1674416065216064, -0.2012927085161209, 0.005342113319784403, 0.006766123231500387, 0.0009494149126112461, -0.002280595013871789, 133446.75, 153442.453125, 85674.8671875, 131966.5, 142144.84375, 102691.0703125, 0.17408493161201477, -2.01824951171875, -4.427298545837402, -1.9327043294906616, -5.705352783203125, -2.0376973152160645, 0.0, 0.0, 2.0, 2.462888717651367, 0.0, 0.0, 0.0
42212, 1.167824625968933, -0.20087839663028717, 0.005296912509948015, 0.008815580978989601, 0.002935399068519473, -0.0022480227053165436, 133447.34375, 153447.046875, 85676.7578125, 131962.59375, 142148.890625, 102689.7578125, 0.17408493161201477, -2.01824951171875, -4.427298545837402, -1.9327043294906616, -5.705352783203125, -2.0376973152160645, 0.0, 0.0, 2.0, 2.4610488414764404, 0.0, 0.0, 0.0
42232, 1.1686538457870483, -0.20087583363056183, 0.00475590443238616, 0.012846420519053936, 0.0028119238559156656, -0.005503232125192881, 133439.984375, 153448.9375, 85691.875, 131971.578125, 142138.515625, 102695.1953125, 0.17408493161201477, -2.01824951171875, -4.427298545837402, -1.9327043294906616, -5.705352783203125, -2.0376973152160645, 0.0, 0.0, 2.0, 2.4553322792053223, 0.0, 0.0, 0.0
42252, 1.1689122915267944, -0.20082227885723114, 0.004649481736123562, 0.013217308558523655, 0.002936410717666149, -0.005223728250712156, 133422.578125, 153453.109375, 85693.5, 131967.09375, 142145.328125, 102696.5078125, 0.17408493161201477, -2.01824951171875, -4.427298545837402, -1.9327043294906616, -5.705352783203125, -2.0376973152160645, 0.0, 0.0, 2.0, 2.448387622833252, 0.0, 0.0, 0.0
42272, 1.1691724061965942, -0.20077082514762878, 0.0047147697769105434, 0.013618363998830318, 0.0025028542149811983, -0.00455184280872345, 133417.03125, 153455.421875, 85699.4296875, 131958.109375, 142135.234375, 102701.3828125, 0.17408493161201477, -2.01824951171875, -4.427298545837402, -1.9327043294906616, -5.705352783203125, -2.0376973152160645, 0.0, 0.0, 2.0, 2.4438672065734863, 0.0, 0.0, 0.0
42292, 1.1691701412200928, -0.20130406320095062, 0.004631425254046917, 0.012958856299519539, 0.00010515599569771439, -0.003994790371507406, 133415.828125, 153449.78125, 85700.2421875, 131962.015625, 142141.28125, 102699.3203125, 0.17408493161201477, -2.01824951171875, -4.427298545837402, -1.9327043294906616, -5.705352783203125, -2.0376973152160645, 0.0, 0.0, 2.0, 2.435886859893799, 0.0, 0.0, 0.0
42312, 1.1694378852844238, -0.2013023942708969, 0.004550761077553034, 0.01411146204918623, 0.000134062283905223, -0.003659175941720605, 133420.328125, 153448.9375, 85697.5390625, 131962.015625, 142144.34375, 102696.6953125, 0.17408493161201477, -2.01824951171875, -4.427298545837402, -1.9327043294906616, -5.705352783203125, -2.0376973152160645, 0.0, 0.0, 2.0, 2.4319231510162354, 0.0, 0.0, 0.0
42332, 1.1686211824417114, -0.2008408159017563, 0.005085777956992388, 0.010386468842625618, 0.0014672534307464957, -0.0006942800828255713, 133425.4375, 153449.359375, 85692.953125, 131960.9375, 142138.515625, 102693.1328125, 0.17408493161201477, -2.01824951171875, -4.427298545837402, -1.9327043294906616, -5.705352783203125, -2.0376973152160645, 0.0, 0.0, 2.0, 2.4316563606262207, 0.0, 0.0, 0.0
42352, 1.169012188911438, -0.20032170414924622, 0.0050712511874735355, 0.011775721795856953, 0.0034419235307723284, -0.0002999897988047451, 133434.4375, 153448.9375, 85684.3125, 131962.015625, 142134.453125, 102695.9453125, 0.17408493161201477, -2.01824951171875, -4.427298545837402, -1.9327043294906616, -5.705352783203125, -2.0376973152160645, 0.0, 0.0, 2.0, 2.428177833557129, 0.0, 0.0, 0.0
42372, 1.1688154935836792, -0.2012685090303421, 0.005456778220832348, 0.010330917313694954, -0.00037252114270813763, 0.0018183490028604865, 133438.34375, 153450.8125, 85678.6484375, 131963.6875, 142141.28125, 102690.5078125, 0.17408493161201477, -2.01824951171875, -4.427298545837402, -1.9327043294906616, -5.705352783203125, -2.0376973152160645, 0.0, 0.0, 2.0, 2.4206113815307617, 0.0, 0.0, 0.0
42392, 1.1686148643493652, -0.2008274793624878, 0.0055002798326313496, 0.009460232220590115, 0.0008429621811956167, 0.0023358692415058613, 133448.5625, 153441.0, 85672.9765625, 131968.75, 142146.609375, 102689.5625, 0.17408493161201477, -2.01824951171875, -4.427298545837402, -1.9327043294906616, -5.705352783203125, -2.0376973152160645, 0.0, 0.0, 2.0, 2.4177439212799072, 0.0, 0.0, 0.0
42412, 1.1686815023422241, -0.20119869709014893, 0.004525308031588793, 0.009738766588270664, -0.0007335730479098856, -0.003059475915506482, 133452.453125, 153446.625, 85677.5703125, 131966.5, 142140.28125, 102687.6953125, 0.17408493161201477, -2.01824951171875, -4.427298545837402, -1.9327043294906616, -5.705352783203125, -2.0376973152160645, 0.0, 0.0, 2.0, 2.4120724201202393, 0.0, 0.0, 0.0
42432, 1.1681588888168335, -0.20085002481937408, 0.004462794400751591, 0.007909949868917465, 0.0003742558474186808, -0.0034430157393217087, 133437.90625, 153444.75, 85679.4609375, 131964.84375, 142144.34375, 102689.0078125, 0.17408493161201477, -2.01824951171875, -4.427298545837402, -1.9327043294906616, -5.705352783203125, -2.0376973152160645, 0.0, 0.0, 2.0, 2.408508777618408, 0.0, 0.0, 0.0
42452, 1.1673754453659058, -0.2012331783771515, 0.004620213992893696, 0.004876995924860239, -0.0009530890383757651, -0.0023172807414084673, 133432.1875, 153448.9375, 85687.015625, 131965.921875, 142143.0625, 102691.8203125, 0.17408493161201477, -2.01824951171875, -4.427298545837402, -1.9327043294906616, -5.705352783203125, -2.0376973152160645, 0.0, 0.0, 2.0, 2.4026317596435547, 0.0, 0.0, 0.0
42472, 1.1682677268981934, -0.2011823058128357, 0.004572171717882156, 0.008394021540880203, -0.0006862924201413989, -0.002756769536063075, 133429.328125, 153453.53125, 85694.578125, 131961.515625, 142147.890625, 102693.8828125, 0.17408493161201477, -2.01824951171875, -4.427298545837402, -1.9327043294906616, -5.705352783203125, -2.0376973152160645, 0.0, 0.0, 2.0, 2.3988068103790283, 0.0, 0.0, 0.0
42492, 1.1678507328033447, -0.20114894211292267, 0.005500138271600008, 0.006676755379885435, -0.0005535919335670769, 0.0027564859483391047, 133414.78125, 153445.59375, 85698.6171875, 131966.5, 142143.0625, 102700.0703125, 0.17408493161201477, -2.01824951171875, -4.427298545837402, -1.9327043294906616, -5.705352783203125, -2.0376973152160645, 0.0, 0.0, 2.0, 2.3943872451782227, 0.0, 0.0, 0.0
42512, 1.1674952507019043, -0.20082667469978333, 0.00555684557184577, 0.005555750802159309, 0.0015331236645579338, 0.002505115931853652, 133410.28125, 153447.046875, 85704.0234375, 131960.9375, 142140.28125, 102698.0078125, 0.17408493161201477, -2.01824951171875, -4.427298545837402, -1.9327043294906616, -5.705352783203125, -2.0376973152160645, 0.0, 0.0, 2.0, 2.3941588401794434, 0.0, 0.0, 0.0
42532, 1.1677097082138062, -0.20080779492855072, 0.00537601625546813, 0.006937103345990181, 0.0022031418047845364, 0.0008692309493198991, 133414.171875, 153455.421875, 85696.4609375, 131964.84375, 142141.5625, 102699.3203125, 0.17408493161201477, -2.01824951171875, -4.427298545837402, -1.9327043294906616, -5.705352783203125, -2.0376973152160645, 0.0, 0.0, 2.0, 2.3937997817993164, 0.0, 0.0, 0.0
42552, 1.167837142944336, -0.200776144862175, 0.0053947255946695805, 0.004486496560275555, 0.0013462372589856386, 0.0004914425662718713, 133420.9375, 153449.359375, 85684.3125, 131962.015625, 142138.015625, 102690.5078125, 0.17408493161201477, -2.01824951171875, -4.427298545837402, -1.9327043294906616, -5.705352783203125, -2.0376973152160645, 0.0, 0.0, 2.0, 2.3856747150421143, 0.0, 0.0, 0.0
42572, 1.1681158542633057, -0.20079094171524048, 0.005411352962255478, 0.007087429519742727, 5.2442672313191e-05, 0.0016010801773518324, 133436.09375, 153453.109375, 85691.875, 131968.75, 142147.109375, 102688.4453125, 0.17408493161201477, -2.01824951171875, -4.427298545837402, -1.9327043294906616, -5.705352783203125, -2.0376973152160645, 0.0, 0.0, 2.0, 2.375089168548584, 0.0, 0.0, 0.0
42592, 1.1683142185211182, -0.20076340436935425, 0.005264876410365105, 0.01065598800778389, 0.0017272171098738909, 0.00020136205421295017, 133449.609375, 153453.109375, 85676.7578125, 131960.9375, 142134.453125, 102695.1953125, 0.17408493161201477, -2.01824951171875, -4.427298545837402, -1.9327043294906616, -5.705352783203125, -2.0376973152160645, 0.0, 0.0, 2.0, 2.3808419704437256, 0.0, 0.0, 0.0
42612, 1.1675652265548706, -0.20113804936408997, 0.005291809793561697, 0.006914709694683552, -0.00013586101704277098, 0.001343056559562683, 133448.5625, 153451.234375, 85668.390625, 131969.828125, 142133.453125, 102683.5703125, 0.17408493161201477, -2.01824951171875, -4.427298545837402, -1.9327043294906616, -5.705352783203125, -2.0376973152160645, 0.0, 0.0, 2.0, 2.3783810138702393, 0.0, 0.0, 0.0
42632, 1.1682448387145996, -0.20113596320152283, 0.004768764600157738, 0.009910937398672104, -0.0012965149944648147, -0.0015362792182713747, 133447.34375, 153453.96875, 85677.8359375, 131969.328125, 142140.78125, 102683.5703125, 0.17408493161201477, -2.01824951171875, -4.427298545837402, -1.9327043294906616, -5.705352783203125, -2.0376973152160645, 0.0, 0.0, 2.0, 2.3725719451904297, 0.0, 0.0, 0.0
42652, 1.168452501296997, -0.2011563628911972, 0.004741379525512457, 0.011254842393100262, -0.000787380791734904, -0.0011109404731541872, 133443.453125, 153447.046875, 85676.7578125, 131971.0, 142140.78125, 102683.5703125, 0.17408493161201477, -2.01824951171875, -4.427298545837402, -1.9327043294906616, -5.705352783203125, -2.0376973152160645, 0.0, 0.0, 2.0, 2.367833375930786, 0.0, 0.0, 0.0
42672, 1.1676236391067505, -0.20115697383880615, 0.006045781075954437, 0.00658434210345149, -0.0008812302257865667, 0.0058083124458789825, 133425.4375, 153450.8125, 85683.234375, 131967.09375, 142144.84375, 102693.8828125, 0.17408493161201477, -2.01824951171875, -4.427298545837402, -1.9327043294906616, -5.705352783203125, -2.0376973152160645, 0.0, 0.0, 2.0, 2.3636064529418945, 0.0, 0.0, 0.0
42692, 1.167845368385315, -0.20114105939865112, 0.006158599629998207, 0.007887132465839386, -0.0011355376336723566, 0.005663359072059393, 133420.9375, 153453.96875, 85690.796875, 131967.671875, 142136.734375, 102692.5703125, 0.17408493161201477, -2.01824951171875, -4.427298545837402, -1.9327043294906616, -5.705352783203125, -2.0376973152160645, 0.0, 0.0, 2.0, 2.3629367351531982, 0.0, 0.0, 0.0
42712, 1.1680631637573242, -0.20113280415534973, 0.005789189133793116, 0.00930115208029747, -0.0010339189320802689, 0.003274779301136732, 133424.828125, 153444.328125, 85696.4609375, 131972.65625, 142138.515625, 102693.8828125, 0.17408493161201477, -2.01824951171875, -4.427298545837402, -1.9327043294906616, -5.705352783203125, -2.0376973152160645, 0.0, 0.0, 2.0, 2.357640504837036, 0.0, 0.0, 0.0
42732, 1.167831301689148, -0.201131671667099, 0.005853103008121252, 0.00818039570003748, -0.0015114551642909646, 0.0028823409229516983, 133420.328125, 153449.78125, 85694.578125, 131964.84375, 142139.78125, 102693.1328125, 0.17408493161201477, -2.01824951171875, -4.427298545837402, -1.9327043294906616, -5.705352783203125, -2.0376973152160645, 0.0, 0.0, 2.0, 2.352360486984253, 0.0, 0.0, 0.0
42752, 1.1682071685791016, -0.2011147439479828, 0.0055467430502176285, 0.01041899248957634, -0.001485957414843142, 0.0011510695330798626, 133418.6875, 153451.234375, 85692.6875, 131962.59375, 142135.734375, 102690.5078125, 0.17408493161201477, -2.01824951171875, -4.427298545837402, -1.9327043294906616, -5.705352783203125, -2.0376973152160645, 0.0, 0.0, 2.0, 2.3487770557403564, 0.0, 0.0, 0.0
42772, 1.1678049564361572, -0.20083335041999817, 0.005575160495936871, 0.008314517326653004, 0.00010838746675290167, 0.0010585847776383162, 133422.578125, 153448.5, 85686.203125, 131959.78125, 142140.78125, 102693.8828125, 0.17408493161201477, -2.01824951171875, -4.427298545837402, -1.9327043294906616, -5.705352783203125, -2.0376973152160645, 0.0, 0.0, 2.0, 2.3450734615325928, 0.0, 0.0, 0.0
42792, 1.167984127998352, -0.20082229375839233, 0.00536744948476553, 0.00843252707272768, 0.00029582419665530324, -0.00029702356550842524, 133438.34375, 153451.65625, 85681.3515625, 131958.6875, 142140.28125, 102690.5078125, 0.17408493161201477, -2.01824951171875, -4.427298545837402, -1.9327043294906616, -5.705352783203125, -2.0376973152160645, 0.0, 0.0, 2.0, 2.338346004486084, 0.0, 0.0, 0.0
42812, 1.1674063205718994, -0.20146743953227997, 0.005370287224650383, 0.005583815276622772, -0.0027955365367233753, 1.838564821809996e-05, 133441.203125, 153453.96875, 85678.6484375, 131969.328125, 142134.453125, 102686.3828125, 0.17408493161201477, -2.01824951171875, -4.427298545837402, -1.9327043294906616, -5.705352783203125, -2.0376973152160645, 0.0, 0.0, 2.0, 2.3313231468200684, 0.0, 0.0, 0.0
42832, 1.1673773527145386, -0.20141829550266266, 0.0053904675878584385, 0.005756793078035116, -0.002163696801289916, 0.0007789234514348209, 133446.3125, 153447.046875, 85670.015625, 131968.75, 142134.953125, 102681.5078125, 0.17408493161201477, -2.01824951171875, -4.427298545837402, -1.9327043294906616, -5.705352783203125, -2.0376973152160645, 0.0, 0.0, 2.0, 2.3273866176605225, 0.0, 0.0, 0.0
42852, 1.1683504581451416, -0.2011057734489441, 0.004830782767385244, 0.010650541633367538, -0.00030420671100728214, -0.0020613980013877153, 133437.90625, 153442.015625, 85673.7890625, 131967.09375, 142135.734375, 102682.2578125, 0.17408493161201477, -2.01824951171875, -4.427298545837402, -1.9327043294906616, -5.705352783203125, -2.0376973152160645, 0.0, 0.0, 2.0, 2.321472644805908, 0.0, 0.0, 0.0
42872, 1.1674795150756836, -0.20111697912216187, 0.004803448915481567, 0.006046366412192583, -0.0002996021939907223, -0.0018668471602723002, 133442.84375, 153451.234375, 85673.7890625, 131960.9375, 142133.453125, 102676.0703125, 0.17408493161201477, -2.01824951171875, -4.427298545837402, -1.9327043294906616, -5.705352783203125, -2.0376973152160645, 0.0, 0.0, 2.0, 2.3178694248199463, 0.0, 0.0, 0.0
42892, 1.1683459281921387, -0.20108211040496826, 0.0040317378006875515, 0.009897416457533836, 1.52639695443213e-05, -0.005104041192680597, 133428.296875, 153451.65625, 85679.4609375, 131966.5, 142147.109375, 102687.1328125, 0.17408493161201477, -2.01824951171875, -4.427298545837402, -1.9327043294906616, -5.705352783203125, -2.0376973152160645, 0.0, 0.0, 2.0, 2.3121285438537598, 0.0, 0.0, 0.0
42912, 1.1688646078109741, -0.20107057690620422, 0.00392728578299284, 0.012434476055204868, 0.000241278248722665, -0.005396923515945673, 133423.78125, 153447.046875, 85685.125, 131969.328125, 142142.5625, 102695.9453125, 0.17408493161201477, -2.01824951171875, -4.427298545837402, -1.9327043294906616, -5.705352783203125, -2.0376973152160645, 0.0, 0.0, 2.0, 2.3091440200805664, 0.0, 0.0, 0.0
42932, 1.1683436632156372, -0.2011081427335739, 0.004709489643573761, 0.009831096045672894, -0.0008495462825521827, -0.00011124420416308567, 133420.9375, 153453.53125, 85689.984375, 131966.5, 142139.015625, 102691.0703125, 0.17408493161201477, -2.01824951171875, -4.427298545837402, -1.9327043294906616, -5.705352783203125, -2.0376973152160645, 0.0, 0.0, 2.0, 2.3053104877471924, 0.0, 0.0, 0.0
42952, 1.168026089668274, -0.20085527002811432, 0.0046977270394563675, 0.00839721318334341, 0.0008356417529284954, -0.0009363694116473198, 133423.1875, 153447.046875, 85693.765625, 131958.6875, 142132.6875, 102698.0078125, 0.17408493161201477, -2.01824951171875, -4.427298545837402, -1.9327043294906616, -5.705352783203125, -2.0376973152160645, 0.0, 0.0, 2.0, 2.3026511669158936, 0.0, 0.0, 0.0
42972, 1.168299674987793, -0.20086471736431122, 0.006019893102347851, 0.009111483581364155, 0.000351857568603009, 0.006826135795563459, 133419.890625, 153450.8125, 85688.09375, 131964.84375, 142138.015625, 102689.1953125, 0.17408493161201477, -2.01824951171875, -4.427298545837402, -1.9327043294906616, -5.705352783203125, -2.0376973152160645, 0.0, 0.0, 2.0, 2.290984630584717, 0.0, 0.0, 0.0
42992, 1.1679556369781494, -0.20108568668365479, 0.006152772344648838, 0.007194495294243097, -0.0013536763144657016, 0.00620751827955246, 133418.6875, 153450.8125, 85680.5390625, 131969.328125, 142136.734375, 102691.2578125, 0.17408493161201477, -2.01824951171875, -4.427298545837402, -1.9327043294906616, -5.705352783203125, -2.0376973152160645, 0.0, 0.0, 2.0, 2.287804365158081, 0.0, 0.0, 0.0
43012, 1.168171763420105, -0.20074383914470673, 0.005801214836537838, 0.008213956840336323, 0.0005864385748282075, 0.0034821832086890936, 133432.1875, 153451.234375, 85672.7109375, 131973.234375, 142142.5625, 102691.2578125, 0.17408493161201477, -2.01824951171875, -4.427298545837402, -1.9327043294906616, -5.705352783203125, -2.0376973152160645, 0.0, 0.0, 2.0, 2.2837235927581787, 0.0, 0.0, 0.0
43032, 1.167916178703308, -0.20098143815994263, 0.005877602379769087, 0.006863548886030912, -0.0005830505979247391, 0.004086257424205542, 133441.203125, 153449.359375, 85665.15625, 131962.59375, 142138.515625, 102682.2578125, 0.17408493161201477, -2.01824951171875, -4.427298545837402, -1.9327043294906616, -5.705352783203125, -2.0376973152160645, 0.0, 0.0, 2.0, 2.280409336090088, 0.0, 0.0, 0.0
43052, 1.168164610862732, -0.20073820650577545, 0.005600301548838615, 0.008500516414642334, 0.0006330344476737082, 0.0018761748215183616, 133449.609375, 153446.625, 85669.203125, 131965.421875, 142132.1875, 102685.6328125, 0.17408493161201477, -2.01824951171875, -4.427298545837402, -1.9327043294906616, -5.705352783203125, -2.0376973152160645, 0.0, 0.0, 2.0, 2.276130199432373, 0.0, 0.0, 0.0
43072, 1.1679807901382446, -0.20074407756328583, 0.005643369629979134, 0.007603597827255726, 0.0006541599868796766, 0.0022631932515650988, 133447.953125, 153442.875, 85662.453125, 131974.40625, 142138.015625, 102680.1953125, 0.17408493161201477, -2.01824951171875, -4.427298545837402, -1.9327043294906616, -5.705352783203125, -2.0376973152160645, 0.0, 0.0, 2.0, 2.269477605819702, 0.0, 0.0, 0.0
43092, 1.1681174039840698, -0.20099270343780518, 0.004213893786072731, 0.008507675491273403, -0.0009569610119797289, -0.006027037277817726, 133445.09375, 153449.359375, 85679.4609375, 131962.59375, 142138.015625, 102683.5703125, 0.17408493161201477, -2.01824951171875, -4.427298545837402, -1.9327043294906616, -5.705352783203125, -2.0376973152160645, 0.0, 0.0, 2.0, 2.265468120574951, 0.0, 0.0, 0.0
43112, 1.1681756973266602, -0.2007339596748352, 0.004096855875104666, 0.008731822483241558, 0.0004900958738289773, -0.005977247375994921, 133436.09375, 153449.78125, 85673.7890625, 131969.90625, 142140.28125, 102689.7578125, 0.17408493161201477, -2.01824951171875, -4.427298545837402, -1.9327043294906616, -5.705352783203125, -2.0376973152160645, 0.0, 0.0, 2.0, 2.2599008083343506, 0.0, 0.0, 0.0
43132, 1.1685289144515991, -0.2007228136062622, 0.003973625134676695, 0.010606331750750542, 0.00040237526991404593, -0.006076269317418337, 133424.234375, 153457.71875, 85684.3125, 131968.75, 142133.953125, 102689.7578125, 0.17408493161201477, -2.01824951171875, -4.427298545837402, -1.9327043294906616, -5.705352783203125, -2.0376973152160645, 0.0, 0.0, 2.0, 2.25651478767395, 0.0, 0.0, 0.0
43152, 1.1687700748443604, -0.2007102221250534, 0.0034345698077231646, 0.01203363761305809, 0.0005613957764580846, -0.008161554113030434, 133418.6875, 153451.234375, 85691.875, 131960.9375, 142133.953125, 102683.0078125, 0.17408493161201477, -2.01824951171875, -4.427298545837402, -1.9327043294906616, -5.705352783203125, -2.0376973152160645, 0.0, 0.0, 2.0, 2.2516722679138184, 0.0, 0.0, 0.0
43172, 1.1678357124328613, -0.2012997567653656, 0.003282449208199978, 0.006817663088440895, -0.0029775311704725027, -0.007940108887851238, 133421.53125, 153449.359375, 85684.046875, 131964.265625, 142131.1875, 102692.5703125, 0.17408493161201477, -2.01824951171875, -4.427298545837402, -1.9327043294906616, -5.705352783203125, -2.0376973152160645, 0.0, 0.0, 2.0, 2.2489964962005615, 0.0, 0.0, 0.0
43192, 1.1686030626296997, -0.2007252275943756, 0.00384310819208622, 0.010902976617217064, 7.070479477988556e-05, -0.004590628203004599, 133414.78125, 153451.65625, 85684.3125, 131967.671875, 142137.234375, 102691.8203125, 0.17408493161201477, -2.01824951171875, -4.427298545837402, -1.9327043294906616, -5.705352783203125, -2.0376973152160645, 0.0, 0.0, 2.0, 2.2436304092407227, 0.0, 0.0, 0.0
43212, 1.1678510904312134, -0.20128899812698364, 0.0037608046550303698, 0.0069094630889594555, -0.003104488831013441, -0.004441527184098959, 133422.140625, 153447.484375, 85677.5703125, 131960.359375, 142130.40625, 102688.4453125, 0.17408493161201477, -2.01824951171875, -4.427298545837402, -1.9327043294906616, -5.705352783203125, -2.0376973152160645, 0.0, 0.0, 2.0, 2.240424633026123, 0.0, 0.0, 0.0
43232, 1.1681400537490845, -0.20102456212043762, 0.00463484600186348, 0.007979968562722206, -0.001627049408853054, 0.00074068020330742, 133431.59375, 153444.75, 85671.09375, 131962.015625, 142134.453125, 102688.4453125, 0.17408493161201477, -2.01824951171875, -4.427298545837402, -1.9327043294906616, -5.705352783203125, -2.0376973152160645, 0.0, 0.0, 2.0, 2.2356584072113037, 0.0, 0.0, 0.0
43252, 1.1683639287948608, -0.20101390779018402, 0.004649655427783728, 0.009506317786872387, -0.0015507293865084648, 0.0007194958161562681, 133437.296875, 153451.234375, 85674.8671875, 131959.28125, 142134.453125, 102683.5703125, 0.17408493161201477, -2.01824951171875, -4.427298545837402, -1.9327043294906616, -5.705352783203125, -2.0376973152160645, 0.0, 0.0, 2.0, 2.2294273376464844, 0.0, 0.0, 0.0
43272, 1.1685739755630493, -0.20104141533374786, 0.004401561338454485, 0.010599774308502674, -0.0014247499639168382, -0.00026483277906663716, 133446.3125, 153449.359375, 85660.5703125, 131965.421875, 142138.515625, 102678.8828125, 0.17408493161201477, -2.01824951171875, -4.427298545837402, -1.9327043294906616, -5.705352783203125, -2.0376973152160645, 0.0, 0.0, 2.0, 2.2248942852020264, 0.0, 0.0, 0.0
43292, 1.168939471244812, -0.20103903114795685, 0.004397527314722538, 0.01232872810214758, -0.001533048925921321, 3.9870770706329495e-05, 133443.453125, 153446.203125, 85668.125, 131972.15625, 142136.734375, 102683.0078125, 0.17408493161201477, -2.01824951171875, -4.427298545837402, -1.9327043294906616, -5.705352783203125, -2.0376973152160645, 0.0, 0.0, 2.0, 2.21946382522583, 0.0, 0.0, 0.0
43312, 1.168009638786316, -0.20139148831367493, 0.004643476568162441, 0.007154994178563356, -0.0034518521279096603, 0.0012883581221103668, 133441.203125, 153444.75, 85670.015625, 131969.328125, 142136.234375, 102680.1953125, 0.17408493161201477, -2.01824951171875, -4.427298545837402, -1.9327043294906616, -5.705352783203125, -2.0376973152160645, 0.0, 0.0, 2.0, 2.216454029083252, 0.0, 0.0, 0.0
43332, 1.1686832904815674, -0.20108935236930847, 0.004668529145419598, 0.010340644977986813, -0.0020530112087726593, 0.0013304335298016667, 133432.1875, 153449.359375, 85680.5390625, 131967.671875, 142134.453125, 102680.1953125, 0.17408493161201477, -2.01824951171875, -4.427298545837402, -1.9327043294906616, -5.705352783203125, -2.0376973152160645, 0.0, 0.0, 2.0, 2.211245059967041, 0.0, 0.0, 0.0
43352, 1.1690691709518433, -0.2010856568813324, 0.004816642962396145, 0.012052400968968868, -0.0021833740174770355, 0.002138860523700714, 133427.078125, 153450.8125, 85682.4296875, 131966.5, 142131.6875, 102688.4453125, 0.17408493161201477, -2.01824951171875, -4.427298545837402, -1.9327043294906616, -5.705352783203125, -2.0376973152160645, 0.0, 0.0, 2.0, 2.206617593765259, 0.0, 0.0, 0.0
43372, 1.169455647468567, -0.20107783377170563, 0.004861469380557537, 0.013620510697364807, -0.0022855878341943026, 0.002408439526334405, 133420.328125, 153451.65625, 85686.203125, 131962.59375, 142132.6875, 102681.5078125, 0.17408493161201477, -2.01824951171875, -4.427298545837402, -1.9327043294906616, -5.705352783203125, -2.0376973152160645, 0.0, 0.0, 2.0, 2.2029154300689697, 0.0, 0.0, 0.0
43392, 1.1686995029449463, -0.20108148455619812, 0.004567294381558895, 0.009860370308160782, -0.002102383878082037, 0.00014259835006669164, 133425.4375, 153456.265625, 85691.609375, 131957.03125, 142138.515625, 102691.8203125, 0.17408493161201477, -2.01824951171875, -4.427298545837402, -1.9327043294906616, -5.705352783203125, -2.0376973152160645, 0.0, 0.0, 2.0, 2.1976897716522217, 0.0, 0.0, 0.0
43412, 1.168904423713684, -0.20112359523773193, 0.004573149606585503, 0.010656381957232952, -0.0021703550592064857, 0.0004130047163926065, 133419.28125, 153449.78125, 85681.3515625, 131960.359375, 142132.6875, 102691.8203125, 0.17408493161201477, -2.01824951171875, -4.427298545837402, -1.9327043294906616, -5.705352783203125, -2.0376973152160645, 0.0, 0.0, 2.0, 2.1953985691070557, 0.0, 0.0, 0.0
43432, 1.168910026550293, -0.2007954865694046, 0.004583428148180246, 0.010596226900815964, -0.0004312163800932467, 0.0005865444545634091, 133424.828125, 153444.75, 85680.2734375, 131955.375, 142132.6875, 102683.0078125, 0.17408493161201477, -2.01824951171875, -4.427298545837402, -1.9327043294906616, -5.705352783203125, -2.0376973152160645, 0.0, 0.0, 2.0, 2.1917550563812256, 0.0, 0.0, 0.0
43452, 1.1693389415740967, -0.20078285038471222, 0.003942965529859066, 0.012380880303680897, -0.0004933704040013254, -0.0024792063049972057, 133432.1875, 153444.75, 85672.171875, 131967.671875, 142127.640625, 102685.0703125, 0.17408493161201477, -2.01824951171875, -4.427298545837402, -1.9327043294906616, -5.705352783203125, -2.0376973152160645, 0.0, 0.0, 2.0, 2.1881299018859863, 0.0, 0.0, 0.0
43472, 1.1697540283203125, -0.2007824033498764, 0.0038954901974648237, 0.014245152473449707, -0.0005803309613838792, -0.0020835688337683678, 133441.203125, 153445.59375, 85666.234375, 131967.09375, 142136.734375, 102684.3203125, 0.17408493161201477, -2.01824951171875, -4.427298545837402, -1.9327043294906616, -5.705352783203125, -2.0376973152160645, 0.0, 0.0, 2.0, 2.1829233169555664, 0.0, 0.0, 0.0
43492, 1.1694121360778809, -0.2008032649755478, 0.003911674488335848, 0.012342285364866257, -0.000944707018788904, -0.0016629440942779183, 133448.5625, 153444.75, 85663.265625, 131960.9375, 142136.734375, 102674.0078125, 0.17408493161201477, -2.01824951171875, -4.427298545837402, -1.9327043294906616, -5.705352783203125, -2.0376973152160645, 0.0, 0.0, 2.0, 2.17940354347229, 0.0, 0.0, 0.0
43512, 1.169668436050415, -0.20082339644432068, 0.0038803366478532553, 0.013257011771202087, -0.0009837994584813714, -0.0014970415504649282, 133446.3125, 153444.75, 85662.453125, 131967.09375, 142142.5625, 102678.1328125, 0.17408493161201477, -2.01824951171875, -4.427298545837402, -1.9327043294906616, -5.705352783203125, -2.0376973152160645, 0.0, 0.0, 2.0, 2.1755013465881348, 0.0, 0.0, 0.0
43532, 1.1690603494644165, -0.20083054900169373, 0.004313592799007893, 0.010572956874966621, -0.0011079723481088877, 0.0009983743075281382, 133435.046875, 153446.625, 85672.9765625, 131959.28125, 142136.234375, 102672.6953125, 0.17408493161201477, -2.01824951171875, -4.427298545837402, -1.9327043294906616, -5.705352783203125, -2.0376973152160645, 0.0, 0.0, 2.0, 2.176882743835449, 0.0, 0.0, 0.0
43552, 1.1688934564590454, -0.20081868767738342, 0.00433838926255703, 0.010109889321029186, -0.0009588222019374371, 0.0008762713405303657, 133432.1875, 153449.359375, 85676.7578125, 131963.1875, 142136.734375, 102676.0703125, 0.17408493161201477, -2.01824951171875, -4.427298545837402, -1.9327043294906616, -5.705352783203125, -2.0376973152160645, 0.0, 0.0, 2.0, 2.1792495250701904, 0.0, 0.0, 0.0
43572, 1.168776273727417, -0.20112495124340057, 0.004222387447953224, 0.008961877785623074, -0.0022541305515915155, 0.0004495960893109441, 133430.546875, 153447.484375, 85680.5390625, 131958.6875, 142127.640625, 102680.1953125, 0.17408493161201477, -2.01824951171875, -4.427298545837402, -1.9327043294906616, -5.705352783203125, -2.0376973152160645, 0.0, 0.0, 2.0, 2.1824402809143066, 0.0, 0.0, 0.0
43592, 1.1688077449798584, -0.2008146345615387, 0.0042316848412156105, 0.008415746502578259, -0.0010484745725989342, 0.00022228911984711885, 133423.1875, 153453.96875, 85689.171875, 131958.6875, 142125.859375, 102684.3203125, 0.17408493161201477, -2.01824951171875, -4.427298545837402, -1.9327043294906616, -5.705352783203125, -2.0376973152160645, 0.0, 0.0, 2.0, 2.1800856590270996, 0.0, 0.0, 0.0
43612, 1.1690175533294678, -0.20082657039165497, 0.003365012351423502, 0.00962108839303255, -0.0007674982189200819, -0.004047106951475143, 133417.640625, 153460.453125, 85679.7265625, 131960.9375, 142134.453125, 102684.3203125, 0.17408493161201477, -2.01824951171875, -4.427298545837402, -1.9327043294906616, -5.705352783203125, -2.0376973152160645, 0.0, 0.0, 2.0, 2.1742441654205322, 0.0, 0.0, 0.0
43632, 1.1692239046096802, -0.20084519684314728, 0.0032816685270518064, 0.010978876613080502, -0.0011425329139456153, -0.004254656378179789, 133416.421875, 153442.453125, 85682.4296875, 131960.9375, 142129.90625, 102686.3828125, 0.17408493161201477, -2.01824951171875, -4.427298545837402, -1.9327043294906616, -5.705352783203125, -2.0376973152160645, 0.0, 0.0, 2.0, 2.1700785160064697, 0.0, 0.0, 0.0
43652, 1.1694401502609253, -0.20087185502052307, 0.003514645854011178, 0.011625625193119049, -0.0013513703597709537, -0.0022448436357080936, 133429.9375, 153452.078125, 85679.7265625, 131956.453125, 142135.734375, 102686.3828125, 0.17408493161201477, -2.01824951171875, -4.427298545837402, -1.9327043294906616, -5.705352783203125, -2.0376973152160645, 0.0, 0.0, 2.0, 2.168653726577759, 0.0, 0.0, 0.0
43672, 1.1698799133300781, -0.20086261630058289, 0.0034669439774006605, 0.013514649122953415, -0.0012899800203740597, -0.002342536812648177, 133434.4375, 153446.625, 85664.34375, 131960.9375, 142136.734375, 102681.5078125, 0.17408493161201477, -2.01824951171875, -4.427298545837402, -1.9327043294906616, -5.705352783203125, -2.0376973152160645, 0.0, 0.0, 2.0, 2.163860559463501, 0.0, 0.0, 0.0
43692, 1.169424057006836, -0.20088672637939453, 0.003425892209634185, 0.010998724959790707, -0.0015842566499486566, -0.0022729430347681046, 133445.703125, 153452.078125, 85668.125, 131960.9375, 142127.640625, 102682.2578125, 0.17408493161201477, -2.01824951171875, -4.427298545837402, -1.9327043294906616, -5.705352783203125, -2.0376973152160645, 0.0, 0.0, 2.0, 2.1594860553741455, 0.0, 0.0, 0.0
43712, 1.1696327924728394, -0.20092140138149261, 0.004044978879392147, 0.012187091633677483, -0.001539028831757605, 0.0012616605963557959, 133444.046875, 153449.359375, 85659.4921875, 131954.78125, 142129.90625, 102676.0703125, 0.17408493161201477, -2.01824951171875, -4.427298545837402, -1.9327043294906616, -5.705352783203125, -2.0376973152160645, 0.0, 0.0, 2.0, 2.156456232070923, 0.0, 0.0, 0.0
43732, 1.1689162254333496, -0.20091260969638824, 0.004075542092323303, 0.009196610189974308, -0.0012284659314900637, 0.0012175629381090403, 133447.34375, 153449.359375, 85654.8984375, 131961.515625, 142132.1875, 102673.25, 0.17408493161201477, -2.01824951171875, -4.427298545837402, -1.9327043294906616, -5.705352783203125, -2.0376973152160645, 0.0, 0.0, 2.0, 2.1526246070861816, 0.0, 0.0, 0.0
43752, 1.1698145866394043, -0.20088015496730804, 0.0036582937464118004, 0.012558028101921082, -0.0009404923766851425, -0.0008021993562579155, 133441.796875, 153449.359375, 85660.5703125, 131954.203125, 142128.125, 102671.1875, 0.17408493161201477, -2.01824951171875, -4.427298545837402, -1.9327043294906616, -5.705352783203125, -2.0376973152160645, 0.0, 0.0, 2.0, 2.1484432220458984, 0.0, 0.0, 0.0
43772, 1.1695868968963623, -0.20126229524612427, 0.0036433518398553133, 0.010911338962614536, -0.0025216981302946806, -0.0009691172163002193, 133438.953125, 153453.53125, 85667.046875, 131963.1875, 142129.90625, 102680.1953125, 0.17408493161201477, -2.01824951171875, -4.427298545837402, -1.9327043294906616, -5.705352783203125, -2.0376973152160645, 0.0, 0.0, 2.0, 2.145390272140503, 0.0, 0.0, 0.0
43792, 1.1691862344741821, -0.20127427577972412, 0.0033629420213401318, 0.009154210798442364, -0.0025663934648036957, -0.0024097738787531853, 133429.9375, 153442.875, 85675.6796875, 131959.28125, 142133.953125, 102680.1953125, 0.17408493161201477, -2.01824951171875, -4.427298545837402, -1.9327043294906616, -5.705352783203125, -2.0376973152160645, 0.0, 0.0, 2.0, 2.1430892944335938, 0.0, 0.0, 0.0
43812, 1.1696269512176514, -0.20125877857208252, 0.0033137300051748753, 0.01096667442470789, -0.002465261612087488, -0.002408982254564762, 133415.390625, 153451.234375, 85681.3515625, 131954.78125, 142134.453125, 102683.0078125, 0.17408493161201477, -2.01824951171875, -4.427298545837402, -1.9327043294906616, -5.705352783203125, -2.0376973152160645, 0.0, 0.0, 2.0, 2.140038251876831, 0.0, 0.0, 0.0
43832, 1.1683233976364136, -0.20125676691532135, 0.0027537671849131584, 0.005393070634454489, -0.002186727011576295, -0.0051636830903589725, 133418.6875, 153452.078125, 85678.3828125, 131962.59375, 142132.6875, 102683.5703125, 0.17408493161201477, -2.01824951171875, -4.427298545837402, -1.9327043294906616, -5.705352783203125, -2.0376973152160645, 0.0, 0.0, 2.0, 2.1368589401245117, 0.0, 0.0, 0.0
43852, 1.169116497039795, -0.20122841000556946, 0.0026545573491603136, 0.008819084614515305, -0.0018712630262598395, -0.004834712017327547, 133424.828125, 153451.65625, 85677.8359375, 131954.203125, 142138.515625, 102680.1953125, 0.17408493161201477, -2.01824951171875, -4.427298545837402, -1.9327043294906616, -5.705352783203125, -2.0376973152160645, 0.0, 0.0, 2.0, 2.1324214935302734, 0.0, 0.0, 0.0
43872, 1.1690105199813843, -0.20120324194431305, 0.00231940858066082, 0.008432951755821705, -0.001539174816571176, -0.006200601812452078, 133422.140625, 153447.046875, 85672.9765625, 131954.78125, 142134.953125, 102680.1953125, 0.17408493161201477, -2.01824951171875, -4.427298545837402, -1.9327043294906616, -5.705352783203125, -2.0376973152160645, 0.0, 0.0, 2.0, 2.1294972896575928, 0.0, 0.0, 0.0
43892, 1.1682437658309937, -0.20151472091674805, 0.002201111987233162, 0.005467959679663181, -0.0010817698203027248, -0.005970332305878401, 133434.4375, 153444.75, 85663.265625, 131957.03125, 142132.1875, 102676.0703125, 0.17408493161201477, -2.01824951171875, -4.427298545837402, -1.9327043294906616, -5.705352783203125, -2.0376973152160645, 0.0, 0.0, 2.0, 2.1276276111602783, 0.0, 0.0, 0.0
43912, 1.1689257621765137, -0.20121057331562042, 0.0036413297057151794, 0.009114529937505722, -0.0021513390820473433, 0.003174570854753256, 133435.046875, 153453.53125, 85664.34375, 131964.84375, 142136.234375, 102669.3203125, 0.17408493161201477, -2.01824951171875, -4.427298545837402, -1.9327043294906616, -5.705352783203125, -2.0376973152160645, 0.0, 0.0, 2.0, 2.127150297164917, 0.0, 0.0, 0.0
43932, 1.1691703796386719, -0.2012089043855667, 0.0036979038268327713, 0.007324935402721167, -0.004158760886639357, 0.002189043676480651, 133442.84375, 153453.96875, 85663.53125, 131967.671875, 142129.90625, 102677.3828125, 0.17408493161201477, -2.01824951171875, -4.427298545837402, -1.9327043294906616, -5.705352783203125, -2.0376973152160645, 0.0, 0.0, 2.0, 2.1258885860443115, 0.0, 0.0, 0.0
43952, 1.168174147605896, -0.20157651603221893, 0.004232653882354498, 0.00310856057330966, -0.005410835146903992, 0.006003248039633036, 133435.65625, 153453.53125, 85660.5703125, 131959.859375, 142136.734375, 102667.8203125, 0.17408493161201477, -2.01824951171875, -4.427298545837402, -1.9327043294906616, -5.705352783203125, -2.0376973152160645, 0.0, 0.0, 2.0, 2.1199190616607666, 0.0, 0.0, 0.0
43972, 1.1687819957733154, -0.20121653378009796, 0.004350726492702961, 0.006020663771778345, -0.0024962022434920073, 0.005543586798012257, 133435.046875, 153448.9375, 85667.3125, 131961.515625, 142132.1875, 102668.5703125, 0.17408493161201477, -2.01824951171875, -4.427298545837402, -1.9327043294906616, -5.705352783203125, -2.0376973152160645, 0.0, 0.0, 2.0, 2.114279270172119, 0.0, 0.0, 0.0
43992, 1.168697714805603, -0.20120249688625336, 0.00447054672986269, 0.0062142484821379185, -0.000942275975830853, 0.006124281790107489, 133427.6875, 153442.875, 85671.8984375, 131960.9375, 142140.78125, 102674.0078125, 0.17408493161201477, -2.01824951171875, -4.427298545837402, -1.9327043294906616, -5.705352783203125, -2.0376973152160645, 0.0, 0.0, 2.0, 2.106613874435425, 0.0, 0.0, 0.0
44012, 1.1680960655212402, -0.20153409242630005, 0.005645922850817442, 0.004035798832774162, -0.0018538398435339332, 0.011093451641499996, 133423.1875, 153453.109375, 85676.7578125, 131964.265625, 142133.953125, 102674.7578125, 0.17408493161201477, -2.01824951171875, -4.427298545837402, -1.9327043294906616, -5.705352783203125, -2.0376973152160645, 0.0, 0.0, 2.0, 2.1033506393432617, 0.0, 0.0, 0.0
44032, 1.168596863746643, -0.20094601809978485, 0.005874071270227432, 0.006370924413204193, 0.0013009044341742992, 0.011475489474833012, 133433.234375, 153452.078125, 85680.5390625, 131954.203125, 142129.90625, 102680.1953125, 0.17408493161201477, -2.01824951171875, -4.427298545837402, -1.9327043294906616, -5.705352783203125, -2.0376973152160645, 0.0, 0.0, 2.0, 2.099088191986084, 0.0, 0.0, 0.0
44052, 1.168924331665039, -0.20091640949249268, 0.0061523690819740295, 0.007730770390480757, 0.0012908329954370856, 0.011522850953042507, 133414.78125, 153448.9375, 85677.5703125, 131958.109375, 142134.453125, 102684.3203125, 0.17408493161201477, -2.01824951171875, -4.427298545837402, -1.9327043294906616, -5.705352783203125, -2.0376973152160645, 0.0, 0.0, 2.0, 2.0951099395751953, 0.0, 0.0, 0.0
44072, 1.1686761379241943, -0.20092368125915527, 0.00638065580278635, 0.006617818493396044, 0.001108479918912053, 0.01117933914065361, 133424.828125, 153455.0, 85673.7890625, 131949.71875, 142132.1875, 102676.0703125, 0.17408493161201477, -2.01824951171875, -4.427298545837402, -1.9327043294906616, -5.705352783203125, -2.0376973152160645, 0.0, 0.0, 2.0, 2.0929713249206543, 0.0, 0.0, 0.0
44092, 1.1690274477005005, -0.201194629073143, 0.006404148414731026, 0.008160862140357494, 7.1196877797774505e-06, 0.010628500953316689, 133429.9375, 153453.53125, 85668.390625, 131961.515625, 142140.78125, 102683.5703125, 0.17408493161201477, -2.01824951171875, -4.427298545837402, -1.9327043294906616, -5.705352783203125, -2.0376973152160645, 0.0, 0.0, 2.0, 2.089973211288452, 0.0, 0.0, 0.0
44112, 1.1687344312667847, -0.20091964304447174, 0.006619475316256285, 0.006875017192214727, 0.0013381995959207416, 0.010675901547074318, 133435.046875, 153445.171875, 85662.71875, 131958.109375, 142134.453125, 102677.3828125, 0.17408493161201477, -2.01824951171875, -4.427298545837402, -1.9327043294906616, -5.705352783203125, -2.0376973152160645, 0.0, 0.0, 2.0, 2.0866198539733887, 0.0, 0.0, 0.0
44132, 1.1686877012252808, -0.20121489465236664, 0.006150766275823116, 0.006612390745431185, -0.0002141177246812731, 0.007640340365469456, 133442.84375, 153446.625, 85654.8984375, 131963.765625, 142130.40625, 102674.0078125, 0.17408493161201477, -2.01824951171875, -4.427298545837402, -1.9327043294906616, -5.705352783203125, -2.0376973152160645, 0.0, 0.0, 2.0, 2.0847671031951904, 0.0, 0.0, 0.0
44152, 1.1688343286514282, -0.20122180879116058, 0.006313341669738293, 0.007376698777079582, -0.000422389101004228, 0.007898570969700813, 133450.8125, 153448.9375, 85656.7890625, 131967.09375, 142127.140625, 102669.8828125, 0.17408493161201477, -2.01824951171875, -4.427298545837402, -1.9327043294906616, -5.705352783203125, -2.0376973152160645, 0.0, 0.0, 2.0, 2.0796308517456055, 0.0, 0.0, 0.0
44172, 1.1692605018615723, -0.2012050896883011, 0.005133948288857937, 0.009582308121025562, -0.00042598097934387624, 0.0009067568462342024, 133444.046875, 153440.140625, 85661.6484375, 131969.328125, 142132.1875, 102677.3828125, 0.17408493161201477, -2.01824951171875, -4.427298545837402, -1.9327043294906616, -5.705352783203125, -2.0376973152160645, 0.0, 0.0, 2.0, 2.075848340988159, 0.0, 0.0, 0.0
44192, 1.1682566404342651, -0.20124393701553345, 0.005160749889910221, 0.0047707813791930676, -0.0005359004717320204, 0.0012084809131920338, 133450.8125, 153444.75, 85664.34375, 131963.1875, 142134.953125, 102666.5078125, 0.17408493161201477, -2.01824951171875, -4.427298545837402, -1.9327043294906616, -5.705352783203125, -2.0376973152160645, 0.0, 0.0, 2.0, 2.0723397731781006, 0.0, 0.0, 0.0
44212, 1.169363021850586, -0.20121003687381744, 0.004324328154325485, 0.010167405009269714, -0.0005576928379014134, -0.003541377140209079, 133433.84375, 153442.875, 85670.015625, 131953.703125, 142134.453125, 102673.25, 0.17408493161201477, -2.01824951171875, -4.427298545837402, -1.9327043294906616, -5.705352783203125, -2.0376973152160645, 0.0, 0.0, 2.0, 2.0663318634033203, 0.0, 0.0, 0.0
44232, 1.1692419052124023, -0.20120787620544434, 0.0042544580064713955, 0.009598932228982449, -0.0006425903993658721, -0.0036183828487992287, 133429.9375, 153444.75, 85672.7109375, 131958.109375, 142130.40625, 102671.1875, 0.17408493161201477, -2.01824951171875, -4.427298545837402, -1.9327043294906616, -5.705352783203125, -2.0376973152160645, 0.0, 0.0, 2.0, 2.06337833404541, 0.0, 0.0, 0.0
44252, 1.1694793701171875, -0.20089589059352875, 0.003735952079296112, 0.0106969540938735, 0.0005998208653181791, -0.0056070503778755665, 133427.6875, 153445.171875, 85682.4296875, 131956.453125, 142130.40625, 102678.1328125, 0.17408493161201477, -2.01824951171875, -4.427298545837402, -1.9327043294906616, -5.705352783203125, -2.0376973152160645, 0.0, 0.0, 2.0, 2.0596048831939697, 0.0, 0.0, 0.0
44272, 1.1682233810424805, -0.20149900019168854, 0.0036282544024288654, 0.004629218485206366, -0.002427921397611499, -0.005559445358812809, 133418.6875, 153453.53125, 85676.4921875, 131954.78125, 142129.40625, 102674.7578125, 0.17408493161201477, -2.01824951171875, -4.427298545837402, -1.9327043294906616, -5.705352783203125, -2.0376973152160645, 0.0, 0.0, 2.0, 2.0570600032806396, 0.0, 0.0, 0.0
44292, 1.1684577465057373, -0.2009466290473938, 0.0035235052928328514, 0.005656158085912466, 0.00040769437327980995, -0.005248068366199732, 133420.328125, 153453.53125, 85675.6796875, 131964.84375, 142128.625, 102676.8203125, 0.17408493161201477, -2.01824951171875, -4.427298545837402, -1.9327043294906616, -5.705352783203125, -2.0376973152160645, 0.0, 0.0, 2.0, 2.051374673843384, 0.0, 0.0, 0.0
44312, 1.169081687927246, -0.20092150568962097, 0.0036172252148389816, 0.00864857342094183, 0.00042721754289232194, -0.004292305558919907, 133429.9375, 153451.65625, 85669.203125, 131957.03125, 142134.453125, 102669.8828125, 0.17408493161201477, -2.01824951171875, -4.427298545837402, -1.9327043294906616, -5.705352783203125, -2.0376973152160645, 0.0, 0.0, 2.0, 2.0488181114196777, 0.0, 0.0, 0.0
44332, 1.1682727336883545, -0.20150862634181976, 0.003534776158630848, 0.004417733754962683, -0.002782202325761318, -0.0042852358892560005, 133442.40625, 153447.484375, 85661.375, 131960.9375, 142128.125, 102676.0703125, 0.17408493161201477, -2.01824951171875, -4.427298545837402, -1.9327043294906616, -5.705352783203125, -2.0376973152160645, 0.0, 0.0, 2.0, 2.0453078746795654, 0.0, 0.0, 0.0
44352, 1.1682490110397339, -0.20122413337230682, 0.0032437448389828205, 0.004432382062077522, -0.0011518155224621296, -0.005307379178702831, 133450.203125, 153439.71875, 85656.7890625, 131957.03125, 142131.6875, 102677.3828125, 0.17408493161201477, -2.01824951171875, -4.427298545837402, -1.9327043294906616, -5.705352783203125, -2.0376973152160645, 0.0, 0.0, 2.0, 2.0399959087371826, 0.0, 0.0, 0.0
44372, 1.1690601110458374, -0.2011873424053192, 0.0031414080876857042, 0.008937016129493713, -0.0008947888272814453, -0.005244758911430836, 133442.40625, 153453.53125, 85659.7578125, 131964.84375, 142132.1875, 102668.5703125, 0.17408493161201477, -2.01824951171875, -4.427298545837402, -1.9327043294906616, -5.705352783203125, -2.0376973152160645, 0.0, 0.0, 2.0, 2.035853385925293, 0.0, 0.0, 0.0
44392, 1.1689841747283936, -0.20119276642799377, 0.00381338968873024, 0.008958094753324986, -0.000868455390445888, -0.0012491591041907668, 133448.5625, 153449.359375, 85659.7578125, 131967.671875, 142138.515625, 102669.125, 0.17408493161201477, -2.01824951171875, -4.427298545837402, -1.9327043294906616, -5.705352783203125, -2.0376973152160645, 0.0, 0.0, 2.0, 2.0327250957489014, 0.0, 0.0, 0.0
44412, 1.168178677558899, -0.20145180821418762, 0.0037930281832814217, 0.004797691013664007, -0.002223748015239835, -0.0013402743497863412, 133441.796875, 153447.484375, 85656.7890625, 131960.9375, 142134.953125, 102667.8203125, 0.17408493161201477, -2.01824951171875, -4.427298545837402, -1.9327043294906616, -5.705352783203125, -2.0376973152160645, 0.0, 0.0, 2.0, 2.028165102005005, 0.0, 0.0, 0.0
44432, 1.169026255607605, -0.20119492709636688, 0.003458575112745166, 0.009257569909095764, -0.0009718296932987869, -0.00281269708648324, 133432.1875, 153447.484375, 85664.34375, 131963.1875, 142128.125, 102668.5703125, 0.17408493161201477, -2.01824951171875, -4.427298545837402, -1.9327043294906616, -5.705352783203125, -2.0376973152160645, 0.0, 0.0, 2.0, 2.0246427059173584, 0.0, 0.0, 0.0
44452, 1.168834924697876, -0.20121577382087708, 0.0034030615352094173, 0.008323462679982185, -0.001216620672494173, -0.0028645240236073732, 133428.296875, 153449.359375, 85671.8984375, 131961.515625, 142140.28125, 102669.8828125, 0.17408493161201477, -2.01824951171875, -4.427298545837402, -1.9327043294906616, -5.705352783203125, -2.0376973152160645, 0.0, 0.0, 2.0, 2.021766185760498, 0.0, 0.0, 0.0
44472, 1.1688807010650635, -0.2009638398885727, 0.0035902673844248056, 0.008620874024927616, 0.0002884951245505363, -0.001713847741484642, 133425.4375, 153453.53125, 85680.5390625, 131964.265625, 142142.5625, 102668.5703125, 0.17408493161201477, -2.01824951171875, -4.427298545837402, -1.9327043294906616, -5.705352783203125, -2.0376973152160645, 0.0, 0.0, 2.0, 2.019792079925537, 0.0, 0.0, 0.0
44492, 1.168552041053772, -0.2007274180650711, 0.003562415950000286, 0.006974022835493088, 0.0016480180202051997, -0.001450107665732503, 133426.046875, 153451.65625, 85676.7578125, 131962.59375, 142136.234375, 102675.3125, 0.17408493161201477, -2.01824951171875, -4.427298545837402, -1.9327043294906616, -5.705352783203125, -2.0376973152160645, 0.0, 0.0, 2.0, 2.017913579940796, 0.0, 0.0, 0.0
44512, 1.1690776348114014, -0.20144857466220856, 0.0035383442882448435, 0.009174687787890434, -0.0024898399133235216, -0.0010777354473248124, 133427.078125, 153450.8125, 85672.9765625, 131958.6875, 142141.28125, 102673.25, 0.17408493161201477, -2.01824951171875, -4.427298545837402, -1.9327043294906616, -5.705352783203125, -2.0376973152160645, 0.0, 0.0, 2.0, 2.018872022628784, 0.0, 0.0, 0.0
44532, 1.169142246246338, -0.20123396813869476, 0.0032799746841192245, 0.008837807923555374, -0.002559160813689232, -0.0026700126472860575, 133436.6875, 153446.625, 85671.09375, 131954.203125, 142130.40625, 102672.6953125, 0.17408493161201477, -2.01824951171875, -4.427298545837402, -1.9327043294906616, -5.705352783203125, -2.0376973152160645, 0.0, 0.0, 2.0, 2.015641212463379, 0.0, 0.0, 0.0
44552, 1.1689367294311523, -0.20125600695610046, 0.0032321445178240538, 0.007946150377392769, -0.000497556000482291, -0.0020297090522944927, 133449.609375, 153444.75, 85659.7578125, 131964.84375, 142141.28125, 102671.9453125, 0.17408493161201477, -2.01824951171875, -4.427298545837402, -1.9327043294906616, -5.705352783203125, -2.0376973152160645, 0.0, 0.0, 2.0, 2.0137040615081787, 0.0, 0.0, 0.0
44572, 1.1691386699676514, -0.2012442797422409, 0.003942244220525026, 0.008899378590285778, 0.00010590899910312146, 0.001681623631156981, 133446.3125, 153442.453125, 85661.6484375, 131962.09375, 142136.734375, 102664.4453125, 0.17408493161201477, -2.01824951171875, -4.427298545837402, -1.9327043294906616, -5.705352783203125, -2.0376973152160645, 0.0, 0.0, 2.0, 2.0129921436309814, 0.0, 0.0, 0.0
44592, 1.1690878868103027, -0.20100222527980804, 0.003977518994361162, 0.008605783805251122, 0.0012306316057220101, 0.001676709158346057, 133439.546875, 153438.6875, 85659.4921875, 131961.515625, 142134.953125, 102668.5703125, 0.17408493161201477, -2.01824951171875, -4.427298545837402, -1.9327043294906616, -5.705352783203125, -2.0376973152160645, 0.0, 0.0, 2.0, 2.0105676651000977, 0.0, 0.0, 0.0
44612, 1.1691449880599976, -0.20124156773090363, 0.00443615298718214, 0.008755282498896122, 1.7051272038770549e-07, 0.0039827278815209866, 133447.953125, 153447.046875, 85659.7578125, 131968.25, 142131.6875, 102665.0, 0.17408493161201477, -2.01824951171875, -4.427298545837402, -1.9327043294906616, -5.705352783203125, -2.0376973152160645, 0.0, 0.0, 2.0, 2.008671522140503, 0.0, 0.0, 0.0
44632, 1.1693270206451416, -0.2012399435043335, 0.004519447684288025, 0.009544456377625465, 8.607374911662191e-05, 0.00427501555532217, 133435.046875, 153447.046875, 85667.3125, 131956.453125, 142139.015625, 102667.8203125, 0.17408493161201477, -2.01824951171875, -4.427298545837402, -1.9327043294906616, -5.705352783203125, -2.0376973152160645, 0.0, 0.0, 2.0, 2.0069596767425537, 0.0, 0.0, 0.0
44652, 1.1686782836914062, -0.20126959681510925, 0.004793068394064903, 0.006306290626525879, 0.0005358690395951271, 0.005431760102510452, 133441.203125, 153440.5625, 85667.3125, 131965.421875, 142136.734375, 102665.75, 0.17408493161201477, -2.01824951171875, -4.427298545837402, -1.9327043294906616, -5.705352783203125, -2.0376973152160645, 0.0, 0.0, 2.0, 2.003486156463623, 0.0, 0.0, 0.0
44672, 1.1690174341201782, -0.2012537270784378, 0.004901972599327564, 0.008226471953094006, 0.0005749726551584899, 0.005382054951041937, 133432.1875, 153447.046875, 85670.015625, 131959.78125, 142138.515625, 102678.1328125, 0.17408493161201477, -2.01824951171875, -4.427298545837402, -1.9327043294906616, -5.705352783203125, -2.0376973152160645, 0.0, 0.0, 2.0, 2.001588821411133, 0.0, 0.0, 0.0
44692, 1.1692205667495728, -0.2012356072664261, 0.00422314740717411, 0.009155389852821827, 0.000835986400488764, 0.0015355070354416966, 133430.546875, 153447.046875, 85674.8671875, 131954.78125, 142145.328125, 102670.6328125, 0.17408493161201477, -2.01824951171875, -4.427298545837402, -1.9327043294906616, -5.705352783203125, -2.0376973152160645, 0.0, 0.0, 2.0, 2.0015389919281006, 0.0, 0.0, 0.0
44712, 1.169142723083496, -0.20152203738689423, 0.00425622658804059, 0.009458580054342747, -0.000542909896466881, 0.0013226594310253859, 133419.890625, 153447.484375, 85671.8984375, 131969.328125, 142138.515625, 102672.6953125, 0.17408493161201477, -2.01824951171875, -4.427298545837402, -1.9327043294906616, -5.705352783203125, -2.0376973152160645, 0.0, 0.0, 2.0, 2.003769874572754, 0.0, 0.0, 0.0
44732, 1.1694986820220947, -0.2012202888727188, 0.004577345680445433, 0.011919591575860977, 0.0008496615337207913, 0.00317633175291121, 133421.53125, 153453.53125, 85672.9765625, 131958.109375, 142137.234375, 102674.0078125, 0.17408493161201477, -2.01824951171875, -4.427298545837402, -1.9327043294906616, -5.705352783203125, -2.0376973152160645, 0.0, 0.0, 2.0, 2.0094833374023438, 0.0, 0.0, 0.0
44752, 1.1692018508911133, -0.20061315596103668, 0.00464869849383831, 0.012747225351631641, 0.004346698056906462, 0.003591937478631735, 133423.1875, 153447.046875, 85669.203125, 131957.03125, 142136.734375, 102674.5625, 0.17408493161201477, -2.01824951171875, -4.427298545837402, -1.9327043294906616, -5.705352783203125, -2.0376973152160645, 0.0, 0.0, 2.0, 2.0175559520721436, 0.0, 0.0, 0.0
44772, 1.1695975065231323, -0.20118969678878784, 0.0048368689604103565, 0.010564163327217102, -0.00020948804740328342, 0.0040626078844070435, 133438.953125, 153451.65625, 85663.53125, 131963.1875, 142139.78125, 102667.8203125, 0.17408493161201477, -2.01824951171875, -4.427298545837402, -1.9327043294906616, -5.705352783203125, -2.0376973152160645, 0.0, 0.0, 2.0, 2.045919179916382, 0.0, 0.0, 0.0
44792, 1.1685818433761597, -0.20152412354946136, 0.004918809048831463, 0.0060698408633470535, -0.0021063867025077343, 0.004156171344220638, 133437.90625, 153449.359375, 85659.7578125, 131963.765625, 142138.515625, 102669.8828125, 0.17408493161201477, -2.01824951171875, -4.427298545837402, -1.9327043294906616, -5.705352783203125, -2.0376973152160645, 0.0, 0.0, 2.0, 2.0431928634643555, 0.0, 0.0, 0.0
44812, 1.1685374975204468, -0.20125699043273926, 0.005011379718780518, 0.004962367936968803, 0.0008411554154008627, 0.00478266179561615, 133454.109375, 153453.53125, 85658.6796875, 131965.421875, 142139.015625, 102667.8203125, 0.17408493161201477, -2.01824951171875, -4.427298545837402, -1.9327043294906616, -5.705352783203125, -2.0376973152160645, 0.0, 0.0, 2.0, 2.051112413406372, 0.0, 0.0, 0.0
44832, 1.1694382429122925, -0.20123489201068878, 0.006376828067004681, 0.005839615594595671, 6.76904310239479e-05, 0.010157031007111073, 133452.453125, 153451.234375, 85659.7578125, 131967.671875, 142139.015625, 102665.0, 0.17408493161201477, -2.01824951171875, -4.427298545837402, -1.9327043294906616, -5.705352783203125, -2.0376973152160645, 0.0, 0.0, 2.0, 2.057957172393799, 0.0, 0.0, 0.0
44852, 1.1685110330581665, -0.20129632949829102, 0.006581812631338835, 0.004969293251633644, 0.0018299489747732878, 0.01127157174050808, 133447.953125, 153444.328125, 85666.234375, 131970.5, 142134.953125, 102663.6875, 0.17408493161201477, -2.01824951171875, -4.427298545837402, -1.9327043294906616, -5.705352783203125, -2.0376973152160645, 0.0, 0.0, 2.0, 2.0354013442993164, 0.0, 0.0, 0.0
44872, 1.1691956520080566, -0.2011682391166687, 0.006155495997518301, 0.007580586709082127, 0.0025092754513025284, 0.008191050961613655, 133441.203125, 153451.234375, 85669.203125, 131965.421875, 142134.453125, 102671.9453125, 0.17408493161201477, -2.01824951171875, -4.427298545837402, -1.9327043294906616, -5.705352783203125, -2.0376973152160645, 0.0, 0.0, 2.0, 2.046168327331543, 0.0, 0.0, 0.0
44892, 1.1688129901885986, -0.2009354531764984, 0.006317898631095886, 0.005215547047555447, 0.0038673519156873226, 0.0072983806021511555, 133428.890625, 153447.046875, 85672.7109375, 131966.5, 142140.78125, 102666.5078125, 0.17408493161201477, -2.01824951171875, -4.427298545837402, -1.9327043294906616, -5.705352783203125, -2.0376973152160645, 0.0, 0.0, 2.0, 2.043600559234619, 0.0, 0.0, 0.0
44912, 1.1694302558898926, -0.20087049901485443, 0.005927833262830973, 0.007864531129598618, 0.003907862119376659, 0.005109359044581652, 133429.328125, 153451.234375, 85679.7265625, 131964.84375, 142134.953125, 102667.0625, 0.17408493161201477, -2.01824951171875, -4.427298545837402, -1.9327043294906616, -5.705352783203125, -2.0376973152160645, 0.0, 0.0, 2.0, 2.0433261394500732, 0.0, 0.0, 0.0
44932, 1.169184684753418, -0.20085839927196503, 0.006024850998073816, 0.006831804756075144, 0.003661433234810829, 0.004627236630767584, 133427.078125, 153449.359375, 85680.5390625, 131964.265625, 142139.015625, 102669.8828125, 0.17408493161201477, -2.01824951171875, -4.427298545837402, -1.9327043294906616, -5.705352783203125, -2.0376973152160645, 0.0, 0.0, 2.0, 2.03653883934021, 0.0, 0.0, 0.0
44952, 1.1693153381347656, -0.20078691840171814, 0.006504530552774668, 0.007770689204335213, 0.003632758976891637, 0.006679822690784931, 133423.78125, 153452.078125, 85670.28125, 131961.515625, 142130.40625, 102670.4375, 0.17408493161201477, -2.01824951171875, -4.427298545837402, -1.9327043294906616, -5.705352783203125, -2.0376973152160645, 0.0, 0.0, 2.0, 2.031961679458618, 0.0, 0.0, 0.0
44972, 1.1692582368850708, -0.2008206844329834, 0.006643425673246384, 0.0077824960462749004, 0.003228025510907173, 0.006631786935031414, 133435.046875, 153449.359375, 85668.125, 131963.1875, 142137.734375, 102665.75, 0.17408493161201477, -2.01824951171875, -4.427298545837402, -1.9327043294906616, -5.705352783203125, -2.0376973152160645, 0.0, 0.0, 2.0, 2.0278260707855225, 0.0, 0.0, 0.0
44992, 1.1691770553588867, -0.20086036622524261, 0.006892840843647718, 0.007582990452647209, 0.0026893874164670706, 0.00688170874491334, 133436.6875, 153453.53125, 85659.7578125, 131959.28125, 142134.953125, 102677.3828125, 0.17408493161201477, -2.01824951171875, -4.427298545837402, -1.9327043294906616, -5.705352783203125, -2.0376973152160645, 0.0, 0.0, 2.0, 2.024869918823242, 0.0, 0.0, 0.0
45012, 1.169832468032837, -0.20081563293933868, 0.0070292274467647076, 0.010572860017418861, 0.002614718396216631, 0.006960303522646427, 133452.453125, 153442.875, 85653.0078125, 131967.671875, 142142.5625, 102667.8203125, 0.17408493161201477, -2.01824951171875, -4.427298545837402, -1.9327043294906616, -5.705352783203125, -2.0376973152160645, 0.0, 0.0, 2.0, 2.021470308303833, 0.0, 0.0, 0.0
45032, 1.1691380739212036, -0.2011459469795227, 0.00752472598105669, 0.007465418893843889, 0.0008354369201697409, 0.008634708821773529, 133445.703125, 153450.203125, 85659.4921875, 131967.671875, 142143.5625, 102663.6875, 0.17408493161201477, -2.01824951171875, -4.427298545837402, -1.9327043294906616, -5.705352783203125, -2.0376973152160645, 0.0, 0.0, 2.0, 2.0167183876037598, 0.0, 0.0, 0.0
45052, 1.1691615581512451, -0.20086178183555603, 0.007699229754507542, 0.007355760782957077, 0.002132162218913436, 0.008739331737160683, 133456.96875, 153452.078125, 85654.8984375, 131972.15625, 142143.0625, 102669.125, 0.17408493161201477, -2.01824951171875, -4.427298545837402, -1.9327043294906616, -5.705352783203125, -2.0376973152160645, 0.0, 0.0, 2.0, 2.0144147872924805, 0.0, 0.0, 0.0
45072, 1.1694990396499634, -0.20054635405540466, 0.007871479727327824, 0.009209164418280125, 0.0036429096944630146, 0.008700203150510788, 133444.046875, 153451.65625, 85670.015625, 131965.421875, 142138.515625, 102669.8828125, 0.17408493161201477, -2.01824951171875, -4.427298545837402, -1.9327043294906616, -5.705352783203125, -2.0376973152160645, 0.0, 0.0, 2.0, 2.011101722717285, 0.0, 0.0, 0.0
45092, 1.169130563735962, -0.20086924731731415, 0.007668190635740757, 0.006999300792813301, 0.001503860461525619, 0.006741756107658148, 133445.09375, 153447.046875, 85661.6484375, 131974.40625, 142134.953125, 102669.125, 0.17408493161201477, -2.01824951171875, -4.427298545837402, -1.9327043294906616, -5.705352783203125, -2.0376973152160645, 0.0, 0.0, 2.0, 2.0067391395568848, 0.0, 0.0, 0.0
45112, 1.1685519218444824, -0.20088627934455872, 0.007805755361914635, 0.00437158765271306, 0.001292588422074914, 0.007127383723855019, 133435.046875, 153449.359375, 85670.015625, 131965.421875, 142134.453125, 102667.8203125, 0.17408493161201477, -2.01824951171875, -4.427298545837402, -1.9327043294906616, -5.705352783203125, -2.0376973152160645, 0.0, 0.0, 2.0, 2.005244255065918, 0.0, 0.0, 0.0
45132, 1.169272541999817, -0.20085252821445465, 0.006326822564005852, 0.008205397985875607, 0.001064192969352007, -0.0011215884005650878, 133432.796875, 153458.140625, 85674.6015625, 131963.1875, 142134.453125, 102665.75, 0.17408493161201477, -2.01824951171875, -4.427298545837402, -1.9327043294906616, -5.705352783203125, -2.0376973152160645, 0.0, 0.0, 2.0, 2.0007104873657227, 0.0, 0.0, 0.0
45152, 1.1693028211593628, -0.20054633915424347, 0.006308447103947401, 0.008041094988584518, 0.0023193855304270983, -0.000757835921831429, 133432.796875, 153449.359375, 85676.4921875, 131959.28125, 142141.28125, 102673.25, 0.17408493161201477, -2.01824951171875, -4.427298545837402, -1.9327043294906616, -5.705352783203125, -2.0376973152160645, 0.0, 0.0, 2.0, 1.9972476959228516, 0.0, 0.0, 0.0
45172, 1.1693803071975708, -0.20084306597709656, 0.00616253400221467, 0.008448963053524494, 0.0006940193707123399, -0.0015526583883911371, 133428.890625, 153447.046875, 85668.125, 131963.1875, 142130.40625, 102671.1875, 0.17408493161201477, -2.01824951171875, -4.427298545837402, -1.9327043294906616, -5.705352783203125, -2.0376973152160645, 0.0, 0.0, 2.0, 1.9942266941070557, 0.0, 0.0, 0.0
45192, 1.1686744689941406, -0.20145592093467712, 0.0061367652378976345, 0.004999458324164152, -0.0024234438315033913, -0.0016759259160608053, 133437.296875, 153449.359375, 85667.859375, 131965.421875, 142132.1875, 102665.75, 0.17408493161201477, -2.01824951171875, -4.427298545837402, -1.9327043294906616, -5.705352783203125, -2.0376973152160645, 0.0, 0.0, 2.0, 1.991087555885315, 0.0, 0.0, 0.0
45212, 1.1693159341812134, -0.20084625482559204, 0.0064757028594613075, 0.008080443367362022, 0.0009284200496040285, 0.0003769169270526618, 133441.203125, 153449.78125, 85656.7890625, 131961.515625, 142137.234375, 102663.6875, 0.17408493161201477, -2.01824951171875, -4.427298545837402, -1.9327043294906616, -5.705352783203125, -2.0376973152160645, 0.0, 0.0, 2.0, 1.9872058629989624, 0.0, 0.0, 0.0
45232, 1.1686385869979858, -0.20087821781635284, 0.0064874691888689995, 0.005316807888448238, 0.0007522035157307982, 0.00026504238485358655, 133446.3125, 153452.6875, 85665.421875, 131969.328125, 142144.0625, 102665.0, 0.17408493161201477, -2.01824951171875, -4.427298545837402, -1.9327043294906616, -5.705352783203125, -2.0376973152160645, 0.0, 0.0, 2.0, 1.982720971107483, 0.0, 0.0, 0.0
45252, 1.168575644493103, -0.20115871727466583, 0.007112558465451002, 0.0051206680946052074, -0.0009618302574381232, 0.003881216049194336, 133451.40625, 153444.75, 85655.9765625, 131969.90625, 142143.5625, 102665.75, 0.17408493161201477, -2.01824951171875, -4.427298545837402, -1.9327043294906616, -5.705352783203125, -2.0376973152160645, 0.0, 0.0, 2.0, 1.9806740283966064, 0.0, 0.0, 0.0
45272, 1.1692092418670654, -0.20085729658603668, 0.007186932489275932, 0.008068487048149109, 0.0006097822915762663, 0.003574979957193136, 133450.8125, 153448.9375, 85656.7890625, 131970.5, 142135.453125, 102669.8828125, 0.17408493161201477, -2.01824951171875, -4.427298545837402, -1.9327043294906616, -5.705352783203125, -2.0376973152160645, 0.0, 0.0, 2.0, 1.9767793416976929, 0.0, 0.0, 0.0
45292, 1.1694145202636719, -0.20084187388420105, 0.006381675135344267, 0.00916694663465023, 0.0006351766060106456, -0.0011032058391720057, 133450.203125, 153447.484375, 85666.234375, 131974.40625, 142139.5, 102669.8828125, 0.17408493161201477, -2.01824951171875, -4.427298545837402, -1.9327043294906616, -5.705352783203125, -2.0376973152160645, 0.0, 0.0, 2.0, 1.9730494022369385, 0.0, 0.0, 0.0
45312, 1.1693174839019775, -0.20085743069648743, 0.006363593973219395, 0.008472668007016182, 0.00044727057684212923, -0.0007670447812415659, 133444.046875, 153455.84375, 85672.9765625, 131973.8125, 142139.5, 102669.125, 0.17408493161201477, -2.01824951171875, -4.427298545837402, -1.9327043294906616, -5.705352783203125, -2.0376973152160645, 0.0, 0.0, 2.0, 1.970694899559021, 0.0, 0.0, 0.0
45332, 1.1697416305541992, -0.20084385573863983, 0.006353451404720545, 0.010389808565378189, 0.0005328172701410949, -0.000944103638175875, 133436.6875, 153447.484375, 85676.7578125, 131967.09375, 142144.84375, 102669.125, 0.17408493161201477, -2.01824951171875, -4.427298545837402, -1.9327043294906616, -5.705352783203125, -2.0376973152160645, 0.0, 0.0, 2.0, 1.9671887159347534, 0.0, 0.0, 0.0
45352, 1.169212818145752, -0.2011350691318512, 0.005743466317653656, 0.00825384259223938, -0.0007594326743856072, -0.0037585673853754997, 133441.796875, 153448.9375, 85676.7578125, 131967.09375, 142139.015625, 102669.125, 0.17408493161201477, -2.01824951171875, -4.427298545837402, -1.9327043294906616, -5.705352783203125, -2.0376973152160645, 0.0, 0.0, 2.0, 1.964799404144287, 0.0, 0.0, 0.0
45372, 1.1693944931030273, -0.20114848017692566, 0.0056657143868505955, 0.00915432907640934, -0.0006017554551362991, -0.003585082245990634, 133434.4375, 153449.359375, 85674.8671875, 131965.421875, 142143.0625, 102674.5625, 0.17408493161201477, -2.01824951171875, -4.427298545837402, -1.9327043294906616, -5.705352783203125, -2.0376973152160645, 0.0, 0.0, 2.0, 1.9619437456130981, 0.0, 0.0, 0.0
45392, 1.169026494026184, -0.20115914940834045, 0.005315523594617844, 0.007332150824368, -0.0008020541863515973, -0.004915918223559856, 133436.09375, 153448.9375, 85675.9453125, 131963.765625, 142144.84375, 102669.125, 0.17408493161201477, -2.01824951171875, -4.427298545837402, -1.9327043294906616, -5.705352783203125, -2.0376973152160645, 0.0, 0.0, 2.0, 1.9592857360839844, 0.0, 0.0, 0.0
45412, 1.1692568063735962, -0.20086903870105743, 0.005218497943133116, 0.008324507623910904, 0.0007537131896242499, -0.005048153456300497, 133437.296875, 153453.53125, 85671.09375, 131963.1875, 142136.734375, 102667.8203125, 0.17408493161201477, -2.01824951171875, -4.427298545837402, -1.9327043294906616, -5.705352783203125, -2.0376973152160645, 0.0, 0.0, 2.0, 1.9565680027008057, 0.0, 0.0, 0.0
45432, 1.1689385175704956, -0.20088934898376465, 0.005028854124248028, 0.0070397453382611275, 0.0005513301584869623, -0.005556532181799412, 133443.453125, 153447.046875, 85669.203125, 131967.09375, 142141.28125, 102663.6875, 0.17408493161201477, -2.01824951171875, -4.427298545837402, -1.9327043294906616, -5.705352783203125, -2.0376973152160645, 0.0, 0.0, 2.0, 1.952964186668396, 0.0, 0.0, 0.0
45452, 1.16927969455719, -0.20087651908397675, 0.004920465871691704, 0.008562402799725533, 0.00046923113404773176, -0.005257020704448223, 133448.5625, 153451.65625, 85661.6484375, 131965.421875, 142143.5625, 102663.6875, 0.17408493161201477, -2.01824951171875, -4.427298545837402, -1.9327043294906616, -5.705352783203125, -2.0376973152160645, 0.0, 0.0, 2.0, 1.950790524482727, 0.0, 0.0, 0.0
45472, 1.1696079969406128, -0.2008693516254425, 0.005700492300093174, 0.010392135940492153, 0.00035640227724798024, -0.0005466479924507439, 133457.5625, 153446.625, 85664.609375, 131974.40625, 142143.5625, 102662.9375, 0.17408493161201477, -2.01824951171875, -4.427298545837402, -1.9327043294906616, -5.705352783203125, -2.0376973152160645, 0.0, 0.0, 2.0, 1.9482464790344238, 0.0, 0.0, 0.0
45492, 1.1686886548995972, -0.20143906772136688, 0.005699229892343283, 0.005622090771794319, -0.0024344802368432283, -0.0002618985017761588, 133454.109375, 153452.078125, 85655.9765625, 131980.546875, 142136.734375, 102662.9375, 0.17408493161201477, -2.01824951171875, -4.427298545837402, -1.9327043294906616, -5.705352783203125, -2.0376973152160645, 0.0, 0.0, 2.0, 1.9472968578338623, 0.0, 0.0, 0.0
45512, 1.1689454317092896, -0.20115716755390167, 0.005015885457396507, 0.006871335674077272, -0.0005374042666517198, -0.003156542545184493, 133447.953125, 153450.8125, 85666.234375, 131967.671875, 142141.28125, 102663.6875, 0.17408493161201477, -2.01824951171875, -4.427298545837402, -1.9327043294906616, -5.705352783203125, -2.0376973152160645, 0.0, 0.0, 2.0, 1.9437148571014404, 0.0, 0.0, 0.0
45532, 1.169157862663269, -0.20089328289031982, 0.004954495467245579, 0.0080743208527565, 0.0011858524521812797, -0.003219322767108679, 133445.703125, 153447.046875, 85671.8984375, 131965.421875, 142146.328125, 102664.25, 0.17408493161201477, -2.01824951171875, -4.427298545837402, -1.9327043294906616, -5.705352783203125, -2.0376973152160645, 0.0, 0.0, 2.0, 1.94068443775177, 0.0, 0.0, 0.0
45552, 1.169304609298706, -0.20090067386627197, 0.004951937589794397, 0.008731748908758163, 0.0011887976434081793, -0.003030764404684305, 133444.046875, 153442.015625, 85676.7578125, 131969.328125, 142144.0625, 102669.125, 0.17408493161201477, -2.01824951171875, -4.427298545837402, -1.9327043294906616, -5.705352783203125, -2.0376973152160645, 0.0, 0.0, 2.0, 1.9380052089691162, 0.0, 0.0, 0.0
45572, 1.169486403465271, -0.2008761167526245, 0.004894291516393423, 0.009496884420514107, 0.0012545747449621558, -0.003027813509106636, 133435.046875, 153449.359375, 85680.5390625, 131973.8125, 142141.28125, 102667.8203125, 0.17408493161201477, -2.01824951171875, -4.427298545837402, -1.9327043294906616, -5.705352783203125, -2.0376973152160645, 0.0, 0.0, 2.0, 1.9346799850463867, 0.0, 0.0, 0.0
45592, 1.169277548789978, -0.20113883912563324, 0.004838160239160061, 0.008182291872799397, -0.00026239227736368775, -0.002874911529943347, 133432.796875, 153449.78125, 85670.828125, 131969.328125, 142134.453125, 102667.0625, 0.17408493161201477, -2.01824951171875, -4.427298545837402, -1.9327043294906616, -5.705352783203125, -2.0376973152160645, 0.0, 0.0, 2.0, 1.930834412574768, 0.0, 0.0, 0.0
45612, 1.169411540031433, -0.20114731788635254, 0.005696949083358049, 0.008713871240615845, -0.00013162587129045278, 0.0015296932542696595, 133441.203125, 153449.359375, 85671.8984375, 131964.84375, 142141.28125, 102668.5703125, 0.17408493161201477, -2.01824951171875, -4.427298545837402, -1.9327043294906616, -5.705352783203125, -2.0376973152160645, 0.0, 0.0, 2.0, 1.9272109270095825, 0.0, 0.0, 0.0
45632, 1.1697711944580078, -0.20113500952720642, 0.005732658319175243, 0.01066290307790041, -0.00020413305901456624, 0.002089479472488165, 133441.796875, 153451.234375, 85667.3125, 131967.09375, 142143.5625, 102667.0625, 0.17408493161201477, -2.01824951171875, -4.427298545837402, -1.9327043294906616, -5.705352783203125, -2.0376973152160645, 0.0, 0.0, 2.0, 1.92425537109375, 0.0, 0.0, 0.0
45652, 1.1689138412475586, -0.2011777013540268, 0.005906284786760807, 0.006340456660836935, -0.00034386475454084575, 0.0027507166378200054, 133450.8125, 153445.171875, 85670.015625, 131972.15625, 142143.5625, 102667.8203125, 0.17408493161201477, -2.01824951171875, -4.427298545837402, -1.9327043294906616, -5.705352783203125, -2.0376973152160645, 0.0, 0.0, 2.0, 1.9191409349441528, 0.0, 0.0, 0.0
45672, 1.1698429584503174, -0.20083941519260406, 0.0059325979091227055, 0.01088540069758892, 0.0013622997794300318, 0.002603891771286726, 133452.453125, 153447.484375, 85659.7578125, 131978.890625, 142134.953125, 102667.8203125, 0.17408493161201477, -2.01824951171875, -4.427298545837402, -1.9327043294906616, -5.705352783203125, -2.0376973152160645, 0.0, 0.0, 2.0, 1.914137601852417, 0.0, 0.0, 0.0
45692, 1.1689780950546265, -0.2011844366788864, 0.005621739663183689, 0.006823026575148106, -0.0004633697390090674, 0.0009354944922961295, 133456.96875, 153451.65625, 85657.0546875, 131972.15625, 142141.28125, 102661.625, 0.17408493161201477, -2.01824951171875, -4.427298545837402, -1.9327043294906616, -5.705352783203125, -2.0376973152160645, 0.0, 0.0, 2.0, 1.9101603031158447, 0.0, 0.0, 0.0
45712, 1.169795274734497, -0.20113854110240936, 0.005628650542348623, 0.010878141038119793, -0.00023497884103562683, 0.0008177573326975107, 133456.96875, 153451.65625, 85665.421875, 131978.3125, 142143.0625, 102664.25, 0.17408493161201477, -2.01824951171875, -4.427298545837402, -1.9327043294906616, -5.705352783203125, -2.0376973152160645, 0.0, 0.0, 2.0, 1.908703327178955, 0.0, 0.0, 0.0
45732, 1.1695177555084229, -0.20085445046424866, 0.005393780302256346, 0.008154937997460365, 0.000509989564307034, -0.0004406976222526282, 133452.453125, 153444.75, 85668.390625, 131975.484375, 142141.78125, 102661.625, 0.17408493161201477, -2.01824951171875, -4.427298545837402, -1.9327043294906616, -5.705352783203125, -2.0376973152160645, 0.0, 0.0, 2.0, 1.8994567394256592, 0.0, 0.0, 0.0
45752, 1.1688200235366821, -0.20117872953414917, 0.005391632206737995, 0.0060009825974702835, -0.0003090950194746256, -5.172220335225575e-05, 133443.453125, 153451.65625, 85668.125, 131965.421875, 142141.78125, 102666.3125, 0.17408493161201477, -2.01824951171875, -4.427298545837402, -1.9327043294906616, -5.705352783203125, -2.0376973152160645, 0.0, 0.0, 2.0, 1.891152262687683, 0.0, 0.0, 0.0
45772, 1.1698015928268433, -0.2011469602584839, 0.005243789870291948, 0.010386927053332329, -0.00023191675427369773, -0.0007896142778918147, 133445.703125, 153455.421875, 85674.8671875, 131969.328125, 142139.5, 102667.0625, 0.17408493161201477, -2.01824951171875, -4.427298545837402, -1.9327043294906616, -5.705352783203125, -2.0376973152160645, 0.0, 0.0, 2.0, 1.8886346817016602, 0.0, 0.0, 0.0
45792, 1.1693819761276245, -0.20060965418815613, 0.005231788847595453, 0.007890092208981514, 0.0026441365480422974, -0.0005154586979188025, 133440.59375, 153453.53125, 85681.6171875, 131973.234375, 142139.5, 102660.875, 0.17408493161201477, -2.01824951171875, -4.427298545837402, -1.9327043294906616, -5.705352783203125, -2.0376973152160645, 0.0, 0.0, 2.0, 1.8813610076904297, 0.0, 0.0, 0.0
45812, 1.1696383953094482, -0.20087532699108124, 0.005142970010638237, 0.009205465205013752, 0.0012011976214125752, -0.0006164343794807792, 133434.4375, 153451.65625, 85681.3515625, 131965.421875, 142136.734375, 102667.0625, 0.17408493161201477, -2.01824951171875, -4.427298545837402, -1.9327043294906616, -5.705352783203125, -2.0376973152160645, 0.0, 0.0, 2.0, 1.8793340921401978, 0.0, 0.0, 0.0
45832, 1.1688059568405151, -0.20090122520923615, 0.005138527136296034, 0.004802226088941097, 0.0009013741509988904, -0.00028801787993870676, 133441.203125, 153458.140625, 85674.0546875, 131971.578125, 142140.78125, 102667.0625, 0.17408493161201477, -2.01824951171875, -4.427298545837402, -1.9327043294906616, -5.705352783203125, -2.0376973152160645, 0.0, 0.0, 2.0, 1.8779089450836182, 0.0, 0.0, 0.0
45852, 1.1694401502609253, -0.2008737027645111, 0.005131694488227367, 0.0077969725243747234, 0.0008527180179953575, -0.0003642054507508874, 133449.609375, 153449.78125, 85668.390625, 131973.8125, 142141.28125, 102670.4375, 0.17408493161201477, -2.01824951171875, -4.427298545837402, -1.9327043294906616, -5.705352783203125, -2.0376973152160645, 0.0, 0.0, 2.0, 1.875076413154602, 0.0, 0.0, 0.0
45872, 1.1694533824920654, -0.20058850944042206, 0.005482043605297804, 0.007981296628713608, 0.0022859470918774605, 0.001607026089914143, 133447.34375, 153447.484375, 85671.09375, 131972.15625, 142139.5, 102665.75, 0.17408493161201477, -2.01824951171875, -4.427298545837402, -1.9327043294906616, -5.705352783203125, -2.0376973152160645, 0.0, 0.0, 2.0, 1.8720682859420776, 0.0, 0.0, 0.0
45892, 1.16879403591156, -0.2008921056985855, 0.00552001828327775, 0.005109095014631748, 0.00031671012402512133, 0.0016417455626651645, 133461.90625, 153458.140625, 85666.5, 131973.8125, 142139.5, 102660.3203125, 0.17408493161201477, -2.01824951171875, -4.427298545837402, -1.9327043294906616, -5.705352783203125, -2.0376973152160645, 0.0, 0.0, 2.0, 1.8706109523773193, 0.0, 0.0, 0.0
45912, 1.1693376302719116, -0.2008708119392395, 0.00491420179605484, 0.008170302025973797, 0.0003785896406043321, -0.0018172385171055794, 133459.21875, 153449.359375, 85668.390625, 131978.890625, 142132.1875, 102667.8203125, 0.17408493161201477, -2.01824951171875, -4.427298545837402, -1.9327043294906616, -5.705352783203125, -2.0376973152160645, 0.0, 0.0, 2.0, 1.8681403398513794, 0.0, 0.0, 0.0
45932, 1.1692752838134766, -0.20087537169456482, 0.004876761697232723, 0.008023478090763092, 0.0006507050129584968, -0.002032884396612644, 133461.46875, 153445.171875, 85661.6484375, 131975.484375, 142136.234375, 102664.4453125, 0.17408493161201477, -2.01824951171875, -4.427298545837402, -1.9327043294906616, -5.705352783203125, -2.0376973152160645, 0.0, 0.0, 2.0, 1.865429162979126, 0.0, 0.0, 0.0
45952, 1.1686956882476807, -0.2013828605413437, 0.005707461852580309, 0.004866124130785465, -0.0022694156505167484, 0.002552485791966319, 133451.859375, 153451.234375, 85669.203125, 131973.8125, 142145.328125, 102660.875, 0.17408493161201477, -2.01824951171875, -4.427298545837402, -1.9327043294906616, -5.705352783203125, -2.0376973152160645, 0.0, 0.0, 2.0, 1.8632185459136963, 0.0, 0.0, 0.0
45972, 1.1693893671035767, -0.20064760744571686, 0.005766325164586306, 0.008071917109191418, 0.001681327004916966, 0.003008598927408457, 133446.3125, 153455.84375, 85671.09375, 131972.734375, 142143.0625, 102671.75, 0.17408493161201477, -2.01824951171875, -4.427298545837402, -1.9327043294906616, -5.705352783203125, -2.0376973152160645, 0.0, 0.0, 2.0, 1.8576585054397583, 0.0, 0.0, 0.0
45992, 1.16883385181427, -0.2009047567844391, 0.006310642696917057, 0.005626078229397535, 0.00045995923574082553, 0.005531194154173136, 133441.203125, 153444.75, 85675.9453125, 131971.578125, 142141.78125, 102660.875, 0.17408493161201477, -2.01824951171875, -4.427298545837402, -1.9327043294906616, -5.705352783203125, -2.0376973152160645, 0.0, 0.0, 2.0, 1.8546421527862549, 0.0, 0.0, 0.0
46012, 1.1694891452789307, -0.20086710155010223, 0.00642884848639369, 0.011019626632332802, 0.0018126295180991292, 0.006328694988042116, 133436.6875, 153444.75, 85681.6171875, 131957.609375, 142139.5, 102658.8125, 0.17408493161201477, -2.01824951171875, -4.427298545837402, -1.9327043294906616, -5.705352783203125, -2.0376973152160645, 0.0, 0.0, 2.0, 1.8625589609146118, 0.0, 0.0, 0.0
46032, 1.1685422658920288, -0.20131808519363403, 0.005548064596951008, 0.007327505387365818, 0.0007799683371558785, 0.0016390597447752953, 133443.453125, 153453.96875, 85677.8359375, 131970.5, 142141.28125, 102664.25, 0.17408493161201477, -2.01824951171875, -4.427298545837402, -1.9327043294906616, -5.705352783203125, -2.0376973152160645, 0.0, 0.0, 2.0, 1.8809973001480103, 0.0, 0.0, 0.0
46052, 1.168599009513855, -0.20106880366802216, 0.005587908439338207, 0.006750153377652168, 0.002943410538136959, 0.0021867381874471903, 133441.203125, 153451.234375, 85676.7578125, 131963.1875, 142143.5625, 102665.0, 0.17408493161201477, -2.01824951171875, -4.427298545837402, -1.9327043294906616, -5.705352783203125, -2.0376973152160645, 0.0, 0.0, 2.0, 1.8997235298156738, 0.0, 0.0, 0.0
46072, 1.1694313287734985, -0.20102545619010925, 0.005381313152611256, 0.007189159747213125, -5.161368608241901e-05, -0.0008661592728458345, 133440.59375, 153453.109375, 85671.09375, 131980.546875, 142139.5, 102665.0, 0.17408493161201477, -2.01824951171875, -4.427298545837402, -1.9327043294906616, -5.705352783203125, -2.0376973152160645, 0.0, 0.0, 2.0, 1.8989393711090088, 0.0, 0.0, 0.0
46092, 1.169424057006836, -0.20081470906734467, 0.005361722782254219, 0.0070688980631530285, 0.0015521578025072813, -0.0010980046354234219, 133447.34375, 153447.046875, 85672.171875, 131973.8125, 142138.515625, 102662.3828125, 0.17408493161201477, -2.01824951171875, -4.427298545837402, -1.9327043294906616, -5.705352783203125, -2.0376973152160645, 0.0, 0.0, 2.0, 1.8913862705230713, 0.0, 0.0, 0.0
46112, 1.1694395542144775, -0.20084382593631744, 0.0052124569192528725, 0.005065435077995062, 0.00039974544779397547, -0.002712898887693882, 133447.953125, 153451.234375, 85667.3125, 131976.640625, 142147.109375, 102666.3125, 0.17408493161201477, -2.01824951171875, -4.427298545837402, -1.9327043294906616, -5.705352783203125, -2.0376973152160645, 0.0, 0.0, 2.0, 1.872700572013855, 0.0, 0.0, 0.0
46132, 1.1694574356079102, -0.2010824829339981, 0.005161657929420471, 0.005029394757002592, -6.0907936131116e-05, -0.0023127407766878605, 133460.859375, 153456.265625, 85662.453125, 131974.984375, 142139.5, 102654.6875, 0.17408493161201477, -2.01824951171875, -4.427298545837402, -1.9327043294906616, -5.705352783203125, -2.0376973152160645, 0.0, 0.0, 2.0, 1.8460354804992676, 0.0, 0.0, 0.0
46152, 1.1692250967025757, -0.2011055052280426, 0.005123854614794254, 0.005501084960997105, 0.0004603201523423195, -0.0019392395624890924, 133461.46875, 153457.71875, 85672.171875, 131978.890625, 142145.328125, 102658.8125, 0.17408493161201477, -2.01824951171875, -4.427298545837402, -1.9327043294906616, -5.705352783203125, -2.0376973152160645, 0.0, 0.0, 2.0, 1.8265613317489624, 0.0, 0.0, 0.0
46172, 1.1689714193344116, -0.20091445744037628, 0.005444878712296486, 0.004233934450894594, 0.0013790492666885257, -4.474753950489685e-05, 133452.453125, 153446.625, 85672.9765625, 131973.8125, 142147.109375, 102660.125, 0.17408493161201477, -2.01824951171875, -4.427298545837402, -1.9327043294906616, -5.705352783203125, -2.0376973152160645, 0.0, 0.0, 2.0, 1.810900330543518, 0.0, 0.0, 0.0
46192, 1.169197916984558, -0.20091082155704498, 0.005447897594422102, 0.006303847301751375, 0.001674897619523108, 0.00016186032735276967, 133447.34375, 153453.53125, 85679.7265625, 131969.328125, 142151.15625, 102666.3125, 0.17408493161201477, -2.01824951171875, -4.427298545837402, -1.9327043294906616, -5.705352783203125, -2.0376973152160645, 0.0, 0.0, 2.0, 1.7965021133422852, 0.0, 0.0, 0.0
46212, 1.1691656112670898, -0.20111392438411713, 0.005688944365829229, 0.007632355205714703, 0.0004093647003173828, 0.002125670900568366, 133447.953125, 153448.5, 85683.5078125, 131972.734375, 142141.28125, 102660.875, 0.17408493161201477, -2.01824951171875, -4.427298545837402, -1.9327043294906616, -5.705352783203125, -2.0376973152160645, 0.0, 0.0, 2.0, 1.787638545036316, 0.0, 0.0, 0.0
46232, 1.169234275817871, -0.20091129839420319, 0.0057304115034639835, 0.008326629176735878, 0.001271963119506836, 0.002101837657392025, 133442.84375, 153455.421875, 85684.5859375, 131975.484375, 142135.453125, 102660.875, 0.17408493161201477, -2.01824951171875, -4.427298545837402, -1.9327043294906616, -5.705352783203125, -2.0376973152160645, 0.0, 0.0, 2.0, 1.7815184593200684, 0.0, 0.0, 0.0
46252, 1.1692402362823486, -0.20111675560474396, 0.00547354482114315, 0.008338995277881622, -8.365041139768437e-05, 0.00039541252772323787, 133437.734375, 153451.65625, 85686.46875, 131974.40625, 142146.328125, 102662.9375, 0.17408493161201477, -2.01824951171875, -4.427298545837402, -1.9327043294906616, -5.705352783203125, -2.0376973152160645, 0.0, 0.0, 2.0, 1.7767441272735596, 0.0, 0.0, 0.0
46272, 1.169217824935913, -0.20073117315769196, 0.005483587272465229, 0.007896802388131618, 0.0025002043694257736, 0.0005935028893873096, 133446.3125, 153447.046875, 85681.6171875, 131971.578125, 142136.734375, 102663.6875, 0.17408493161201477, -2.01824951171875, -4.427298545837402, -1.9327043294906616, -5.705352783203125, -2.0376973152160645, 0.0, 0.0, 2.0, 1.7692182064056396, 0.0, 0.0, 0.0
46292, 1.169533610343933, -0.20089979469776154, 0.005304016638547182, 0.00914931669831276, 0.0009972866391763091, -0.0003708471485879272, 133447.34375, 153449.359375, 85675.9453125, 131963.765625, 142140.28125, 102667.625, 0.17408493161201477, -2.01824951171875, -4.427298545837402, -1.9327043294906616, -5.705352783203125, -2.0376973152160645, 0.0, 0.0, 2.0, 1.7613271474838257, 0.0, 0.0, 0.0
46312, 1.1693767309188843, -0.20089685916900635, 0.005299432203173637, 0.007990106008946896, 0.0007230048649944365, -0.00029991831979714334, 133450.203125, 153449.359375, 85670.28125, 131972.15625, 142150.390625, 102662.9375, 0.17408493161201477, -2.01824951171875, -4.427298545837402, -1.9327043294906616, -5.705352783203125, -2.0376973152160645, 0.0, 0.0, 2.0, 1.754070520401001, 0.0, 0.0, 0.0
46332, 1.1697146892547607, -0.20088498294353485, 0.004777358379215002, 0.009271027520298958, 0.0004366475623100996, -0.003440386150032282, 133458.609375, 153449.359375, 85673.25, 131978.890625, 142147.109375, 102664.25, 0.17408493161201477, -2.01824951171875, -4.427298545837402, -1.9327043294906616, -5.705352783203125, -2.0376973152160645, 0.0, 0.0, 2.0, 1.7474257946014404, 0.0, 0.0, 0.0
46352, 1.169458270072937, -0.2011011391878128, 0.004718842450529337, 0.006747515872120857, -0.0010085180401802063, -0.0030244251247495413, 133454.703125, 153453.109375, 85670.28125, 131982.796875, 142141.28125, 102658.0625, 0.17408493161201477, -2.01824951171875, -4.427298545837402, -1.9327043294906616, -5.705352783203125, -2.0376973152160645, 0.0, 0.0, 2.0, 1.7372000217437744, 0.0, 0.0, 0.0
46372, 1.169581413269043, -0.20112593472003937, 0.005177156068384647, 0.007535688113421202, -0.0012508471263572574, 0.00014510712935589254, 133456.96875, 153453.53125, 85677.0234375, 131981.125, 142141.78125, 102658.8125, 0.17408493161201477, -2.01824951171875, -4.427298545837402, -1.9327043294906616, -5.705352783203125, -2.0376973152160645, 0.0, 0.0, 2.0, 1.7244020700454712, 0.0, 0.0, 0.0
46392, 1.1697465181350708, -0.20115028321743011, 0.00518548209220171, 0.008938472718000412, -0.0011861709645017982, 0.0005088214529678226, 133456.96875, 153453.109375, 85679.7265625, 131977.21875, 142145.328125, 102660.875, 0.17408493161201477, -2.01824951171875, -4.427298545837402, -1.9327043294906616, -5.705352783203125, -2.0376973152160645, 0.0, 0.0, 2.0, 1.7140998840332031, 0.0, 0.0, 0.0
46412, 1.1697510480880737, -0.20089343190193176, 0.00625589257106185, 0.008300320245325565, -0.00011060870747314766, 0.006324108690023422, 133456.359375, 153451.65625, 85675.1328125, 131979.46875, 142149.890625, 102658.8125, 0.17408493161201477, -2.01824951171875, -4.427298545837402, -1.9327043294906616, -5.705352783203125, -2.0376973152160645, 0.0, 0.0, 2.0, 1.7040706872940063, 0.0, 0.0, 0.0
46432, 1.169193983078003, -0.20149420201778412, 0.0063837068155407906, 0.002606805646792054, -0.003810004098340869, 0.0063948179595172405, 133448.5625, 153457.71875, 85683.5078125, 131978.3125, 142140.78125, 102662.1875, 0.17408493161201477, -2.01824951171875, -4.427298545837402, -1.9327043294906616, -5.705352783203125, -2.0376973152160645, 0.0, 0.0, 2.0, 1.6932318210601807, 0.0, 0.0, 0.0
46452, 1.169787049293518, -0.20123186707496643, 0.006524510681629181, 0.0036900886334478855, -0.002212035469710827, 0.0071932910941541195, 133443.453125, 153453.53125, 85681.3515625, 131970.5, 142149.890625, 102663.6875, 0.17408493161201477, -2.01824951171875, -4.427298545837402, -1.9327043294906616, -5.705352783203125, -2.0376973152160645, 0.0, 0.0, 2.0, 1.675533413887024, 0.0, 0.0, 0.0
46472, 1.1699641942977905, -0.2012670785188675, 0.0055739241652190685, 0.010259907692670822, -0.0016572916647419333, 0.0011463185073807836, 133440.59375, 153453.53125, 85687.28125, 131974.40625, 142143.5625, 102660.875, 0.17408493161201477, -2.01824951171875, -4.427298545837402, -1.9327043294906616, -5.705352783203125, -2.0376973152160645, 0.0, 0.0, 2.0, 1.6673219203948975, 0.0, 0.0, 0.0
46492, 1.1700114011764526, -0.20099250972270966, 0.005598197225481272, 0.009226957336068153, -0.0007044527446851134, 0.0013873185962438583, 133445.703125, 153447.046875, 85679.7265625, 131978.3125, 142142.5625, 102662.9375, 0.17408493161201477, -2.01824951171875, -4.427298545837402, -1.9327043294906616, -5.705352783203125, -2.0376973152160645, 0.0, 0.0, 2.0, 1.662298321723938, 0.0, 0.0, 0.0
46512, 1.1700903177261353, -0.20128360390663147, 0.004568873904645443, 0.007100801914930344, -0.001611433457583189, -0.004477976355701685, 133447.953125, 153444.328125, 85684.5859375, 131975.484375, 142149.390625, 102662.9375, 0.17408493161201477, -2.01824951171875, -4.427298545837402, -1.9327043294906616, -5.705352783203125, -2.0376973152160645, 0.0, 0.0, 2.0, 1.6578134298324585, 0.0, 0.0, 0.0
46532, 1.1701209545135498, -0.20159569382667542, 0.004479791037738323, 0.007435974199324846, -0.003737058723345399, -0.004328539129346609, 133459.21875, 153449.359375, 85678.1015625, 131978.890625, 142147.109375, 102660.875, 0.17408493161201477, -2.01824951171875, -4.427298545837402, -1.9327043294906616, -5.705352783203125, -2.0376973152160645, 0.0, 0.0, 2.0, 1.6547740697860718, 0.0, 0.0, 0.0
46552, 1.1699821949005127, -0.2009742259979248, 0.004229512065649033, 0.009299349039793015, -2.049372596957255e-06, -0.004983183927834034, 133463.109375, 153438.265625, 85672.9765625, 131987.859375, 142149.890625, 102664.25, 0.17408493161201477, -2.01824951171875, -4.427298545837402, -1.9327043294906616, -5.705352783203125, -2.0376973152160645, 0.0, 0.0, 2.0, 1.6480984687805176, 0.0, 0.0, 0.0
46572, 1.1698623895645142, -0.20069418847560883, 0.004134523682296276, 0.009120489470660686, 0.0013875130098313093, -0.004490542691200972, 133462.515625, 153453.53125, 85674.8671875, 131978.890625, 142143.5625, 102658.8125, 0.17408493161201477, -2.01824951171875, -4.427298545837402, -1.9327043294906616, -5.705352783203125, -2.0376973152160645, 0.0, 0.0, 2.0, 1.644521951675415, 0.0, 0.0, 0.0
46592, 1.1692410707473755, -0.20124191045761108, 0.004015103913843632, 0.00501605961471796, -0.0018665498355403543, -0.004615994170308113, 133464.765625, 153438.265625, 85680.8046875, 131985.625, 142139.5, 102666.3125, 0.17408493161201477, -2.01824951171875, -4.427298545837402, -1.9327043294906616, -5.705352783203125, -2.0376973152160645, 0.0, 0.0, 2.0, 1.6479326486587524, 0.0, 0.0, 0.0
46612, 1.1697359085083008, -0.20069611072540283, 0.003926517907530069, 0.005273222457617521, 0.000782850431278348, -0.0039055822417140007, 133452.453125, 153455.421875, 85677.8359375, 131985.046875, 142145.328125, 102663.5, 0.17408493161201477, -2.01824951171875, -4.427298545837402, -1.9327043294906616, -5.705352783203125, -2.0376973152160645, 0.0, 0.0, 2.0, 1.6414568424224854, 0.0, 0.0, 0.0
46632, 1.1691745519638062, -0.20118847489356995, 0.003513187635689974, 0.004094206728041172, -0.001987949712201953, -0.00595939252525568, 133458.609375, 153448.9375, 85677.8359375, 131980.546875, 142133.953125, 102660.125, 0.17408493161201477, -2.01824951171875, -4.427298545837402, -1.9327043294906616, -5.705352783203125, -2.0376973152160645, 0.0, 0.0, 2.0, 1.6394484043121338, 0.0, 0.0, 0.0
46652, 1.1700502634048462, -0.20091873407363892, 0.003397316439077258, 0.01089867576956749, 0.0003945457865484059, -0.005709876772016287, 133441.796875, 153458.140625, 85683.234375, 131981.125, 142139.5, 102660.875, 0.17408493161201477, -2.01824951171875, -4.427298545837402, -1.9327043294906616, -5.705352783203125, -2.0376973152160645, 0.0, 0.0, 2.0, 1.6357992887496948, 0.0, 0.0, 0.0
46672, 1.1693001985549927, -0.2014414221048355, 0.0031810193322598934, 0.0058608162216842175, -0.002366440137848258, -0.006159753538668156, 133445.09375, 153458.140625, 85685.390625, 131981.125, 142142.5625, 102655.4375, 0.17408493161201477, -2.01824951171875, -4.427298545837402, -1.9327043294906616, -5.705352783203125, -2.0376973152160645, 0.0, 0.0, 2.0, 1.6344187259674072, 0.0, 0.0, 0.0
46692, 1.1699049472808838, -0.20118466019630432, 0.0030562332831323147, 0.010013054125010967, -0.0008281914051622152, -0.006277055479586124, 133447.953125, 153455.84375, 85684.5859375, 131976.640625, 142149.890625, 102665.0, 0.17408493161201477, -2.01824951171875, -4.427298545837402, -1.9327043294906616, -5.705352783203125, -2.0376973152160645, 0.0, 0.0, 2.0, 1.6290366649627686, 0.0, 0.0, 0.0
46712, 1.1702667474746704, -0.20090508460998535, 0.002927397843450308, 0.01278766430914402, 0.0011825601104646921, -0.006367931142449379, 133458.0, 153451.234375, 85686.46875, 131978.3125, 142141.78125, 102662.1875, 0.17408493161201477, -2.01824951171875, -4.427298545837402, -1.9327043294906616, -5.705352783203125, -2.0376973152160645, 0.0, 0.0, 2.0, 1.6253365278244019, 0.0, 0.0, 0.0
46732, 1.1700308322906494, -0.20090673863887787, 0.002832772210240364, 0.010985237546265125, 0.001246831612661481, -0.006433590315282345, 133460.25, 153448.9375, 85681.6171875, 131982.796875, 142141.28125, 102658.8125, 0.17408493161201477, -2.01824951171875, -4.427298545837402, -1.9327043294906616, -5.705352783203125, -2.0376973152160645, 0.0, 0.0, 2.0, 1.6215447187423706, 0.0, 0.0, 0.0
46752, 1.170103669166565, -0.20118707418441772, 0.002707302337512374, 0.011118942871689796, -0.00011404783435864374, -0.006174904759973288, 133454.703125, 153453.53125, 85679.7265625, 131974.40625, 142145.828125, 102660.125, 0.17408493161201477, -2.01824951171875, -4.427298545837402, -1.9327043294906616, -5.705352783203125, -2.0376973152160645, 0.0, 0.0, 2.0, 1.6205800771713257, 0.0, 0.0, 0.0
46772, 1.1699649095535278, -0.2011939138174057, 0.0035829541739076376, 0.01079780887812376, -0.0002945209271274507, -0.0008653380791656673, 133467.015625, 153450.8125, 85677.8359375, 131982.796875, 142147.609375, 102662.9375, 0.17408493161201477, -2.01824951171875, -4.427298545837402, -1.9327043294906616, -5.705352783203125, -2.0376973152160645, 0.0, 0.0, 2.0, 1.6171491146087646, 0.0, 0.0, 0.0
46792, 1.170143723487854, -0.2011951208114624, 0.003569965483620763, 0.011145497672259808, -0.0004191806656308472, -0.0007365079945884645, 133464.765625, 153447.046875, 85669.203125, 131987.859375, 142140.78125, 102659.375, 0.17408493161201477, -2.01824951171875, -4.427298545837402, -1.9327043294906616, -5.705352783203125, -2.0376973152160645, 0.0, 0.0, 2.0, 1.6136152744293213, 0.0, 0.0, 0.0
46812, 1.1693716049194336, -0.20122016966342926, 0.00251215067692101, 0.006909147370606661, -0.00045669940300285816, -0.006128445267677307, 133461.46875, 153447.046875, 85676.7578125, 131991.1875, 142150.390625, 102665.0, 0.17408493161201477, -2.01824951171875, -4.427298545837402, -1.9327043294906616, -5.705352783203125, -2.0376973152160645, 0.0, 0.0, 2.0, 1.607788324356079, 0.0, 0.0, 0.0
46832, 1.1698750257492065, -0.20068104565143585, 0.0023951041512191296, 0.00925458688288927, 0.002235583495348692, -0.00583444582298398, 133465.359375, 153453.109375, 85681.8828125, 131989.53125, 142141.28125, 102655.4375, 0.17408493161201477, -2.01824951171875, -4.427298545837402, -1.9327043294906616, -5.705352783203125, -2.0376973152160645, 0.0, 0.0, 2.0, 1.6012887954711914, 0.0, 0.0, 0.0
46852, 1.1699550151824951, -0.20092256367206573, 0.002147915307432413, 0.010374218225479126, 0.001124429632909596, -0.0061003947630524635, 133455.75, 153455.421875, 85684.5859375, 131983.953125, 142143.5625, 102660.875, 0.17408493161201477, -2.01824951171875, -4.427298545837402, -1.9327043294906616, -5.705352783203125, -2.0376973152160645, 0.0, 0.0, 2.0, 1.6014316082000732, 0.0, 0.0, 0.0
46872, 1.1701693534851074, -0.200898677110672, 0.0020263714250177145, 0.011181800626218319, 0.0012259691720828414, -0.006080967839807272, 133447.953125, 153449.359375, 85689.171875, 131984.53125, 142145.828125, 102662.9375, 0.17408493161201477, -2.01824951171875, -4.427298545837402, -1.9327043294906616, -5.705352783203125, -2.0376973152160645, 0.0, 0.0, 2.0, 1.6002843379974365, 0.0, 0.0, 0.0
46892, 1.1705396175384521, -0.20088280737400055, 0.002342154737561941, 0.012086112052202225, 0.0014168414054438472, -0.0037867550272494555, 133449.609375, 153458.140625, 85697.8125, 131985.046875, 142140.78125, 102662.1875, 0.17408493161201477, -2.01824951171875, -4.427298545837402, -1.9327043294906616, -5.705352783203125, -2.0376973152160645, 0.0, 0.0, 2.0, 1.5986984968185425, 0.0, 0.0, 0.0
46912, 1.1697808504104614, -0.2009112685918808, 0.00227371696382761, 0.008456045761704445, 0.0011680939933285117, -0.003771742107346654, 133445.703125, 153449.359375, 85688.09375, 131982.796875, 142148.109375, 102659.5625, 0.17408493161201477, -2.01824951171875, -4.427298545837402, -1.9327043294906616, -5.705352783203125, -2.0376973152160645, 0.0, 0.0, 2.0, 1.5934442281723022, 0.0, 0.0, 0.0
46932, 1.1701374053955078, -0.2008904367685318, 0.002506482880562544, 0.00952569767832756, 0.0010939444182440639, -0.0022024582140147686, 133444.5, 153451.65625, 85687.28125, 131980.546875, 142148.109375, 102666.3125, 0.17408493161201477, -2.01824951171875, -4.427298545837402, -1.9327043294906616, -5.705352783203125, -2.0376973152160645, 0.0, 0.0, 2.0, 1.5859370231628418, 0.0, 0.0, 0.0
46952, 1.1708264350891113, -0.20084832608699799, 0.0024558447767049074, 0.012353630736470222, 0.0013683655997738242, -0.00239315303042531, 133452.453125, 153453.53125, 85682.4296875, 131984.453125, 142144.0625, 102658.8125, 0.17408493161201477, -2.01824951171875, -4.427298545837402, -1.9327043294906616, -5.705352783203125, -2.0376973152160645, 0.0, 0.0, 2.0, 1.5844593048095703, 0.0, 0.0, 0.0
46972, 1.1704034805297852, -0.20088228583335876, 0.002426054561510682, 0.010280418209731579, 0.0007394641870632768, -0.002291639568284154, 133460.859375, 153458.140625, 85677.8359375, 131985.625, 142145.828125, 102654.1328125, 0.17408493161201477, -2.01824951171875, -4.427298545837402, -1.9327043294906616, -5.705352783203125, -2.0376973152160645, 0.0, 0.0, 2.0, 1.5753804445266724, 0.0, 0.0, 0.0
46992, 1.1702550649642944, -0.20089541375637054, 0.0038736104033887386, 0.009433967992663383, 0.0005543380393646657, 0.005487642250955105, 133461.46875, 153447.046875, 85680.8046875, 131991.1875, 142147.109375, 102654.6875, 0.17408493161201477, -2.01824951171875, -4.427298545837402, -1.9327043294906616, -5.705352783203125, -2.0376973152160645, 0.0, 0.0, 2.0, 1.5683860778808594, 0.0, 0.0, 0.0
47012, 1.1704686880111694, -0.20087605714797974, 0.003988844808191061, 0.010776221752166748, 0.0009951555402949452, 0.005497323349118233, 133460.25, 153453.109375, 85678.9140625, 131985.625, 142148.109375, 102657.3125, 0.17408493161201477, -2.01824951171875, -4.427298545837402, -1.9327043294906616, -5.705352783203125, -2.0376973152160645, 0.0, 0.0, 2.0, 1.5649068355560303, 0.0, 0.0, 0.0
47032, 1.1701397895812988, -0.2008827030658722, 0.005345097742974758, 0.009551135823130608, 0.0013990422012284398, 0.012176611460745335, 133463.71875, 153451.234375, 85680.5390625, 131991.765625, 142141.28125, 102660.875, 0.17408493161201477, -2.01824951171875, -4.427298545837402, -1.9327043294906616, -5.705352783203125, -2.0376973152160645, 0.0, 0.0, 2.0, 1.5626534223556519, 0.0, 0.0, 0.0
47052, 1.1695022583007812, -0.20120173692703247, 0.005596771836280823, 0.0062494343146681786, -0.00027918213163502514, 0.011679688468575478, 133456.96875, 153448.9375, 85685.390625, 131987.859375, 142150.390625, 102654.6875, 0.17408493161201477, -2.01824951171875, -4.427298545837402, -1.9327043294906616, -5.705352783203125, -2.0376973152160645, 0.0, 0.0, 2.0, 1.5596085786819458, 0.0, 0.0, 0.0
47072, 1.1701034307479858, -0.20119141042232513, 0.004732991568744183, 0.009020117111504078, -0.0003940751194022596, 0.0062469239346683025, 133453.5, 153457.71875, 85685.390625, 131985.625, 142147.609375, 102657.5, 0.17408493161201477, -2.01824951171875, -4.427298545837402, -1.9327043294906616, -5.705352783203125, -2.0376973152160645, 0.0, 0.0, 2.0, 1.5570354461669922, 0.0, 0.0, 0.0
47092, 1.169479489326477, -0.20121462643146515, 0.004862620495259762, 0.006121412850916386, -0.0005766446702182293, 0.006494583562016487, 133451.25, 153450.8125, 85688.359375, 131987.859375, 142147.109375, 102660.875, 0.17408493161201477, -2.01824951171875, -4.427298545837402, -1.9327043294906616, -5.705352783203125, -2.0376973152160645, 0.0, 0.0, 2.0, 1.551355004310608, 0.0, 0.0, 0.0
47112, 1.1694515943527222, -0.20149771869182587, 0.004627765156328678, 0.006202484015375376, -0.0018728201976045966, 0.004857711028307676, 133453.5, 153457.71875, 85694.84375, 131987.859375, 142148.109375, 102656.0, 0.17408493161201477, -2.01824951171875, -4.427298545837402, -1.9327043294906616, -5.705352783203125, -2.0376973152160645, 0.0, 0.0, 2.0, 1.5489224195480347, 0.0, 0.0, 0.0
47132, 1.1702791452407837, -0.20118851959705353, 0.004726946819573641, 0.010346737690269947, -0.0002598207793198526, 0.004980482626706362, 133454.703125, 153455.0, 85690.25, 131983.375, 142152.15625, 102662.1875, 0.17408493161201477, -2.01824951171875, -4.427298545837402, -1.9327043294906616, -5.705352783203125, -2.0376973152160645, 0.0, 0.0, 2.0, 1.5435001850128174, 0.0, 0.0, 0.0
47152, 1.1701923608779907, -0.2006637156009674, 0.004524382762610912, 0.009644530713558197, 0.002186759142205119, 0.003623299766331911, 133454.703125, 153457.71875, 85688.625, 131987.28125, 142145.828125, 102658.0625, 0.17408493161201477, -2.01824951171875, -4.427298545837402, -1.9327043294906616, -5.705352783203125, -2.0376973152160645, 0.0, 0.0, 2.0, 1.5381920337677002, 0.0, 0.0, 0.0
47172, 1.1701465845108032, -0.20118853449821472, 0.0046068113297224045, 0.009897762909531593, -0.0006187143735587597, 0.0037926840595901012, 133460.859375, 153453.53125, 85686.46875, 131991.1875, 142149.390625, 102658.8125, 0.17408493161201477, -2.01824951171875, -4.427298545837402, -1.9327043294906616, -5.705352783203125, -2.0376973152160645, 0.0, 0.0, 2.0, 1.5348916053771973, 0.0, 0.0, 0.0
47192, 1.1699284315109253, -0.20120708644390106, 0.004809972830116749, 0.008925658650696278, -0.0007370860548689961, 0.004467241931706667, 133460.859375, 153453.109375, 85682.6953125, 131987.28125, 142152.15625, 102663.5, 0.17408493161201477, -2.01824951171875, -4.427298545837402, -1.9327043294906616, -5.705352783203125, -2.0376973152160645, 0.0, 0.0, 2.0, 1.5325901508331299, 0.0, 0.0, 0.0
47212, 1.1693248748779297, -0.2014739066362381, 0.004901599138975143, 0.005901590455323458, -0.001932381885126233, 0.004471367225050926, 133465.359375, 153446.203125, 85682.4296875, 131987.859375, 142149.390625, 102656.75, 0.17408493161201477, -2.01824951171875, -4.427298545837402, -1.9327043294906616, -5.705352783203125, -2.0376973152160645, 0.0, 0.0, 2.0, 1.530342698097229, 0.0, 0.0, 0.0
47232, 1.1699117422103882, -0.20122040808200836, 0.004994954913854599, 0.00865920726209879, -0.0005477623199112713, 0.004846569150686264, 133464.765625, 153453.109375, 85684.5859375, 131990.109375, 142148.109375, 102653.9375, 0.17408493161201477, -2.01824951171875, -4.427298545837402, -1.9327043294906616, -5.705352783203125, -2.0376973152160645, 0.0, 0.0, 2.0, 1.5254144668579102, 0.0, 0.0, 0.0
47252, 1.170116901397705, -0.20072327554225922, 0.004671784117817879, 0.009889299981296062, 0.00205384474247694, 0.0028249244205653667, 133463.109375, 153453.53125, 85679.7265625, 131990.109375, 142149.890625, 102658.0625, 0.17408493161201477, -2.01824951171875, -4.427298545837402, -1.9327043294906616, -5.705352783203125, -2.0376973152160645, 0.0, 0.0, 2.0, 1.5197014808654785, 0.0, 0.0, 0.0
47272, 1.1701973676681519, -0.20097070932388306, 0.004733021836727858, 0.010342618450522423, 0.0005314579466357827, 0.0031522412318736315, 133456.359375, 153444.75, 85682.6953125, 131996.265625, 142146.328125, 102659.375, 0.17408493161201477, -2.01824951171875, -4.427298545837402, -1.9327043294906616, -5.705352783203125, -2.0376973152160645, 0.0, 0.0, 2.0, 1.517196774482727, 0.0, 0.0, 0.0
47292, 1.1695947647094727, -0.2009945511817932, 0.004914317280054092, 0.007486023940145969, 0.00024785366258583963, 0.003913584165275097, 133456.359375, 153444.328125, 85691.0625, 131998.5, 142149.890625, 102658.0625, 0.17408493161201477, -2.01824951171875, -4.427298545837402, -1.9327043294906616, -5.705352783203125, -2.0376973152160645, 0.0, 0.0, 2.0, 1.5146310329437256, 0.0, 0.0, 0.0
47312, 1.1693183183670044, -0.20148639380931854, 0.00499704061076045, 0.006165937054902315, -0.0026270027738064528, 0.004042333923280239, 133453.5, 153450.8125, 85696.734375, 131994.015625, 142149.390625, 102656.75, 0.17408493161201477, -2.01824951171875, -4.427298545837402, -1.9327043294906616, -5.705352783203125, -2.0376973152160645, 0.0, 0.0, 2.0, 1.5139267444610596, 0.0, 0.0, 0.0
47332, 1.1701468229293823, -0.20074090361595154, 0.005065097939223051, 0.010327307507395744, 0.0014281076146289706, 0.0040680477395653725, 133453.5, 153451.234375, 85688.359375, 131992.359375, 142147.109375, 102658.0625, 0.17408493161201477, -2.01824951171875, -4.427298545837402, -1.9327043294906616, -5.705352783203125, -2.0376973152160645, 0.0, 0.0, 2.0, 1.511417031288147, 0.0, 0.0, 0.0
47352, 1.1698254346847534, -0.20076380670070648, 0.0051513295620679855, 0.008542942814528942, 0.001215276657603681, 0.004150692839175463, 133458.0, 153453.109375, 85692.140625, 131987.859375, 142146.828125, 102658.8125, 0.17408493161201477, -2.01824951171875, -4.427298545837402, -1.9327043294906616, -5.705352783203125, -2.0376973152160645, 0.0, 0.0, 2.0, 1.509621500968933, 0.0, 0.0, 0.0
47372, 1.1693891286849976, -0.20151486992835999, 0.004758994560688734, 0.006476386915892363, -0.002820364898070693, 0.0017633161041885614, 133459.65625, 153451.234375, 85689.171875, 131987.28125, 142152.15625, 102658.8125, 0.17408493161201477, -2.01824951171875, -4.427298545837402, -1.9327043294906616, -5.705352783203125, -2.0376973152160645, 0.0, 0.0, 2.0, 1.5107156038284302, 0.0, 0.0, 0.0
47392, 1.1702674627304077, -0.20125269889831543, 0.004793069325387478, 0.011023581959307194, -0.001221189508214593, 0.0016237356467172503, 133458.0, 153450.8125, 85692.953125, 131991.1875, 142147.109375, 102651.3125, 0.17408493161201477, -2.01824951171875, -4.427298545837402, -1.9327043294906616, -5.705352783203125, -2.0376973152160645, 0.0, 0.0, 2.0, 1.5068708658218384, 0.0, 0.0, 0.0
47412, 1.1694650650024414, -0.20154839754104614, 0.00568697415292263, 0.007375475950539112, -0.0026926654390990734, 0.006017000414431095, 133463.71875, 153455.84375, 85682.6953125, 131990.6875, 142156.21875, 102665.5625, 0.17408493161201477, -2.01824951171875, -4.427298545837402, -1.9327043294906616, -5.705352783203125, -2.0376973152160645, 0.0, 0.0, 2.0, 1.5063117742538452, 0.0, 0.0, 0.0
47432, 1.1694008111953735, -0.2012903094291687, 0.005809594411402941, 0.00650246674194932, -0.001104615512304008, 0.006120545789599419, 133464.765625, 153455.0, 85687.546875, 131990.109375, 142151.65625, 102654.6875, 0.17408493161201477, -2.01824951171875, -4.427298545837402, -1.9327043294906616, -5.705352783203125, -2.0376973152160645, 0.0, 0.0, 2.0, 1.5060060024261475, 0.0, 0.0, 0.0
47452, 1.1697001457214355, -0.2012813240289688, 0.006346331909298897, 0.00718053849413991, -0.0010944970417767763, 0.007749729789793491, 133465.96875, 153455.421875, 85684.5859375, 131994.015625, 142151.15625, 102657.3125, 0.17408493161201477, -2.01824951171875, -4.427298545837402, -1.9327043294906616, -5.705352783203125, -2.0376973152160645, 0.0, 0.0, 2.0, 1.5040911436080933, 0.0, 0.0, 0.0
47472, 1.170324683189392, -0.20126938819885254, 0.006500037852674723, 0.010021660476922989, -0.0011181733570992947, 0.007817409932613373, 133468.65625, 153455.0, 85692.140625, 131997.921875, 142149.390625, 102663.5, 0.17408493161201477, -2.01824951171875, -4.427298545837402, -1.9327043294906616, -5.705352783203125, -2.0376973152160645, 0.0, 0.0, 2.0, 1.4970736503601074, 0.0, 0.0, 0.0
47492, 1.1697133779525757, -0.20127065479755402, 0.006034679710865021, 0.006777569185942411, -0.0013458335306495428, 0.0046859001740813255, 133464.15625, 153455.421875, 85689.171875, 131996.265625, 142145.328125, 102659.375, 0.17408493161201477, -2.01824951171875, -4.427298545837402, -1.9327043294906616, -5.705352783203125, -2.0376973152160645, 0.0, 0.0, 2.0, 1.4934653043746948, 0.0, 0.0, 0.0
47512, 1.1697455644607544, -0.20101644098758698, 0.006127445958554745, 0.007762392517179251, -8.184255761989334e-07, 0.004598596133291721, 133454.703125, 153455.421875, 85699.96875, 131997.921875, 142154.9375, 102660.125, 0.17408493161201477, -2.01824951171875, -4.427298545837402, -1.9327043294906616, -5.705352783203125, -2.0376973152160645, 0.0, 0.0, 2.0, 1.490936279296875, 0.0, 0.0, 0.0
47532, 1.1699950695037842, -0.2015225738286972, 0.006220720708370209, 0.0091840336099267, -0.002609845483675599, 0.004747419152408838, 133456.359375, 153451.65625, 85694.03125, 131987.28125, 142149.390625, 102653.9375, 0.17408493161201477, -2.01824951171875, -4.427298545837402, -1.9327043294906616, -5.705352783203125, -2.0376973152160645, 0.0, 0.0, 2.0, 1.490372657775879, 0.0, 0.0, 0.0
47552, 1.1694293022155762, -0.20127828419208527, 0.0053954641334712505, 0.006509335711598396, -0.0007067793630994856, -8.731710840947926e-05, 133452.453125, 153453.53125, 85698.890625, 131995.671875, 142149.390625, 102661.4375, 0.17408493161201477, -2.01824951171875, -4.427298545837402, -1.9327043294906616, -5.705352783203125, -2.0376973152160645, 0.0, 0.0, 2.0, 1.4890023469924927, 0.0, 0.0, 0.0
47572, 1.1696524620056152, -0.2012769728899002, 0.005393459461629391, 0.007777555380016565, -0.0008039189851842821, -0.00014905347779858857, 133447.34375, 153457.71875, 85697.5390625, 131983.953125, 142141.28125, 102660.125, 0.17408493161201477, -2.01824951171875, -4.427298545837402, -1.9327043294906616, -5.705352783203125, -2.0376973152160645, 0.0, 0.0, 2.0, 1.48686683177948, 0.0, 0.0, 0.0
47592, 1.1696439981460571, -0.2010442167520523, 0.004807460121810436, 0.007872169837355614, 0.0004849385004490614, -0.003202413907274604, 133455.75, 153451.234375, 85700.7734375, 131990.109375, 142152.65625, 102665.5625, 0.17408493161201477, -2.01824951171875, -4.427298545837402, -1.9327043294906616, -5.705352783203125, -2.0376973152160645, 0.0, 0.0, 2.0, 1.4841325283050537, 0.0, 0.0, 0.0
47612, 1.1699782609939575, -0.20102955400943756, 0.00474286125972867, 0.009709883481264114, 0.000627837551292032, -0.003143708221614361, 133462.515625, 153453.53125, 85692.140625, 131991.765625, 142150.390625, 102661.4375, 0.17408493161201477, -2.01824951171875, -4.427298545837402, -1.9327043294906616, -5.705352783203125, -2.0376973152160645, 0.0, 0.0, 2.0, 1.4812177419662476, 0.0, 0.0, 0.0
47632, 1.1695138216018677, -0.20129571855068207, 0.0048018223606050014, 0.007240005303174257, -0.0010295342653989792, -0.0024006799794733524, 133459.21875, 153448.9375, 85692.40625, 131992.359375, 142147.609375, 102660.125, 0.17408493161201477, -2.01824951171875, -4.427298545837402, -1.9327043294906616, -5.705352783203125, -2.0376973152160645, 0.0, 0.0, 2.0, 1.4783504009246826, 0.0, 0.0, 0.0
47652, 1.1702717542648315, -0.2012661099433899, 0.004752943757921457, 0.010759557597339153, -0.0010253553045913577, -0.0023180812131613493, 133471.515625, 153447.046875, 85687.546875, 131996.265625, 142143.0625, 102658.8125, 0.17408493161201477, -2.01824951171875, -4.427298545837402, -1.9327043294906616, -5.705352783203125, -2.0376973152160645, 0.0, 0.0, 2.0, 1.4760823249816895, 0.0, 0.0, 0.0
47672, 1.1697051525115967, -0.2010491043329239, 0.004818678833544254, 0.007530794013291597, 3.627842306741513e-05, -0.0017994835507124662, 133470.46875, 153448.9375, 85689.171875, 131994.59375, 142158.484375, 102658.0625, 0.17408493161201477, -2.01824951171875, -4.427298545837402, -1.9327043294906616, -5.705352783203125, -2.0376973152160645, 0.0, 0.0, 2.0, 1.4698801040649414, 0.0, 0.0, 0.0
47692, 1.1698639392852783, -0.20104916393756866, 0.0047833905555307865, 0.008242247626185417, -0.00016878436144907027, -0.00175573886372149, 133467.015625, 153455.421875, 85691.328125, 131997.921875, 142151.65625, 102658.0625, 0.17408493161201477, -2.01824951171875, -4.427298545837402, -1.9327043294906616, -5.705352783203125, -2.0376973152160645, 0.0, 0.0, 2.0, 1.463000774383545, 0.0, 0.0, 0.0
47712, 1.1705085039138794, -0.2010280042886734, 0.004448750056326389, 0.011314948089420795, -0.0002976185060106218, -0.0036222869530320168, 133458.609375, 153448.5, 85698.6171875, 132000.75, 142150.390625, 102659.375, 0.17408493161201477, -2.01824951171875, -4.427298545837402, -1.9327043294906616, -5.705352783203125, -2.0376973152160645, 0.0, 0.0, 2.0, 1.4583230018615723, 0.0, 0.0, 0.0
47732, 1.1702876091003418, -0.20104752480983734, 0.004378035198897123, 0.010251817293465137, -0.0003992058045696467, -0.003613310633227229, 133460.25, 153457.71875, 85699.6953125, 131998.5, 142156.703125, 102656.75, 0.17408493161201477, -2.01824951171875, -4.427298545837402, -1.9327043294906616, -5.705352783203125, -2.0376973152160645, 0.0, 0.0, 2.0, 1.45290207862854, 0.0, 0.0, 0.0
47752, 1.1702067852020264, -0.20105256140232086, 0.00457334378734231, 0.009864652529358864, -0.0006732467445544899, -0.0019961106590926647, 133460.25, 153449.359375, 85695.921875, 131994.015625, 142147.609375, 102661.4375, 0.17408493161201477, -2.01824951171875, -4.427298545837402, -1.9327043294906616, -5.705352783203125, -2.0376973152160645, 0.0, 0.0, 2.0, 1.4500435590744019, 0.0, 0.0, 0.0
47772, 1.1705659627914429, -0.20104938745498657, 0.004531411919742823, 0.011857138015329838, -0.000588556460570544, -0.0020500451792031527, 133454.109375, 153446.625, 85703.7421875, 132000.75, 142149.890625, 102661.4375, 0.17408493161201477, -2.01824951171875, -4.427298545837402, -1.9327043294906616, -5.705352783203125, -2.0376973152160645, 0.0, 0.0, 2.0, 1.4481134414672852, 0.0, 0.0, 0.0
47792, 1.1697485446929932, -0.20137080550193787, 0.004496362525969744, 0.007502472959458828, -0.0020980704575777054, -0.002165315905585885, 133459.65625, 153448.5, 85704.5546875, 131996.265625, 142147.609375, 102658.0625, 0.17408493161201477, -2.01824951171875, -4.427298545837402, -1.9327043294906616, -5.705352783203125, -2.0376973152160645, 0.0, 0.0, 2.0, 1.4462080001831055, 0.0, 0.0, 0.0
47812, 1.1705539226531982, -0.20133042335510254, 0.005079513881355524, 0.011372494511306286, -0.0018117856234312057, 0.0012865515891462564, 133458.0, 153449.359375, 85697.8125, 131994.59375, 142149.390625, 102660.125, 0.17408493161201477, -2.01824951171875, -4.427298545837402, -1.9327043294906616, -5.705352783203125, -2.0376973152160645, 0.0, 0.0, 2.0, 1.4430794715881348, 0.0, 0.0, 0.0
47832, 1.1707903146743774, -0.20136761665344238, 0.0051086535677313805, 0.012290825136005878, -0.0018764755222946405, 0.0015849214978516102, 133463.109375, 153448.9375, 85695.109375, 131996.265625, 142140.78125, 102657.5, 0.17408493161201477, -2.01824951171875, -4.427298545837402, -1.9327043294906616, -5.705352783203125, -2.0376973152160645, 0.0, 0.0, 2.0, 1.4419628381729126, 0.0, 0.0, 0.0
47852, 1.1707167625427246, -0.20135292410850525, 0.003872873727232218, 0.011446790769696236, -0.0016798999859020114, -0.004617181606590748, 133467.609375, 153453.53125, 85693.21875, 132000.75, 142147.609375, 102660.125, 0.17408493161201477, -2.01824951171875, -4.427298545837402, -1.9327043294906616, -5.705352783203125, -2.0376973152160645, 0.0, 0.0, 2.0, 1.4378173351287842, 0.0, 0.0, 0.0
47872, 1.170956015586853, -0.20138713717460632, 0.0037824688479304314, 0.012515418231487274, -0.00173124298453331, -0.004348741378635168, 133461.46875, 153460.015625, 85688.359375, 131998.5, 142147.109375, 102660.125, 0.17408493161201477, -2.01824951171875, -4.427298545837402, -1.9327043294906616, -5.705352783203125, -2.0376973152160645, 0.0, 0.0, 2.0, 1.4351061582565308, 0.0, 0.0, 0.0
47892, 1.170632004737854, -0.20109379291534424, 0.0042238314636051655, 0.010434811934828758, -9.400853741681203e-06, -0.0013300145510584116, 133474.375, 153448.9375, 85691.328125, 132000.75, 142149.390625, 102661.4375, 0.17408493161201477, -2.01824951171875, -4.427298545837402, -1.9327043294906616, -5.705352783203125, -2.0376973152160645, 0.0, 0.0, 2.0, 1.4317864179611206, 0.0, 0.0, 0.0
47912, 1.1708459854125977, -0.20109175145626068, 0.004204267635941505, 0.011002747341990471, 6.899964500917122e-05, -0.0005386507255025208, 133465.96875, 153455.421875, 85693.21875, 132002.40625, 142160.265625, 102660.125, 0.17408493161201477, -2.01824951171875, -4.427298545837402, -1.9327043294906616, -5.705352783203125, -2.0376973152160645, 0.0, 0.0, 2.0, 1.430949330329895, 0.0, 0.0, 0.0
47932, 1.17069673538208, -0.20143646001815796, 0.004518402274698019, 0.010220697149634361, -0.0020159438718110323, 0.0011002026731148362, 133465.359375, 153455.84375, 85701.5859375, 131996.84375, 142146.328125, 102666.3125, 0.17408493161201477, -2.01824951171875, -4.427298545837402, -1.9327043294906616, -5.705352783203125, -2.0376973152160645, 0.0, 0.0, 2.0, 1.4289119243621826, 0.0, 0.0, 0.0
47952, 1.1709086894989014, -0.2014782428741455, 0.004543164744973183, 0.01107064075767994, -0.0020778970792889595, 0.0014465919230133295, 133460.25, 153460.453125, 85700.7734375, 131998.5, 142162.046875, 102665.5625, 0.17408493161201477, -2.01824951171875, -4.427298545837402, -1.9327043294906616, -5.705352783203125, -2.0376973152160645, 0.0, 0.0, 2.0, 1.4259554147720337, 0.0, 0.0, 0.0
47972, 1.1707332134246826, -0.20110103487968445, 0.004356069024652243, 0.010396774858236313, -8.916060323826969e-05, 0.00048023840645328164, 133460.25, 153448.5, 85705.3671875, 131991.765625, 142145.828125, 102660.125, 0.17408493161201477, -2.01824951171875, -4.427298545837402, -1.9327043294906616, -5.705352783203125, -2.0376973152160645, 0.0, 0.0, 2.0, 1.42171311378479, 0.0, 0.0, 0.0
47992, 1.1711262464523315, -0.2010839879512787, 0.004365351051092148, 0.011760429479181767, 6.384283915394917e-05, 0.000510305049829185, 133462.515625, 153450.8125, 85700.7734375, 131997.921875, 142147.609375, 102656.0, 0.17408493161201477, -2.01824951171875, -4.427298545837402, -1.9327043294906616, -5.705352783203125, -2.0376973152160645, 0.0, 0.0, 2.0, 1.4212863445281982, 0.0, 0.0, 0.0
48012, 1.170600175857544, -0.20176199078559875, 0.005426403600722551, 0.009151479229331017, -0.0033442291896790266, 0.006335077341645956, 133464.15625, 153457.71875, 85704.5546875, 131994.015625, 142155.71875, 102660.6796875, 0.17408493161201477, -2.01824951171875, -4.427298545837402, -1.9327043294906616, -5.705352783203125, -2.0376973152160645, 0.0, 0.0, 2.0, 1.4209299087524414, 0.0, 0.0, 0.0
48032, 1.1704392433166504, -0.20081183314323425, 0.005557182710617781, 0.008403569459915161, 0.0014046193100512028, 0.006494548171758652, 133458.609375, 153461.484375, 85699.6953125, 131992.359375, 142143.0625, 102661.4375, 0.17408493161201477, -2.01824951171875, -4.427298545837402, -1.9327043294906616, -5.705352783203125, -2.0376973152160645, 0.0, 0.0, 2.0, 1.4191081523895264, 0.0, 0.0, 0.0
48052, 1.1703544855117798, -0.20142345130443573, 0.005689140409231186, 0.007898394949734211, -0.0013314291136339307, 0.006276599131524563, 133466.40625, 153459.59375, 85698.890625, 131997.921875, 142149.390625, 102656.0, 0.17408493161201477, -2.01824951171875, -4.427298545837402, -1.9327043294906616, -5.705352783203125, -2.0376973152160645, 0.0, 0.0, 2.0, 1.4177533388137817, 0.0, 0.0, 0.0
48072, 1.1702607870101929, -0.20085284113883972, 0.005948552396148443, 0.007484692148864269, 0.0016227978048846126, 0.007086493074893951, 133470.90625, 153451.234375, 85697.0, 131994.59375, 142153.9375, 102658.0625, 0.17408493161201477, -2.01824951171875, -4.427298545837402, -1.9327043294906616, -5.705352783203125, -2.0376973152160645, 0.0, 0.0, 2.0, 1.4161673784255981, 0.0, 0.0, 0.0
48092, 1.1706135272979736, -0.20111536979675293, 0.006090982351452112, 0.009006436914205551, 0.00017900271632242948, 0.0070508383214473724, 133473.765625, 153451.234375, 85697.0, 132002.40625, 142156.703125, 102653.9375, 0.17408493161201477, -2.01824951171875, -4.427298545837402, -1.9327043294906616, -5.705352783203125, -2.0376973152160645, 0.0, 0.0, 2.0, 1.4155641794204712, 0.0, 0.0, 0.0
48112, 1.1703441143035889, -0.20112819969654083, 0.0061996690928936005, 0.00746326707303524, 0.00011854352487716824, 0.007214721757918596, 133470.90625, 153451.234375, 85697.8125, 132000.75, 142143.0625, 102662.1875, 0.17408493161201477, -2.01824951171875, -4.427298545837402, -1.9327043294906616, -5.705352783203125, -2.0376973152160645, 0.0, 0.0, 2.0, 1.412996530532837, 0.0, 0.0, 0.0
48132, 1.1705676317214966, -0.20111306011676788, 0.006346062291413546, 0.008589211851358414, 6.804494478274137e-05, 0.007250032387673855, 133473.765625, 153450.8125, 85694.84375, 132002.984375, 142149.890625, 102657.3125, 0.17408493161201477, -2.01824951171875, -4.427298545837402, -1.9327043294906616, -5.705352783203125, -2.0376973152160645, 0.0, 0.0, 2.0, 1.4117246866226196, 0.0, 0.0, 0.0
48152, 1.1699175834655762, -0.20114479959011078, 0.005906666163355112, 0.005641468334943056, 6.081955143599771e-05, 0.004559368826448917, 133467.015625, 153460.015625, 85695.921875, 132002.40625, 142155.71875, 102656.0, 0.17408493161201477, -2.01824951171875, -4.427298545837402, -1.9327043294906616, -5.705352783203125, -2.0376973152160645, 0.0, 0.0, 2.0, 1.4087735414505005, 0.0, 0.0, 0.0
48172, 1.1698769330978394, -0.20115242898464203, 0.006000307388603687, 0.005559947341680527, 0.00012753251940011978, 0.004804899450391531, 133463.109375, 153451.234375, 85699.6953125, 131999.078125, 142153.9375, 102658.0625, 0.17408493161201477, -2.01824951171875, -4.427298545837402, -1.9327043294906616, -5.705352783203125, -2.0376973152160645, 0.0, 0.0, 2.0, 1.404954195022583, 0.0, 0.0, 0.0
48192, 1.169608473777771, -0.20116566121578217, 0.006480740383267403, 0.004251569509506226, 7.391443068627268e-05, 0.007109392900019884, 133456.359375, 153451.234375, 85706.4453125, 132004.65625, 142150.390625, 102659.375, 0.17408493161201477, -2.01824951171875, -4.427298545837402, -1.9327043294906616, -5.705352783203125, -2.0376973152160645, 0.0, 0.0, 2.0, 1.402642011642456, 0.0, 0.0, 0.0
48212, 1.1698750257492065, -0.20142211019992828, 0.006638736464083195, 0.005697910208255053, -0.0011101174168288708, 0.007823102176189423, 133455.75, 153460.015625, 85708.3359375, 131987.859375, 142156.21875, 102657.3125, 0.17408493161201477, -2.01824951171875, -4.427298545837402, -1.9327043294906616, -5.705352783203125, -2.0376973152160645, 0.0, 0.0, 2.0, 1.4026707410812378, 0.0, 0.0, 0.0
48232, 1.1696206331253052, -0.20144639909267426, 0.006908866576850414, 0.004815457854419947, -0.001081131398677826, 0.008510857820510864, 133464.765625, 153453.53125, 85707.5234375, 132000.75, 142147.109375, 102667.625, 0.17408493161201477, -2.01824951171875, -4.427298545837402, -1.9327043294906616, -5.705352783203125, -2.0376973152160645, 0.0, 0.0, 2.0, 1.4001363515853882, 0.0, 0.0, 0.0
48252, 1.1695928573608398, -0.2017064392566681, 0.007080730516463518, 0.004527153912931681, -0.0022984538227319717, 0.008462782017886639, 133464.15625, 153451.234375, 85704.5546875, 131991.765625, 142155.71875, 102663.5, 0.17408493161201477, -2.01824951171875, -4.427298545837402, -1.9327043294906616, -5.705352783203125, -2.0376973152160645, 0.0, 0.0, 2.0, 1.3991496562957764, 0.0, 0.0, 0.0
48272, 1.170203685760498, -0.20143787562847137, 0.006798618007451296, 0.007622499018907547, -0.0008438422228209674, 0.0062098996713757515, 133457.40625, 153457.71875, 85701.5859375, 131996.84375, 142152.15625, 102666.3125, 0.17408493161201477, -2.01824951171875, -4.427298545837402, -1.9327043294906616, -5.705352783203125, -2.0376973152160645, 0.0, 0.0, 2.0, 1.396358609199524, 0.0, 0.0, 0.0
48292, 1.17054283618927, -0.20143641531467438, 0.0069213807582855225, 0.009414490312337875, -0.0009676353656686842, 0.006071604322642088, 133464.765625, 153460.015625, 85697.8125, 132008.5625, 142156.703125, 102653.9375, 0.17408493161201477, -2.01824951171875, -4.427298545837402, -1.9327043294906616, -5.705352783203125, -2.0376973152160645, 0.0, 0.0, 2.0, 1.394827127456665, 0.0, 0.0, 0.0
48312, 1.170589566230774, -0.2011665254831314, 0.007027606014162302, 0.009577798657119274, 0.00042879380634985864, 0.00618469063192606, 133471.515625, 153457.71875, 85699.6953125, 132000.75, 142153.9375, 102658.0625, 0.17408493161201477, -2.01824951171875, -4.427298545837402, -1.9327043294906616, -5.705352783203125, -2.0376973152160645, 0.0, 0.0, 2.0, 1.3920674324035645, 0.0, 0.0, 0.0
48332, 1.170788288116455, -0.20116041600704193, 0.007153462152928114, 0.010415895842015743, 0.0002853668702300638, 0.006303755100816488, 133477.671875, 153455.0, 85695.921875, 132000.75, 142144.5625, 102658.0625, 0.17408493161201477, -2.01824951171875, -4.427298545837402, -1.9327043294906616, -5.705352783203125, -2.0376973152160645, 0.0, 0.0, 2.0, 1.3901346921920776, 0.0, 0.0, 0.0
48352, 1.170677661895752, -0.20146387815475464, 0.007290507201105356, 0.010163962841033936, -0.0010498175397515297, 0.006612982600927353, 133472.125, 153450.390625, 85701.5859375, 132010.8125, 142150.671875, 102660.6796875, 0.17408493161201477, -2.01824951171875, -4.427298545837402, -1.9327043294906616, -5.705352783203125, -2.0376973152160645, 0.0, 0.0, 2.0, 1.3865718841552734, 0.0, 0.0, 0.0
48372, 1.1704375743865967, -0.20117691159248352, 0.0064523364417254925, 0.008849152363836765, 0.0002485936274752021, 0.0018013224471360445, 133463.71875, 153450.390625, 85711.3046875, 132001.328125, 142157.984375, 102653.9375, 0.17408493161201477, -2.01824951171875, -4.427298545837402, -1.9327043294906616, -5.705352783203125, -2.0376973152160645, 0.0, 0.0, 2.0, 1.3826066255569458, 0.0, 0.0, 0.0
48392, 1.1698185205459595, -0.20181456208229065, 0.006492824759334326, 0.005457102786749601, -0.003119436092674732, 0.0018511003581807017, 133471.515625, 153455.421875, 85700.7734375, 132008.5625, 142154.9375, 102661.4375, 0.17408493161201477, -2.01824951171875, -4.427298545837402, -1.9327043294906616, -5.705352783203125, -2.0376973152160645, 0.0, 0.0, 2.0, 1.3807116746902466, 0.0, 0.0, 0.0
48412, 1.1705411672592163, -0.20149432122707367, 0.005906072910875082, 0.00887405313551426, -0.0014663033653050661, -0.0011070978362113237, 133458.0, 153451.234375, 85708.3359375, 132005.234375, 142157.984375, 102661.4375, 0.17408493161201477, -2.01824951171875, -4.427298545837402, -1.9327043294906616, -5.705352783203125, -2.0376973152160645, 0.0, 0.0, 2.0, 1.3770370483398438, 0.0, 0.0, 0.0
48432, 1.1701420545578003, -0.2017991989850998, 0.005887359846383333, 0.007406953256577253, -0.002578042447566986, -0.0010406178189441562, 133459.65625, 153448.5, 85714.8203125, 131997.921875, 142149.390625, 102663.5, 0.17408493161201477, -2.01824951171875, -4.427298545837402, -1.9327043294906616, -5.705352783203125, -2.0376973152160645, 0.0, 0.0, 2.0, 1.3751211166381836, 0.0, 0.0, 0.0
48452, 1.1703687906265259, -0.20148825645446777, 0.005920167546719313, 0.008647764101624489, -0.0011483316775411367, -0.0005867391009815037, 133464.765625, 153455.421875, 85713.1953125, 131997.921875, 142153.9375, 102658.6171875, 0.17408493161201477, -2.01824951171875, -4.427298545837402, -1.9327043294906616, -5.705352783203125, -2.0376973152160645, 0.0, 0.0, 2.0, 1.37443208694458, 0.0, 0.0, 0.0
48472, 1.1708810329437256, -0.2011965960264206, 0.005908246152102947, 0.010833857581019402, 1.5154737411648966e-05, -0.0004895876627415419, 133458.0, 153444.328125, 85706.4453125, 131995.671875, 142155.71875, 102656.5546875, 0.17408493161201477, -2.01824951171875, -4.427298545837402, -1.9327043294906616, -5.705352783203125, -2.0376973152160645, 0.0, 0.0, 2.0, 1.3699740171432495, 0.0, 0.0, 0.0
48492, 1.1699515581130981, -0.20122437179088593, 0.005946338176727295, 0.006111854687333107, -2.4468508854624815e-05, -0.00028882332844659686, 133469.875, 153455.84375, 85709.1484375, 132006.890625, 142148.890625, 102661.4375, 0.17408493161201477, -2.01824951171875, -4.427298545837402, -1.9327043294906616, -5.705352783203125, -2.0376973152160645, 0.0, 0.0, 2.0, 1.3674237728118896, 0.0, 0.0, 0.0
48512, 1.1696580648422241, -0.20124350488185883, 0.005940947216004133, 0.004652577452361584, -0.00014820718206465244, -0.00023656079429201782, 133470.90625, 153448.5, 85704.5546875, 132005.234375, 142151.65625, 102658.6171875, 0.17408493161201477, -2.01824951171875, -4.427298545837402, -1.9327043294906616, -5.705352783203125, -2.0376973152160645, 0.0, 0.0, 2.0, 1.3666787147521973, 0.0, 0.0, 0.0
48532, 1.1698771715164185, -0.20124223828315735, 0.006357932463288307, 0.006003286689519882, -0.00016475161828566343, 0.0018824705621227622, 133477.671875, 153446.203125, 85705.6328125, 132004.65625, 142153.4375, 102659.375, 0.17408493161201477, -2.01824951171875, -4.427298545837402, -1.9327043294906616, -5.705352783203125, -2.0376973152160645, 0.0, 0.0, 2.0, 1.3642820119857788, 0.0, 0.0, 0.0
48552, 1.169844150543213, -0.20125363767147064, 0.006395893637090921, 0.006180990021675825, -0.00033445758162997663, 0.001870838226750493, 133474.8125, 153457.296875, 85704.5546875, 132006.890625, 142141.28125, 102661.9921875, 0.17408493161201477, -2.01824951171875, -4.427298545837402, -1.9327043294906616, -5.705352783203125, -2.0376973152160645, 0.0, 0.0, 2.0, 1.361310362815857, 0.0, 0.0, 0.0
48572, 1.1699801683425903, -0.20126277208328247, 0.006273283623158932, 0.0068063801154494286, -0.0006245480617508292, 0.0012517746072262526, 133467.015625, 153446.625, 85708.3359375, 132004.65625, 142157.484375, 102659.375, 0.17408493161201477, -2.01824951171875, -4.427298545837402, -1.9327043294906616, -5.705352783203125, -2.0376973152160645, 0.0, 0.0, 2.0, 1.3582664728164673, 0.0, 0.0, 0.0
48592, 1.1700409650802612, -0.20153871178627014, 0.006297961343079805, 0.007030718494206667, -0.002031973795965314, 0.0011778278276324272, 133468.65625, 153450.8125, 85699.6953125, 132011.390625, 142153.9375, 102657.3125, 0.17408493161201477, -2.01824951171875, -4.427298545837402, -1.9327043294906616, -5.705352783203125, -2.0376973152160645, 0.0, 0.0, 2.0, 1.3574165105819702, 0.0, 0.0, 0.0
48612, 1.1697134971618652, -0.20179784297943115, 0.006592052523046732, 0.005723861046135426, -0.0028969335835427046, 0.0029669010546058416, 133460.859375, 153455.421875, 85712.9296875, 132009.140625, 142154.4375, 102661.4375, 0.17408493161201477, -2.01824951171875, -4.427298545837402, -1.9327043294906616, -5.705352783203125, -2.0376973152160645, 0.0, 0.0, 2.0, 1.354928731918335, 0.0, 0.0, 0.0
48632, 1.1698329448699951, -0.20185893774032593, 0.0066525572910904884, 0.00629777554422617, -0.0031876314897090197, 0.0031205343548208475, 133470.90625, 153462.328125, 85716.9765625, 132007.484375, 142157.484375, 102660.125, 0.17408493161201477, -2.01824951171875, -4.427298545837402, -1.9327043294906616, -5.705352783203125, -2.0376973152160645, 0.0, 0.0, 2.0, 1.3509036302566528, 0.0, 0.0, 0.0
48652, 1.170662522315979, -0.20153440535068512, 0.006717083044350147, 0.010397687554359436, -0.0011496469378471375, 0.0034490893594920635, 133464.765625, 153455.421875, 85711.3046875, 132000.171875, 142164.3125, 102662.75, 0.17408493161201477, -2.01824951171875, -4.427298545837402, -1.9327043294906616, -5.705352783203125, -2.0376973152160645, 0.0, 0.0, 2.0, 1.3509714603424072, 0.0, 0.0, 0.0
48672, 1.1703110933303833, -0.2012702226638794, 0.006067888345569372, 0.00826053787022829, 0.000633307034149766, 0.00016520697681698948, 133464.765625, 153457.296875, 85712.1171875, 131997.921875, 142160.265625, 102656.75, 0.17408493161201477, -2.01824951171875, -4.427298545837402, -1.9327043294906616, -5.705352783203125, -2.0376973152160645, 0.0, 0.0, 2.0, 1.3497908115386963, 0.0, 0.0, 0.0
48692, 1.170263409614563, -0.20152859389781952, 0.006081342697143555, 0.007813909091055393, -0.00046150246635079384, 0.0007698819390498102, 133472.5625, 153453.109375, 85705.3671875, 132005.734375, 142148.890625, 102659.375, 0.17408493161201477, -2.01824951171875, -4.427298545837402, -1.9327043294906616, -5.705352783203125, -2.0376973152160645, 0.0, 0.0, 2.0, 1.3491488695144653, 0.0, 0.0, 0.0
48712, 1.1702613830566406, -0.20127110183238983, 0.0048200832679867744, 0.007872829213738441, 0.0010722752194851637, -0.006005031056702137, 133462.515625, 153452.6875, 85703.4765625, 131994.015625, 142151.65625, 102662.75, 0.17408493161201477, -2.01824951171875, -4.427298545837402, -1.9327043294906616, -5.705352783203125, -2.0376973152160645, 0.0, 0.0, 2.0, 1.3466310501098633, 0.0, 0.0, 0.0
48732, 1.1705902814865112, -0.20125842094421387, 0.004700216930359602, 0.00922402273863554, 0.0013595237396657467, -0.005934435408562422, 133470.46875, 153450.8125, 85708.3359375, 132002.40625, 142151.65625, 102657.3125, 0.17408493161201477, -2.01824951171875, -4.427298545837402, -1.9327043294906616, -5.705352783203125, -2.0376973152160645, 0.0, 0.0, 2.0, 1.3444432020187378, 0.0, 0.0, 0.0
48752, 1.1707754135131836, -0.20122922956943512, 0.004732009954750538, 0.00989283062517643, 0.0015676460461691022, -0.005140557419508696, 133473.765625, 153457.296875, 85705.3671875, 132008.5625, 142153.9375, 102660.125, 0.17408493161201477, -2.01824951171875, -4.427298545837402, -1.9327043294906616, -5.705352783203125, -2.0376973152160645, 0.0, 0.0, 2.0, 1.343746542930603, 0.0, 0.0, 0.0
48772, 1.17081880569458, -0.2009361982345581, 0.004630627576261759, 0.010052775032818317, 0.0029818520415574312, -0.005008379463106394, 133476.015625, 153450.8125, 85703.4765625, 132010.8125, 142151.15625, 102656.5546875, 0.17408493161201477, -2.01824951171875, -4.427298545837402, -1.9327043294906616, -5.705352783203125, -2.0376973152160645, 0.0, 0.0, 2.0, 1.3390374183654785, 0.0, 0.0, 0.0
48792, 1.1704401969909668, -0.20125225186347961, 0.004705833736807108, 0.00793419685214758, 0.001012022839859128, -0.003891361877322197, 133467.015625, 153452.265625, 85710.2265625, 132006.890625, 142149.890625, 102653.1875, 0.17408493161201477, -2.01824951171875, -4.427298545837402, -1.9327043294906616, -5.705352783203125, -2.0376973152160645, 0.0, 0.0, 2.0, 1.3361003398895264, 0.0, 0.0, 0.0
48812, 1.170799970626831, -0.20123574137687683, 0.004630373790860176, 0.009800197556614876, 0.001025272998958826, -0.0035887407138943672, 133465.96875, 153452.6875, 85708.3359375, 132010.8125, 142154.4375, 102660.125, 0.17408493161201477, -2.01824951171875, -4.427298545837402, -1.9327043294906616, -5.705352783203125, -2.0376973152160645, 0.0, 0.0, 2.0, 1.3326529264450073, 0.0, 0.0, 0.0
48832, 1.170129418373108, -0.20099955797195435, 0.004727974534034729, 0.00675195874646306, 0.002127427374944091, -0.0024678767658770084, 133469.265625, 153448.5, 85705.3671875, 132011.390625, 142152.9375, 102659.375, 0.17408493161201477, -2.01824951171875, -4.427298545837402, -1.9327043294906616, -5.705352783203125, -2.0376973152160645, 0.0, 0.0, 2.0, 1.3284353017807007, 0.0, 0.0, 0.0
48852, 1.1698286533355713, -0.20180973410606384, 0.004682433791458607, 0.005271343048661947, -0.002235713414847851, -0.002270736964419484, 133467.015625, 153457.296875, 85718.8671875, 132007.484375, 142147.609375, 102657.3125, 0.17408493161201477, -2.01824951171875, -4.427298545837402, -1.9327043294906616, -5.705352783203125, -2.0376973152160645, 0.0, 0.0, 2.0, 1.328043818473816, 0.0, 0.0, 0.0
48872, 1.1699329614639282, -0.2018553912639618, 0.004783859942108393, 0.005678422283381224, -0.002234413754194975, -0.0014128672191873193, 133461.296875, 153450.8125, 85715.8984375, 131998.5, 142153.9375, 102658.6171875, 0.17408493161201477, -2.01824951171875, -4.427298545837402, -1.9327043294906616, -5.705352783203125, -2.0376973152160645, 0.0, 0.0, 2.0, 1.326797366142273, 0.0, 0.0, 0.0
48892, 1.1700533628463745, -0.20189912617206573, 0.004752974025905132, 0.0063773030415177345, -0.0021459832787513733, -0.0016135621117427945, 133468.0625, 153455.421875, 85714.0078125, 132008.0625, 142157.984375, 102658.6171875, 0.17408493161201477, -2.01824951171875, -4.427298545837402, -1.9327043294906616, -5.705352783203125, -2.0376973152160645, 0.0, 0.0, 2.0, 1.3243924379348755, 0.0, 0.0, 0.0
48912, 1.1709473133087158, -0.20124861598014832, 0.004719505086541176, 0.01082842517644167, 0.0012613536091521382, -0.0017119052354246378, 133464.765625, 153466.078125, 85710.2265625, 132002.984375, 142157.984375, 102664.0546875, 0.17408493161201477, -2.01824951171875, -4.427298545837402, -1.9327043294906616, -5.705352783203125, -2.0376973152160645, 0.0, 0.0, 2.0, 1.32085382938385, 0.0, 0.0, 0.0
48932, 1.1706465482711792, -0.20125862956047058, 0.005235602147877216, 0.008845016360282898, 0.0012758990051224828, 0.0010525054531171918, 133470.3125, 153456.875, 85708.3359375, 132007.484375, 142153.9375, 102660.6796875, 0.17408493161201477, -2.01824951171875, -4.427298545837402, -1.9327043294906616, -5.705352783203125, -2.0376973152160645, 0.0, 0.0, 2.0, 1.3194693326950073, 0.0, 0.0, 0.0
48952, 1.1700092554092407, -0.20127056539058685, 0.005263111554086208, 0.0058612762950360775, 0.001259102369658649, 0.0013116487534716725, 133469.875, 153455.84375, 85711.3046875, 132009.140625, 142152.15625, 102659.375, 0.17408493161201477, -2.01824951171875, -4.427298545837402, -1.9327043294906616, -5.705352783203125, -2.0376973152160645, 0.0, 0.0, 2.0, 1.3159797191619873, 0.0, 0.0, 0.0
48972, 1.1705561876296997, -0.20126459002494812, 0.00601373752579093, 0.008759678341448307, 0.0015037480043247342, 0.00516172219067812, 133482.171875, 153455.0, 85704.5546875, 132004.65625, 142151.65625, 102662.75, 0.17408493161201477, -2.01824951171875, -4.427298545837402, -1.9327043294906616, -5.705352783203125, -2.0376973152160645, 0.0, 0.0, 2.0, 1.3132315874099731, 0.0, 0.0, 0.0
48992, 1.1704851388931274, -0.20184889435768127, 0.0061233011074364185, 0.008390647359192371, -0.0010703143198043108, 0.005461994092911482, 133483.828125, 153453.109375, 85700.7734375, 132004.078125, 142149.390625, 102657.3125, 0.17408493161201477, -2.01824951171875, -4.427298545837402, -1.9327043294906616, -5.705352783203125, -2.0376973152160645, 0.0, 0.0, 2.0, 1.3114804029464722, 0.0, 0.0, 0.0
49012, 1.169823408126831, -0.20159077644348145, 0.005747102200984955, 0.005124696530401707, 0.00015892996452748775, 0.003215608187019825, 133475.421875, 153446.203125, 85708.3359375, 132005.234375, 142153.9375, 102664.0546875, 0.17408493161201477, -2.01824951171875, -4.427298545837402, -1.9327043294906616, -5.705352783203125, -2.0376973152160645, 0.0, 0.0, 2.0, 1.3073171377182007, 0.0, 0.0, 0.0
49032, 1.170153260231018, -0.20158003270626068, 0.005818926263600588, 0.006603180430829525, 0.00017349296831525862, 0.003649858059361577, 133469.265625, 153455.0, 85715.8984375, 132009.140625, 142153.9375, 102657.3125, 0.17408493161201477, -2.01824951171875, -4.427298545837402, -1.9327043294906616, -5.705352783203125, -2.0376973152160645, 0.0, 0.0, 2.0, 1.3046760559082031, 0.0, 0.0, 0.0
49052, 1.1698193550109863, -0.20186464488506317, 0.005554085597395897, 0.005010683089494705, -0.0015988406958058476, 0.0022871673572808504, 133467.015625, 153452.6875, 85716.9765625, 132009.71875, 142158.484375, 102655.25, 0.17408493161201477, -2.01824951171875, -4.427298545837402, -1.9327043294906616, -5.705352783203125, -2.0376973152160645, 0.0, 0.0, 2.0, 1.3042118549346924, 0.0, 0.0, 0.0
49072, 1.1700630187988281, -0.2015884965658188, 0.005603279918432236, 0.005902262404561043, -7.294240640476346e-05, 0.002545843832194805, 133464.15625, 153453.109375, 85716.703125, 132009.140625, 142152.15625, 102657.3125, 0.17408493161201477, -2.01824951171875, -4.427298545837402, -1.9327043294906616, -5.705352783203125, -2.0376973152160645, 0.0, 0.0, 2.0, 1.3015875816345215, 0.0, 0.0, 0.0
49092, 1.1702827215194702, -0.20158077776432037, 0.005803612992167473, 0.007244691718369722, -0.00024081772426143289, 0.003579032374545932, 133467.015625, 153455.421875, 85721.5625, 132009.140625, 142153.9375, 102655.25, 0.17408493161201477, -2.01824951171875, -4.427298545837402, -1.9327043294906616, -5.705352783203125, -2.0376973152160645, 0.0, 0.0, 2.0, 1.299232840538025, 0.0, 0.0, 0.0
49112, 1.170060634613037, -0.20159484446048737, 0.005879045929759741, 0.00610943790525198, -0.00024411606136709452, 0.0038125254213809967, 133462.515625, 153450.8125, 85718.8671875, 132004.078125, 142166.59375, 102660.125, 0.17408493161201477, -2.01824951171875, -4.427298545837402, -1.9327043294906616, -5.705352783203125, -2.0376973152160645, 0.0, 0.0, 2.0, 1.298017978668213, 0.0, 0.0, 0.0
49132, 1.170324444770813, -0.20133058726787567, 0.0048185549676418304, 0.007148303557187319, 0.0012782533885911107, -0.002261244459077716, 133472.5625, 153455.421875, 85719.671875, 132007.484375, 142156.21875, 102658.0625, 0.17408493161201477, -2.01824951171875, -4.427298545837402, -1.9327043294906616, -5.705352783203125, -2.0376973152160645, 0.0, 0.0, 2.0, 1.2951180934906006, 0.0, 0.0, 0.0
49152, 1.1704728603363037, -0.20130322873592377, 0.004776245914399624, 0.0077042910270392895, 0.00145100022200495, -0.0020254559349268675, 133471.515625, 153448.5, 85715.8984375, 132004.65625, 142157.984375, 102656.0, 0.17408493161201477, -2.01824951171875, -4.427298545837402, -1.9327043294906616, -5.705352783203125, -2.0376973152160645, 0.0, 0.0, 2.0, 1.2944971323013306, 0.0, 0.0, 0.0
49172, 1.1705113649368286, -0.2010020762681961, 0.004738571587949991, 0.0075803715735673904, 0.0030397798400372267, -0.0017086240695789456, 133480.53125, 153455.421875, 85711.3046875, 132004.65625, 142158.484375, 102659.9296875, 0.17408493161201477, -2.01824951171875, -4.427298545837402, -1.9327043294906616, -5.705352783203125, -2.0376973152160645, 0.0, 0.0, 2.0, 1.2936054468154907, 0.0, 0.0, 0.0
49192, 1.1701768636703491, -0.20185048878192902, 0.004824501927942038, 0.0055844043381512165, -0.0015476468252018094, -0.0011184742907062173, 133473.171875, 153457.296875, 85710.2265625, 132002.984375, 142153.4375, 102653.1875, 0.17408493161201477, -2.01824951171875, -4.427298545837402, -1.9327043294906616, -5.705352783203125, -2.0376973152160645, 0.0, 0.0, 2.0, 1.2949222326278687, 0.0, 0.0, 0.0
49212, 1.1704000234603882, -0.20131246745586395, 0.00480566406622529, 0.006547588389366865, 0.001310498220846057, -0.001040966366417706, 133471.515625, 153460.015625, 85721.5625, 132010.21875, 142161.765625, 102662.75, 0.17408493161201477, -2.01824951171875, -4.427298545837402, -1.9327043294906616, -5.705352783203125, -2.0376973152160645, 0.0, 0.0, 2.0, 1.2908310890197754, 0.0, 0.0, 0.0
49232, 1.1700712442398071, -0.20132963359355927, 0.00529555045068264, 0.005013591144233942, 0.0012240268988534808, 0.0014511075569316745, 133482.171875, 153459.59375, 85716.9765625, 132011.390625, 142153.9375, 102657.8671875, 0.17408493161201477, -2.01824951171875, -4.427298545837402, -1.9327043294906616, -5.705352783203125, -2.0376973152160645, 0.0, 0.0, 2.0, 1.2880163192749023, 0.0, 0.0, 0.0
49252, 1.1705869436264038, -0.20181235671043396, 0.005326923448592424, 0.007790233474224806, -0.0013331909431144595, 0.0015157939633354545, 133467.015625, 153455.0, 85709.4140625, 132009.140625, 142153.9375, 102656.75, 0.17408493161201477, -2.01824951171875, -4.427298545837402, -1.9327043294906616, -5.705352783203125, -2.0376973152160645, 0.0, 0.0, 2.0, 1.2887259721755981, 0.0, 0.0, 0.0
49272, 1.1705063581466675, -0.2018224447965622, 0.006483475212007761, 0.00746872927993536, -0.0013404084602370858, 0.0073947603814303875, 133466.40625, 153459.59375, 85715.0859375, 132011.390625, 142151.65625, 102657.8671875, 0.17408493161201477, -2.01824951171875, -4.427298545837402, -1.9327043294906616, -5.705352783203125, -2.0376973152160645, 0.0, 0.0, 2.0, 1.2849806547164917, 0.0, 0.0, 0.0
49292, 1.1704716682434082, -0.20159296691417694, 0.006641076877713203, 0.007438755594193935, 1.1394458852009848e-05, 0.007854131981730461, 133458.0, 153457.296875, 85721.5625, 132002.40625, 142153.9375, 102658.6171875, 0.17408493161201477, -2.01824951171875, -4.427298545837402, -1.9327043294906616, -5.705352783203125, -2.0376973152160645, 0.0, 0.0, 2.0, 1.2821086645126343, 0.0, 0.0, 0.0
49312, 1.1697971820831299, -0.2016099989414215, 0.005660002585500479, 0.0039915102533996105, -6.737126386724412e-05, 0.0019520247587934136, 133467.453125, 153455.421875, 85721.5625, 132004.65625, 142156.21875, 102656.5546875, 0.17408493161201477, -2.01824951171875, -4.427298545837402, -1.9327043294906616, -5.705352783203125, -2.0376973152160645, 0.0, 0.0, 2.0, 1.278635025024414, 0.0, 0.0, 0.0
49332, 1.1697890758514404, -0.20183826982975006, 0.005702259950339794, 0.004109568893909454, -0.0015138535527512431, 0.0021547928918153048, 133468.0625, 153459.59375, 85723.453125, 132006.890625, 142149.890625, 102664.0546875, 0.17408493161201477, -2.01824951171875, -4.427298545837402, -1.9327043294906616, -5.705352783203125, -2.0376973152160645, 0.0, 0.0, 2.0, 1.2766443490982056, 0.0, 0.0, 0.0
49352, 1.1697866916656494, -0.2016025185585022, 0.005050802603363991, 0.004173390567302704, -0.00017396871407981962, -0.001518961158581078, 133468.65625, 153453.53125, 85717.78125, 132007.484375, 142149.890625, 102666.875, 0.17408493161201477, -2.01824951171875, -4.427298545837402, -1.9327043294906616, -5.705352783203125, -2.0376973152160645, 0.0, 0.0, 2.0, 1.2759679555892944, 0.0, 0.0, 0.0
49372, 1.1705822944641113, -0.20135310292243958, 0.005020800046622753, 0.007914530113339424, 0.0008483490673825145, -0.0015200625639408827, 133475.421875, 153448.9375, 85717.78125, 132008.0625, 142162.046875, 102658.0625, 0.17408493161201477, -2.01824951171875, -4.427298545837402, -1.9327043294906616, -5.705352783203125, -2.0376973152160645, 0.0, 0.0, 2.0, 1.274435043334961, 0.0, 0.0, 0.0
49392, 1.1703027486801147, -0.2013700157403946, 0.004991193767637014, 0.006369616836309433, 0.0006805818411521614, -0.001387366559356451, 133488.328125, 153453.109375, 85716.9765625, 132009.140625, 142155.71875, 102655.25, 0.17408493161201477, -2.01824951171875, -4.427298545837402, -1.9327043294906616, -5.705352783203125, -2.0376973152160645, 0.0, 0.0, 2.0, 1.2717207670211792, 0.0, 0.0, 0.0
49412, 1.170434832572937, -0.2013574093580246, 0.004966603592038155, 0.006752398330718279, 0.000605343549977988, -0.001077270251698792, 133475.421875, 153448.9375, 85718.8671875, 132009.140625, 142153.4375, 102666.875, 0.17408493161201477, -2.01824951171875, -4.427298545837402, -1.9327043294906616, -5.705352783203125, -2.0376973152160645, 0.0, 0.0, 2.0, 1.269023060798645, 0.0, 0.0, 0.0
49432, 1.1698309183120728, -0.20138666033744812, 0.005344400182366371, 0.003415972227230668, 0.0005470988689921796, 0.001139770494773984, 133485.46875, 153459.171875, 85715.0859375, 132000.75, 142157.984375, 102659.375, 0.17408493161201477, -2.01824951171875, -4.427298545837402, -1.9327043294906616, -5.705352783203125, -2.0376973152160645, 0.0, 0.0, 2.0, 1.2661086320877075, 0.0, 0.0, 0.0
49452, 1.1700475215911865, -0.20138970017433167, 0.005372897256165743, 0.005002622026950121, 0.0004103191022295505, 0.0015455377288162708, 133475.421875, 153453.53125, 85717.78125, 132011.390625, 142157.484375, 102657.3125, 0.17408493161201477, -2.01824951171875, -4.427298545837402, -1.9327043294906616, -5.705352783203125, -2.0376973152160645, 0.0, 0.0, 2.0, 1.2628192901611328, 0.0, 0.0, 0.0
49472, 1.1698288917541504, -0.20162495970726013, 0.005407135467976332, 0.003982238005846739, -0.001000568619929254, 0.0017538557294756174, 133472.5625, 153448.5, 85718.8671875, 132013.046875, 142157.984375, 102660.6796875, 0.17408493161201477, -2.01824951171875, -4.427298545837402, -1.9327043294906616, -5.705352783203125, -2.0376973152160645, 0.0, 0.0, 2.0, 1.2630786895751953, 0.0, 0.0, 0.0
49492, 1.1700719594955444, -0.20161211490631104, 0.005267039872705936, 0.005479298997670412, -0.000900623737834394, 0.0007683884468860924, 133470.3125, 153457.296875, 85721.5625, 132009.140625, 142154.4375, 102660.6796875, 0.17408493161201477, -2.01824951171875, -4.427298545837402, -1.9327043294906616, -5.705352783203125, -2.0376973152160645, 0.0, 0.0, 2.0, 1.262017011642456, 0.0, 0.0, 0.0
49512, 1.1703671216964722, -0.20137950778007507, 0.005278484895825386, 0.006853786297142506, 0.0002947674074675888, 0.0004012795689050108, 133472.5625, 153455.421875, 85726.421875, 132015.875, 142158.484375, 102666.1171875, 0.17408493161201477, -2.01824951171875, -4.427298545837402, -1.9327043294906616, -5.705352783203125, -2.0376973152160645, 0.0, 0.0, 2.0, 1.2563233375549316, 0.0, 0.0, 0.0
49532, 1.170674443244934, -0.20161262154579163, 0.005171175580471754, 0.008350289426743984, -0.0009691942832432687, -6.982895865803584e-05, 133468.65625, 153448.5, 85727.234375, 132016.375, 142162.53125, 102658.6171875, 0.17408493161201477, -2.01824951171875, -4.427298545837402, -1.9327043294906616, -5.705352783203125, -2.0376973152160645, 0.0, 0.0, 2.0, 1.2543590068817139, 0.0, 0.0, 0.0
49552, 1.1704727411270142, -0.20163674652576447, 0.005172198638319969, 0.007490475662052631, -0.001259428565390408, -4.5903489080956206e-05, 133479.3125, 153459.59375, 85730.203125, 132010.8125, 142157.984375, 102665.3671875, 0.17408493161201477, -2.01824951171875, -4.427298545837402, -1.9327043294906616, -5.705352783203125, -2.0376973152160645, 0.0, 0.0, 2.0, 1.252018690109253, 0.0, 0.0, 0.0
49572, 1.1704496145248413, -0.20163053274154663, 0.004686694126576185, 0.0072092292830348015, -0.0010324850445613265, -0.0024684842210263014, 133469.265625, 153459.171875, 85723.71875, 132006.890625, 142157.484375, 102664.8125, 0.17408493161201477, -2.01824951171875, -4.427298545837402, -1.9327043294906616, -5.705352783203125, -2.0376973152160645, 0.0, 0.0, 2.0, 1.2487553358078003, 0.0, 0.0, 0.0
49592, 1.1706910133361816, -0.2013881355524063, 0.004661835730075836, 0.008301152847707272, 0.00039248535176739097, -0.002489833626896143, 133482.171875, 153464.203125, 85725.34375, 132006.3125, 142153.4375, 102661.2421875, 0.17408493161201477, -2.01824951171875, -4.427298545837402, -1.9327043294906616, -5.705352783203125, -2.0376973152160645, 0.0, 0.0, 2.0, 1.2451567649841309, 0.0, 0.0, 0.0
49612, 1.1706531047821045, -0.20138616859912872, 0.004767652601003647, 0.007310653105378151, 0.00025221059331670403, -0.0016356504056602716, 133476.46875, 153453.53125, 85720.75, 132008.5625, 142158.484375, 102658.6171875, 0.17408493161201477, -2.01824951171875, -4.427298545837402, -1.9327043294906616, -5.705352783203125, -2.0376973152160645, 0.0, 0.0, 2.0, 1.2414494752883911, 0.0, 0.0, 0.0
49632, 1.1698870658874512, -0.20140774548053741, 0.004734287038445473, 0.0029095213394612074, 0.000277535553323105, -0.001800080412067473, 133479.921875, 153464.203125, 85720.75, 132008.5625, 142157.984375, 102656.5546875, 0.17408493161201477, -2.01824951171875, -4.427298545837402, -1.9327043294906616, -5.705352783203125, -2.0376973152160645, 0.0, 0.0, 2.0, 1.2370051145553589, 0.0, 0.0, 0.0
49652, 1.170678734779358, -0.20138242840766907, 0.004432493820786476, 0.007546089123934507, 0.0005164331523701549, -0.0030990384984761477, 133475.421875, 153453.109375, 85722.640625, 132017.53125, 142153.9375, 102666.875, 0.17408493161201477, -2.01824951171875, -4.427298545837402, -1.9327043294906616, -5.705352783203125, -2.0376973152160645, 0.0, 0.0, 2.0, 1.2335566282272339, 0.0, 0.0, 0.0
49672, 1.170836091041565, -0.20137086510658264, 0.004369169939309359, 0.008221491239964962, 0.0006178315379656851, -0.0031968746334314346, 133477.671875, 153465.65625, 85723.453125, 132006.3125, 142146.609375, 102661.9921875, 0.17408493161201477, -2.01824951171875, -4.427298545837402, -1.9327043294906616, -5.705352783203125, -2.0376973152160645, 0.0, 0.0, 2.0, 1.2304741144180298, 0.0, 0.0, 0.0
49692, 1.169981837272644, -0.2018788903951645, 0.00419224426150322, 0.0037629527505487204, -0.0023250123485922813, -0.00401099119335413, 133473.171875, 153455.84375, 85730.203125, 132011.390625, 142154.4375, 102656.5546875, 0.17408493161201477, -2.01824951171875, -4.427298545837402, -1.9327043294906616, -5.705352783203125, -2.0376973152160645, 0.0, 0.0, 2.0, 1.230724573135376, 0.0, 0.0, 0.0
49712, 1.1704720258712769, -0.20161902904510498, 0.004116714466363192, 0.006639119237661362, -0.000674813287332654, -0.0038581271655857563, 133469.265625, 153459.171875, 85726.421875, 132011.390625, 142164.8125, 102666.1171875, 0.17408493161201477, -2.01824951171875, -4.427298545837402, -1.9327043294906616, -5.705352783203125, -2.0376973152160645, 0.0, 0.0, 2.0, 1.2278168201446533, 0.0, 0.0, 0.0
49732, 1.1701817512512207, -0.20162741839885712, 0.004042521119117737, 0.005729377269744873, -0.0005191539530642331, -0.003747484879568219, 133467.015625, 153456.875, 85726.421875, 132014.71875, 142153.4375, 102664.0546875, 0.17408493161201477, -2.01824951171875, -4.427298545837402, -1.9327043294906616, -5.705352783203125, -2.0376973152160645, 0.0, 0.0, 2.0, 1.2248830795288086, 0.0, 0.0, 0.0
49752, 1.170092225074768, -0.2016264945268631, 0.005643013399094343, 0.004982622340321541, -0.0006139585748314857, 0.005300805903971195, 133467.015625, 153458.75, 85733.171875, 132016.953125, 142164.8125, 102658.6171875, 0.17408493161201477, -2.01824951171875, -4.427298545837402, -1.9327043294906616, -5.705352783203125, -2.0376973152160645, 0.0, 0.0, 2.0, 1.2208176851272583, 0.0, 0.0, 0.0
49772, 1.169875144958496, -0.2018744796514511, 0.005749644711613655, 0.005289959255605936, -0.0017375608440488577, 0.005225398577749729, 133472.5625, 153457.71875, 85730.203125, 132006.890625, 142153.4375, 102662.75, 0.17408493161201477, -2.01824951171875, -4.427298545837402, -1.9327043294906616, -5.705352783203125, -2.0376973152160645, 0.0, 0.0, 2.0, 1.2178179025650024, 0.0, 0.0, 0.0
49792, 1.1706159114837646, -0.2016296237707138, 0.004730753600597382, 0.009361539967358112, -8.15420935396105e-05, -9.402391879120842e-05, 133469.265625, 153459.171875, 85725.609375, 132001.828125, 142160.265625, 102664.8125, 0.17408493161201477, -2.01824951171875, -4.427298545837402, -1.9327043294906616, -5.705352783203125, -2.0376973152160645, 0.0, 0.0, 2.0, 1.2157502174377441, 0.0, 0.0, 0.0
49812, 1.1709424257278442, -0.20162653923034668, 0.004730393644422293, 0.011039534583687782, 2.956949538202025e-05, 0.00013884174404665828, 133473.765625, 153448.9375, 85720.75, 132011.390625, 142162.53125, 102661.4375, 0.17408493161201477, -2.01824951171875, -4.427298545837402, -1.9327043294906616, -5.705352783203125, -2.0376973152160645, 0.0, 0.0, 2.0, 1.2149100303649902, 0.0, 0.0, 0.0
49832, 1.170676350593567, -0.20162507891654968, 0.004061115439981222, 0.00965654943138361, 0.0002844322589226067, -0.0030569545924663544, 133470.90625, 153452.6875, 85726.6875, 132006.890625, 142163.03125, 102654.4921875, 0.17408493161201477, -2.01824951171875, -4.427298545837402, -1.9327043294906616, -5.705352783203125, -2.0376973152160645, 0.0, 0.0, 2.0, 1.213424801826477, 0.0, 0.0, 0.0
49852, 1.1699241399765015, -0.20164532959461212, 0.004003260750323534, 0.005199644714593887, 0.00013119264622218907, -0.002908110385760665, 133477.671875, 153461.90625, 85721.5625, 132006.3125, 142160.265625, 102660.6796875, 0.17408493161201477, -2.01824951171875, -4.427298545837402, -1.9327043294906616, -5.705352783203125, -2.0376973152160645, 0.0, 0.0, 2.0, 1.211709976196289, 0.0, 0.0, 0.0
49872, 1.170433521270752, -0.20162859559059143, 0.00515325553715229, 0.007909790612757206, 9.862829756457359e-05, 0.0038637814577668905, 133480.53125, 153460.015625, 85723.71875, 132009.140625, 142162.53125, 102659.375, 0.17408493161201477, -2.01824951171875, -4.427298545837402, -1.9327043294906616, -5.705352783203125, -2.0376973152160645, 0.0, 0.0, 2.0, 1.2109670639038086, 0.0, 0.0, 0.0
49892, 1.1705995798110962, -0.20162761211395264, 0.005232230294495821, 0.008713850751519203, 9.28700392250903e-05, 0.0040165940299630165, 133477.0625, 153455.0, 85727.5, 132017.53125, 142163.8125, 102665.3671875, 0.17408493161201477, -2.01824951171875, -4.427298545837402, -1.9327043294906616, -5.705352783203125, -2.0376973152160645, 0.0, 0.0, 2.0, 1.2085602283477783, 0.0, 0.0, 0.0
49912, 1.1707710027694702, -0.20137816667556763, 0.005956985522061586, 0.009423152543604374, 0.0016125657130032778, 0.007934625260531902, 133470.90625, 153457.71875, 85725.609375, 132011.390625, 142167.09375, 102664.8125, 0.17408493161201477, -2.01824951171875, -4.427298545837402, -1.9327043294906616, -5.705352783203125, -2.0376973152160645, 0.0, 0.0, 2.0, 1.2067999839782715, 0.0, 0.0, 0.0
49932, 1.1705397367477417, -0.20112957060337067, 0.006120680365711451, 0.00785736832767725, 0.003105687675997615, 0.008114250376820564, 133458.0, 153463.78125, 85735.0625, 132010.8125, 142151.65625, 102660.6796875, 0.17408493161201477, -2.01824951171875, -4.427298545837402, -1.9327043294906616, -5.705352783203125, -2.0376973152160645, 0.0, 0.0, 2.0, 1.2034721374511719, 0.0, 0.0, 0.0
49952, 1.1710222959518433, -0.20137889683246613, 0.0061788796447217464, 0.010324270464479923, 0.0014598309062421322, 0.007776046171784401, 133468.0625, 153454.5625, 85736.140625, 132009.140625, 142162.046875, 102657.3125, 0.17408493161201477, -2.01824951171875, -4.427298545837402, -1.9327043294906616, -5.705352783203125, -2.0376973152160645, 0.0, 0.0, 2.0, 1.201401948928833, 0.0, 0.0, 0.0
49972, 1.1701844930648804, -0.20165735483169556, 0.0063425167463719845, 0.0057594734244048595, -6.679259240627289e-05, 0.007806546054780483, 133472.125, 153464.203125, 85731.28125, 132010.8125, 142161.546875, 102668.1796875, 0.17408493161201477, -2.01824951171875, -4.427298545837402, -1.9327043294906616, -5.705352783203125, -2.0376973152160645, 0.0, 0.0, 2.0, 1.19976007938385, 0.0, 0.0, 0.0
49992, 1.1706628799438477, -0.20186898112297058, 0.006500808987766504, 0.008085639216005802, -0.0012684350367635489, 0.008022558875381947, 133468.0625, 153461.484375, 85732.90625, 132013.625, 142160.265625, 102664.8125, 0.17408493161201477, -2.01824951171875, -4.427298545837402, -1.9327043294906616, -5.705352783203125, -2.0376973152160645, 0.0, 0.0, 2.0, 1.1989160776138306, 0.0, 0.0, 0.0
50012, 1.170147180557251, -0.20188546180725098, 0.006000578869134188, 0.005177130922675133, -0.0013835871359333396, 0.004614091012626886, 133475.421875, 153457.296875, 85730.203125, 132006.3125, 142162.53125, 102662.75, 0.17408493161201477, -2.01824951171875, -4.427298545837402, -1.9327043294906616, -5.705352783203125, -2.0376973152160645, 0.0, 0.0, 2.0, 1.1969263553619385, 0.0, 0.0, 0.0
50032, 1.1705983877182007, -0.20164594054222107, 0.006096054334193468, 0.007556446362286806, 1.2911134945170488e-05, 0.004879517946392298, 133473.765625, 153459.59375, 85729.390625, 132009.140625, 142156.21875, 102661.2421875, 0.17408493161201477, -2.01824951171875, -4.427298545837402, -1.9327043294906616, -5.705352783203125, -2.0376973152160645, 0.0, 0.0, 2.0, 1.1958471536636353, 0.0, 0.0, 0.0
50052, 1.1703517436981201, -0.20143945515155792, 0.005732598248869181, 0.00626158295199275, 0.001195420860312879, 0.0025985073298215866, 133475.421875, 153455.421875, 85723.453125, 132010.21875, 142155.21875, 102665.5625, 0.17408493161201477, -2.01824951171875, -4.427298545837402, -1.9327043294906616, -5.705352783203125, -2.0376973152160645, 0.0, 0.0, 2.0, 1.1934596300125122, 0.0, 0.0, 0.0
50072, 1.170656681060791, -0.20142008364200592, 0.005783496890217066, 0.006878730375319719, 0.0010876958258450031, 0.002585399430245161, 133476.015625, 153457.71875, 85729.390625, 132008.5625, 142155.71875, 102656.5546875, 0.17408493161201477, -2.01824951171875, -4.427298545837402, -1.9327043294906616, -5.705352783203125, -2.0376973152160645, 0.0, 0.0, 2.0, 1.1917428970336914, 0.0, 0.0, 0.0
50092, 1.1704844236373901, -0.20141805708408356, 0.005119917914271355, 0.006081972271203995, 0.0008475841023027897, -0.0008190714288502932, 133480.53125, 153463.359375, 85725.34375, 132020.359375, 142155.21875, 102661.9921875, 0.17408493161201477, -2.01824951171875, -4.427298545837402, -1.9327043294906616, -5.705352783203125, -2.0376973152160645, 0.0, 0.0, 2.0, 1.1870754957199097, 0.0, 0.0, 0.0
50112, 1.1699790954589844, -0.20188242197036743, 0.005102814175188541, 0.003944823518395424, -0.0016976469196379185, -0.0008116716635413468, 133472.5625, 153461.484375, 85731.015625, 132015.875, 142155.71875, 102664.8125, 0.17408493161201477, -2.01824951171875, -4.427298545837402, -1.9327043294906616, -5.705352783203125, -2.0376973152160645, 0.0, 0.0, 2.0, 1.18586266040802, 0.0, 0.0, 0.0
50132, 1.1704989671707153, -0.20118404924869537, 0.00505809485912323, 0.006631019059568644, 0.002212050836533308, -0.0006442464655265212, 133482.609375, 153459.171875, 85731.015625, 132013.625, 142153.4375, 102666.875, 0.17408493161201477, -2.01824951171875, -4.427298545837402, -1.9327043294906616, -5.705352783203125, -2.0376973152160645, 0.0, 0.0, 2.0, 1.181422472000122, 0.0, 0.0, 0.0
50152, 1.1702255010604858, -0.2011984884738922, 0.005045884754508734, 0.005462275352329016, 0.001967101125046611, -0.0006187096005305648, 133477.671875, 153455.0, 85733.171875, 132013.625, 142157.484375, 102664.8125, 0.17408493161201477, -2.01824951171875, -4.427298545837402, -1.9327043294906616, -5.705352783203125, -2.0376973152160645, 0.0, 0.0, 2.0, 1.1784862279891968, 0.0, 0.0, 0.0
50172, 1.1704649925231934, -0.20164619386196136, 0.004639695398509502, 0.006686181761324406, -0.00022396622807718813, -0.0028362658340483904, 133466.40625, 153454.5625, 85730.46875, 132019.78125, 142155.21875, 102661.9921875, 0.17408493161201477, -2.01824951171875, -4.427298545837402, -1.9327043294906616, -5.705352783203125, -2.0376973152160645, 0.0, 0.0, 2.0, 1.175986647605896, 0.0, 0.0, 0.0
50192, 1.1707698106765747, -0.2014162838459015, 0.0045850034803152084, 0.008252537809312344, 0.0010971095180138946, -0.002610342111438513, 133470.90625, 153459.171875, 85738.03125, 132013.046875, 142155.71875, 102660.6796875, 0.17408493161201477, -2.01824951171875, -4.427298545837402, -1.9327043294906616, -5.705352783203125, -2.0376973152160645, 0.0, 0.0, 2.0, 1.1740374565124512, 0.0, 0.0, 0.0
50212, 1.1700913906097412, -0.20166905224323273, 0.00396608654409647, 0.0046678222715854645, -0.0004740064905490726, -0.005720705259591341, 133472.5625, 153461.484375, 85733.984375, 132009.140625, 142156.21875, 102666.1171875, 0.17408493161201477, -2.01824951171875, -4.427298545837402, -1.9327043294906616, -5.705352783203125, -2.0376973152160645, 0.0, 0.0, 2.0, 1.1724116802215576, 0.0, 0.0, 0.0
50232, 1.170072317123413, -0.20167431235313416, 0.0038507261779159307, 0.004604536108672619, -0.0002780468494165689, -0.005526669789105654, 133474.8125, 153454.140625, 85735.0625, 132006.3125, 142155.71875, 102664.8125, 0.17408493161201477, -2.01824951171875, -4.427298545837402, -1.9327043294906616, -5.705352783203125, -2.0376973152160645, 0.0, 0.0, 2.0, 1.171170711517334, 0.0, 0.0, 0.0
50252, 1.1700665950775146, -0.20168277621269226, 0.0037426790222525597, 0.004508898593485355, -0.000194599007954821, -0.005895720329135656, 133481.5625, 153454.5625, 85725.609375, 132013.625, 142159.265625, 102662.75, 0.17408493161201477, -2.01824951171875, -4.427298545837402, -1.9327043294906616, -5.705352783203125, -2.0376973152160645, 0.0, 0.0, 2.0, 1.1692472696304321, 0.0, 0.0, 0.0
50272, 1.1705652475357056, -0.2016715556383133, 0.002908821916207671, 0.007325701415538788, -2.4712850063224323e-05, -0.00943360198289156, 133482.78125, 153459.171875, 85731.015625, 132013.046875, 142155.21875, 102664.0546875, 0.17408493161201477, -2.01824951171875, -4.427298545837402, -1.9327043294906616, -5.705352783203125, -2.0376973152160645, 0.0, 0.0, 2.0, 1.1661311388015747, 0.0, 0.0, 0.0
50292, 1.1701236963272095, -0.20169000327587128, 0.0027293767780065536, 0.0054537514224648476, -0.00017957834643311799, -0.008901073597371578, 133477.671875, 153456.875, 85727.234375, 132013.046875, 142155.71875, 102664.0546875, 0.17408493161201477, -2.01824951171875, -4.427298545837402, -1.9327043294906616, -5.705352783203125, -2.0376973152160645, 0.0, 0.0, 2.0, 1.1677680015563965, 0.0, 0.0, 0.0
50312, 1.1708271503448486, -0.20166894793510437, 0.0027029786724597216, 0.009443077258765697, -0.0003326062869746238, -0.007555152289569378, 133479.3125, 153459.171875, 85731.28125, 132010.21875, 142155.71875, 102659.1796875, 0.17408493161201477, -2.01824951171875, -4.427298545837402, -1.9327043294906616, -5.705352783203125, -2.0376973152160645, 0.0, 0.0, 2.0, 1.1672402620315552, 0.0, 0.0, 0.0
50332, 1.1708979606628418, -0.20144405961036682, 0.0025602998211979866, 0.009406812489032745, 0.000808079494163394, -0.006902408320456743, 133488.328125, 153458.75, 85733.171875, 132011.390625, 142157.984375, 102668.1796875, 0.17408493161201477, -2.01824951171875, -4.427298545837402, -1.9327043294906616, -5.705352783203125, -2.0376973152160645, 0.0, 0.0, 2.0, 1.1668637990951538, 0.0, 0.0, 0.0
50352, 1.1701737642288208, -0.20170782506465912, 0.0030333013273775578, 0.005460734013468027, -0.0009418198023922741, -0.003494225675240159, 133479.3125, 153455.0, 85726.421875, 132019.203125, 142164.3125, 102661.9921875, 0.17408493161201477, -2.01824951171875, -4.427298545837402, -1.9327043294906616, -5.705352783203125, -2.0376973152160645, 0.0, 0.0, 2.0, 1.1689364910125732, 0.0, 0.0, 0.0
50372, 1.1702806949615479, -0.20172376930713654, 0.002965755993500352, 0.0051195197738707066, -0.0006792133208364248, -0.0032781183253973722, 133474.8125, 153459.171875, 85735.0625, 132013.046875, 142157.484375, 102667.4296875, 0.17408493161201477, -2.01824951171875, -4.427298545837402, -1.9327043294906616, -5.705352783203125, -2.0376973152160645, 0.0, 0.0, 2.0, 1.1708866357803345, 0.0, 0.0, 0.0
50392, 1.170209527015686, -0.20197859406471252, 0.004123246762901545, 0.00459293182939291, -0.0022559058852493763, 0.003471973119303584, 133474.8125, 153464.203125, 85735.0625, 132013.046875, 142151.65625, 102667.4296875, 0.17408493161201477, -2.01824951171875, -4.427298545837402, -1.9327043294906616, -5.705352783203125, -2.0376973152160645, 0.0, 0.0, 2.0, 1.1701081991195679, 0.0, 0.0, 0.0
50412, 1.1709591150283813, -0.2012157440185547, 0.004194919485598803, 0.00848700013011694, 0.0022197093348950148, 0.003429822390899062, 133472.5625, 153453.109375, 85737.765625, 132011.390625, 142155.21875, 102661.9921875, 0.17408493161201477, -2.01824951171875, -4.427298545837402, -1.9327043294906616, -5.705352783203125, -2.0376973152160645, 0.0, 0.0, 2.0, 1.16594660282135, 0.0, 0.0, 0.0
50432, 1.170122504234314, -0.20172038674354553, 0.0045633623376488686, 0.0037426589988172054, -0.0008413936011493206, 0.005246734246611595, 133476.46875, 153458.75, 85737.765625, 132010.8125, 142155.71875, 102661.9921875, 0.17408493161201477, -2.01824951171875, -4.427298545837402, -1.9327043294906616, -5.705352783203125, -2.0376973152160645, 0.0, 0.0, 2.0, 1.1678752899169922, 0.0, 0.0, 0.0
50452, 1.1700894832611084, -0.20149022340774536, 0.004677646793425083, 0.003961229231208563, 0.0002537838590797037, 0.005487388465553522, 133474.8125, 153455.0, 85738.84375, 132010.21875, 142153.9375, 102661.2421875, 0.17408493161201477, -2.01824951171875, -4.427298545837402, -1.9327043294906616, -5.705352783203125, -2.0376973152160645, 0.0, 0.0, 2.0, 1.1648911237716675, 0.0, 0.0, 0.0
50472, 1.1705490350723267, -0.20170444250106812, 0.005259810946881771, 0.006504652090370655, -0.0011451697209849954, 0.008228512480854988, 133471.515625, 153459.171875, 85732.90625, 132012.46875, 142161.546875, 102670.25, 0.17408493161201477, -2.01824951171875, -4.427298545837402, -1.9327043294906616, -5.705352783203125, -2.0376973152160645, 0.0, 0.0, 2.0, 1.1644761562347412, 0.0, 0.0, 0.0
50492, 1.1700910329818726, -0.2017308920621872, 0.005427771247923374, 0.004078590776771307, -0.0012805367587134242, 0.008309700526297092, 133477.0625, 153461.484375, 85730.203125, 132006.3125, 142151.65625, 102664.8125, 0.17408493161201477, -2.01824951171875, -4.427298545837402, -1.9327043294906616, -5.705352783203125, -2.0376973152160645, 0.0, 0.0, 2.0, 1.1637697219848633, 0.0, 0.0, 0.0
50512, 1.1700698137283325, -0.2019585371017456, 0.005593490786850452, 0.004249833524227142, -0.002524392446503043, 0.008174840360879898, 133483.828125, 153452.6875, 85731.015625, 132016.953125, 142165.59375, 102662.75, 0.17408493161201477, -2.01824951171875, -4.427298545837402, -1.9327043294906616, -5.705352783203125, -2.0376973152160645, 0.0, 0.0, 2.0, 1.16297447681427, 0.0, 0.0, 0.0
50532, 1.1701375246047974, -0.20201215147972107, 0.006347271613776684, 0.00478352839127183, -0.0025884658098220825, 0.011152971535921097, 133481.5625, 153459.171875, 85738.84375, 132010.8125, 142155.21875, 102669.4921875, 0.17408493161201477, -2.01824951171875, -4.427298545837402, -1.9327043294906616, -5.705352783203125, -2.0376973152160645, 0.0, 0.0, 2.0, 1.1618207693099976, 0.0, 0.0, 0.0
50552, 1.1704384088516235, -0.20176728069782257, 0.00657421862706542, 0.006356371100991964, -0.0009420863352715969, 0.011473825201392174, 133480.96875, 153460.625, 85731.28125, 132013.046875, 142157.984375, 102658.6171875, 0.17408493161201477, -2.01824951171875, -4.427298545837402, -1.9327043294906616, -5.705352783203125, -2.0376973152160645, 0.0, 0.0, 2.0, 1.1592613458633423, 0.0, 0.0, 0.0
50572, 1.1702051162719727, -0.20177718997001648, 0.006097435485571623, 0.005110706202685833, -0.0008772701257839799, 0.007877419702708721, 133477.0625, 153459.171875, 85736.953125, 132013.046875, 142158.765625, 102666.1171875, 0.17408493161201477, -2.01824951171875, -4.427298545837402, -1.9327043294906616, -5.705352783203125, -2.0376973152160645, 0.0, 0.0, 2.0, 1.156945824623108, 0.0, 0.0, 0.0
50592, 1.170717477798462, -0.20176519453525543, 0.006254835519939661, 0.007602121215313673, -0.0006106725777499378, 0.007934902794659138, 133479.3125, 153452.6875, 85733.984375, 132014.71875, 142155.21875, 102664.0546875, 0.17408493161201477, -2.01824951171875, -4.427298545837402, -1.9327043294906616, -5.705352783203125, -2.0376973152160645, 0.0, 0.0, 2.0, 1.1531448364257812, 0.0, 0.0, 0.0
50612, 1.1701464653015137, -0.20202669501304626, 0.005880078766494989, 0.004410793073475361, -0.00215521571226418, 0.005258801393210888, 133479.3125, 153458.75, 85741.546875, 132007.984375, 142164.3125, 102666.875, 0.17408493161201477, -2.01824951171875, -4.427298545837402, -1.9327043294906616, -5.705352783203125, -2.0376973152160645, 0.0, 0.0, 2.0, 1.1521140336990356, 0.0, 0.0, 0.0
50632, 1.1708859205245972, -0.20153024792671204, 0.005988292396068573, 0.00808018445968628, 0.0006381823914125562, 0.005457774270325899, 133475.421875, 153463.78125, 85738.84375, 132015.875, 142152.9375, 102660.6796875, 0.17408493161201477, -2.01824951171875, -4.427298545837402, -1.9327043294906616, -5.705352783203125, -2.0376973152160645, 0.0, 0.0, 2.0, 1.1462604999542236, 0.0, 0.0, 0.0
50652, 1.1708260774612427, -0.20153890550136566, 0.006488946732133627, 0.008044984191656113, 0.0006940599996596575, 0.007488609291613102, 133472.5625, 153455.0, 85739.921875, 132010.8125, 142151.65625, 102664.8125, 0.17408493161201477, -2.01824951171875, -4.427298545837402, -1.9327043294906616, -5.705352783203125, -2.0376973152160645, 0.0, 0.0, 2.0, 1.1444666385650635, 0.0, 0.0, 0.0
50672, 1.1702901124954224, -0.20155464112758636, 0.006641390733420849, 0.0051612756215035915, 0.0004478221235331148, 0.007385722827166319, 133472.5625, 153464.203125, 85743.4375, 132002.40625, 142157.484375, 102669.4921875, 0.17408493161201477, -2.01824951171875, -4.427298545837402, -1.9327043294906616, -5.705352783203125, -2.0376973152160645, 0.0, 0.0, 2.0, 1.142744779586792, 0.0, 0.0, 0.0
50692, 1.170364260673523, -0.20155026018619537, 0.0076866294257342815, 0.005540559533983469, 0.0002498152607586235, 0.01216990128159523, 133476.46875, 153455.421875, 85739.921875, 132013.625, 142162.046875, 102659.375, 0.17408493161201477, -2.01824951171875, -4.427298545837402, -1.9327043294906616, -5.705352783203125, -2.0376973152160645, 0.0, 0.0, 2.0, 1.1399383544921875, 0.0, 0.0, 0.0
50712, 1.1705732345581055, -0.2015531212091446, 0.007930603809654713, 0.006559316068887711, 0.0002747017424553633, 0.012240396812558174, 133479.3125, 153459.171875, 85736.6875, 132015.296875, 142156.984375, 102666.1171875, 0.17408493161201477, -2.01824951171875, -4.427298545837402, -1.9327043294906616, -5.705352783203125, -2.0376973152160645, 0.0, 0.0, 2.0, 1.1384661197662354, 0.0, 0.0, 0.0
50732, 1.1703331470489502, -0.20178546011447906, 0.0069203670136630535, 0.005455648992210627, -0.0009886783082038164, 0.005184154491871595, 133477.0625, 153463.78125, 85736.953125, 132009.140625, 142162.046875, 102663.3046875, 0.17408493161201477, -2.01824951171875, -4.427298545837402, -1.9327043294906616, -5.705352783203125, -2.0376973152160645, 0.0, 0.0, 2.0, 1.1370973587036133, 0.0, 0.0, 0.0
50752, 1.1706287860870361, -0.20179176330566406, 0.007026320323348045, 0.0072782523930072784, -0.000840274034999311, 0.005396251101046801, 133481.5625, 153459.59375, 85738.84375, 132013.625, 142159.765625, 102661.9921875, 0.17408493161201477, -2.01824951171875, -4.427298545837402, -1.9327043294906616, -5.705352783203125, -2.0376973152160645, 0.0, 0.0, 2.0, 1.1327763795852661, 0.0, 0.0, 0.0
50772, 1.1700904369354248, -0.20203684270381927, 0.006701201666146517, 0.0046564009971916676, -0.002181821037083864, 0.0031424148473888636, 133474.8125, 153459.171875, 85728.046875, 132015.296875, 142164.3125, 102666.1171875, 0.17408493161201477, -2.01824951171875, -4.427298545837402, -1.9327043294906616, -5.705352783203125, -2.0376973152160645, 0.0, 0.0, 2.0, 1.1308708190917969, 0.0, 0.0, 0.0
50792, 1.1703723669052124, -0.20156343281269073, 0.006766940001398325, 0.0060149673372507095, 0.0007962425006553531, 0.003280375152826309, 133479.3125, 153458.75, 85742.625, 132021.453125, 142164.8125, 102661.2421875, 0.17408493161201477, -2.01824951171875, -4.427298545837402, -1.9327043294906616, -5.705352783203125, -2.0376973152160645, 0.0, 0.0, 2.0, 1.126758337020874, 0.0, 0.0, 0.0
50812, 1.1703217029571533, -0.20157136023044586, 0.006834021303802729, 0.005870972294360399, 0.00072465930134058, 0.0031674152705818415, 133474.203125, 153463.359375, 85735.875, 132007.984375, 142155.71875, 102663.3046875, 0.17408493161201477, -2.01824951171875, -4.427298545837402, -1.9327043294906616, -5.705352783203125, -2.0376973152160645, 0.0, 0.0, 2.0, 1.1243125200271606, 0.0, 0.0, 0.0
50832, 1.1706732511520386, -0.2015545517206192, 0.005707285832613707, 0.007873132824897766, 0.0009664155077189207, -0.0026340363547205925, 133479.3125, 153459.59375, 85745.328125, 132009.140625, 142160.265625, 102664.0546875, 0.17408493161201477, -2.01824951171875, -4.427298545837402, -1.9327043294906616, -5.705352783203125, -2.0376973152160645, 0.0, 0.0, 2.0, 1.1223523616790771, 0.0, 0.0, 0.0
50852, 1.1708353757858276, -0.20153509080410004, 0.0056573678739368916, 0.0083047179505229, 0.0009697555215097964, -0.0024522317107766867, 133463.546875, 153463.359375, 85741.546875, 132013.046875, 142155.71875, 102661.9921875, 0.17408493161201477, -2.01824951171875, -4.427298545837402, -1.9327043294906616, -5.705352783203125, -2.0376973152160645, 0.0, 0.0, 2.0, 1.1214079856872559, 0.0, 0.0, 0.0
50872, 1.1702888011932373, -0.20182476937770844, 0.005344141274690628, 0.0054155150428414345, -0.0006602901848964393, -0.0037143388763070107, 133476.46875, 153461.484375, 85746.671875, 132006.3125, 142151.15625, 102662.75, 0.17408493161201477, -2.01824951171875, -4.427298545837402, -1.9327043294906616, -5.705352783203125, -2.0376973152160645, 0.0, 0.0, 2.0, 1.1197608709335327, 0.0, 0.0, 0.0
50892, 1.1705262660980225, -0.20156510174274445, 0.0052749537862837315, 0.006609434727579355, 0.000791929371189326, -0.0033210357651114464, 133471.953125, 153465.65625, 85745.59375, 132012.46875, 142163.8125, 102664.8125, 0.17408493161201477, -2.01824951171875, -4.427298545837402, -1.9327043294906616, -5.705352783203125, -2.0376973152160645, 0.0, 0.0, 2.0, 1.1162636280059814, 0.0, 0.0, 0.0
50912, 1.17103111743927, -0.20155446231365204, 0.005113830324262381, 0.009032297879457474, 0.0007744623580947518, -0.003322772914543748, 133477.0625, 153463.78125, 85740.734375, 132011.3125, 142157.984375, 102664.8125, 0.17408493161201477, -2.01824951171875, -4.427298545837402, -1.9327043294906616, -5.705352783203125, -2.0376973152160645, 0.0, 0.0, 2.0, 1.1155414581298828, 0.0, 0.0, 0.0
50932, 1.1706876754760742, -0.201582670211792, 0.005058942828327417, 0.007531729526817799, 0.0007270562346093357, -0.0029178352560847998, 133471.953125, 153458.75, 85746.40625, 132009.140625, 142159.265625, 102660.4921875, 0.17408493161201477, -2.01824951171875, -4.427298545837402, -1.9327043294906616, -5.705352783203125, -2.0376973152160645, 0.0, 0.0, 2.0, 1.110473394393921, 0.0, 0.0, 0.0
50952, 1.170162320137024, -0.20185120403766632, 0.005785687826573849, 0.004754328168928623, -0.0006347293383441865, 0.0011742402566596866, 133485.46875, 153461.90625, 85749.375, 132010.21875, 142162.046875, 102666.1171875, 0.17408493161201477, -2.01824951171875, -4.427298545837402, -1.9327043294906616, -5.705352783203125, -2.0376973152160645, 0.0, 0.0, 2.0, 1.1098120212554932, 0.0, 0.0, 0.0
50972, 1.1706712245941162, -0.2018330842256546, 0.005812471266835928, 0.006884603761136532, -0.0006017169798724353, 0.0012810199987143278, 133485.46875, 153457.296875, 85737.765625, 132010.21875, 142159.765625, 102659.1796875, 0.17408493161201477, -2.01824951171875, -4.427298545837402, -1.9327043294906616, -5.705352783203125, -2.0376973152160645, 0.0, 0.0, 2.0, 1.10822594165802, 0.0, 0.0, 0.0
50992, 1.1709197759628296, -0.20181918144226074, 0.005110808182507753, 0.008412417955696583, -0.00040273170452564955, -0.0025653615593910217, 133474.8125, 153458.75, 85745.328125, 132013.046875, 142164.3125, 102662.5546875, 0.17408493161201477, -2.01824951171875, -4.427298545837402, -1.9327043294906616, -5.705352783203125, -2.0376973152160645, 0.0, 0.0, 2.0, 1.1061546802520752, 0.0, 0.0, 0.0
51012, 1.1701865196228027, -0.20184023678302765, 0.005065320525318384, 0.004918957594782114, -0.0006891586817800999, -0.0024426744785159826, 133478.71875, 153449.96875, 85745.328125, 132017.53125, 142160.265625, 102664.0546875, 0.17408493161201477, -2.01824951171875, -4.427298545837402, -1.9327043294906616, -5.705352783203125, -2.0376973152160645, 0.0, 0.0, 2.0, 1.1048903465270996, 0.0, 0.0, 0.0
51032, 1.1706351041793823, -0.2015966922044754, 0.005771700292825699, 0.0071725803427398205, 0.0007035296875983477, 0.00144761533010751, 133483.21875, 153459.171875, 85750.1875, 132008.5625, 142153.4375, 102659.375, 0.17408493161201477, -2.01824951171875, -4.427298545837402, -1.9327043294906616, -5.705352783203125, -2.0376973152160645, 0.0, 0.0, 2.0, 1.1017861366271973, 0.0, 0.0, 0.0
51052, 1.1701593399047852, -0.20160387456417084, 0.005801605526357889, 0.00514703243970871, 0.00080420623999089, 0.0011731211561709642, 133474.203125, 153456.453125, 85755.046875, 132010.8125, 142157.484375, 102664.0546875, 0.17408493161201477, -2.01824951171875, -4.427298545837402, -1.9327043294906616, -5.705352783203125, -2.0376973152160645, 0.0, 0.0, 2.0, 1.099379539489746, 0.0, 0.0, 0.0
51072, 1.1706551313400269, -0.2015964239835739, 0.005891168024390936, 0.0075588407926261425, 0.000738314469344914, 0.0017020275117829442, 133472.5625, 153459.171875, 85750.1875, 132006.890625, 142155.71875, 102666.1171875, 0.17408493161201477, -2.01824951171875, -4.427298545837402, -1.9327043294906616, -5.705352783203125, -2.0376973152160645, 0.0, 0.0, 2.0, 1.0964325666427612, 0.0, 0.0, 0.0
51092, 1.1708143949508667, -0.20158043503761292, 0.005927770398557186, 0.008415302261710167, 0.0008596278494223952, 0.0019326747860759497, 133477.671875, 153458.75, 85747.484375, 132001.828125, 142159.765625, 102666.1171875, 0.17408493161201477, -2.01824951171875, -4.427298545837402, -1.9327043294906616, -5.705352783203125, -2.0376973152160645, 0.0, 0.0, 2.0, 1.0966365337371826, 0.0, 0.0, 0.0
51112, 1.1702762842178345, -0.2015916109085083, 0.005970067344605923, 0.005651728715747595, 0.0006860419525764883, 0.001870084903202951, 133483.21875, 153461.484375, 85747.2109375, 132010.8125, 142170.140625, 102664.0546875, 0.17408493161201477, -2.01824951171875, -4.427298545837402, -1.9327043294906616, -5.705352783203125, -2.0376973152160645, 0.0, 0.0, 2.0, 1.0952707529067993, 0.0, 0.0, 0.0
51132, 1.1703420877456665, -0.2018723040819168, 0.005609018262475729, 0.006295397412031889, -0.001050544437021017, -0.0001660852722125128, 133477.671875, 153459.59375, 85744.515625, 132010.21875, 142161.546875, 102664.0546875, 0.17408493161201477, -2.01824951171875, -4.427298545837402, -1.9327043294906616, -5.705352783203125, -2.0376973152160645, 0.0, 0.0, 2.0, 1.0941376686096191, 0.0, 0.0, 0.0
51152, 1.1708823442459106, -0.20186394453048706, 0.005606938619166613, 0.009193516336381435, -0.0007713999366387725, -0.00025328609626740217, 133479.921875, 153463.359375, 85745.59375, 132019.203125, 142157.484375, 102664.0546875, 0.17408493161201477, -2.01824951171875, -4.427298545837402, -1.9327043294906616, -5.705352783203125, -2.0376973152160645, 0.0, 0.0, 2.0, 1.092300534248352, 0.0, 0.0, 0.0
51172, 1.170333981513977, -0.20216137170791626, 0.005773845128715038, 0.0062643312849104404, -0.002169596729800105, 0.000930044858250767, 133479.3125, 153454.140625, 85741.8125, 132010.21875, 142152.4375, 102666.1171875, 0.17408493161201477, -2.01824951171875, -4.427298545837402, -1.9327043294906616, -5.705352783203125, -2.0376973152160645, 0.0, 0.0, 2.0, 1.0915014743804932, 0.0, 0.0, 0.0
51192, 1.1708407402038574, -0.2013349086046219, 0.0057955640368163586, 0.0087587283924222, 0.002483848249539733, 0.0011432855390012264, 133480.96875, 153458.75, 85744.515625, 132017.53125, 142157.484375, 102665.3671875, 0.17408493161201477, -2.01824951171875, -4.427298545837402, -1.9327043294906616, -5.705352783203125, -2.0376973152160645, 0.0, 0.0, 2.0, 1.0871878862380981, 0.0, 0.0, 0.0
51212, 1.1712195873260498, -0.20130926370620728, 0.005082085728645325, 0.010264399461448193, 0.0025004546623677015, -0.002649012254551053, 133482.171875, 153458.75, 85746.40625, 132015.296875, 142160.265625, 102655.25, 0.17408493161201477, -2.01824951171875, -4.427298545837402, -1.9327043294906616, -5.705352783203125, -2.0376973152160645, 0.0, 0.0, 2.0, 1.0863815546035767, 0.0, 0.0, 0.0
51232, 1.1705735921859741, -0.2013390213251114, 0.005040932912379503, 0.006987514905631542, 0.0025075655430555344, -0.0024946145713329315, 133476.46875, 153461.90625, 85745.328125, 132018.625, 142161.546875, 102663.3046875, 0.17408493161201477, -2.01824951171875, -4.427298545837402, -1.9327043294906616, -5.705352783203125, -2.0376973152160645, 0.0, 0.0, 2.0, 1.0876837968826294, 0.0, 0.0, 0.0
51252, 1.1713708639144897, -0.20184142887592316, 0.004989891313016415, 0.010987455025315285, -0.00020393391605466604, -0.002180553739890456, 133477.0625, 153454.5625, 85752.078125, 132013.046875, 142160.265625, 102660.6796875, 0.17408493161201477, -2.01824951171875, -4.427298545837402, -1.9327043294906616, -5.705352783203125, -2.0376973152160645, 0.0, 0.0, 2.0, 1.0853222608566284, 0.0, 0.0, 0.0
51272, 1.1703011989593506, -0.2018706202507019, 0.004951875191181898, 0.0058336397632956505, -0.0003278973454143852, -0.0023767524398863316, 133473.171875, 153463.359375, 85753.15625, 132010.21875, 142159.765625, 102668.7421875, 0.17408493161201477, -2.01824951171875, -4.427298545837402, -1.9327043294906616, -5.705352783203125, -2.0376973152160645, 0.0, 0.0, 2.0, 1.082706093788147, 0.0, 0.0, 0.0
51292, 1.1703358888626099, -0.20214036107063293, 0.005328871309757233, 0.0061411005444824696, -0.0016516089672222733, 8.281901682494208e-05, 133475.859375, 153465.65625, 85752.078125, 132008.5625, 142163.8125, 102668.1796875, 0.17408493161201477, -2.01824951171875, -4.427298545837402, -1.9327043294906616, -5.705352783203125, -2.0376973152160645, 0.0, 0.0, 2.0, 1.0813298225402832, 0.0, 0.0, 0.0
51312, 1.171142339706421, -0.20159649848937988, 0.005332316737622023, 0.010386624373495579, 0.0011648940853774548, 0.0002447601582389325, 133477.0625, 153459.171875, 85753.15625, 132010.8125, 142154.71875, 102659.9296875, 0.17408493161201477, -2.01824951171875, -4.427298545837402, -1.9327043294906616, -5.705352783203125, -2.0376973152160645, 0.0, 0.0, 2.0, 1.076863169670105, 0.0, 0.0, 0.0
51332, 1.1703284978866577, -0.20214174687862396, 0.0060022915713489056, 0.00617580208927393, -0.00180983601603657, 0.003922686912119389, 133477.0625, 153458.75, 85747.484375, 132006.3125, 142157.484375, 102662.5546875, 0.17408493161201477, -2.01824951171875, -4.427298545837402, -1.9327043294906616, -5.705352783203125, -2.0376973152160645, 0.0, 0.0, 2.0, 1.0771610736846924, 0.0, 0.0, 0.0
51352, 1.1706570386886597, -0.20186971127986908, 0.006083909422159195, 0.008029415272176266, -0.00030792708275839686, 0.004183326382189989, 133489.96875, 153463.78125, 85746.40625, 132010.8125, 142155.21875, 102666.875, 0.17408493161201477, -2.01824951171875, -4.427298545837402, -1.9327043294906616, -5.705352783203125, -2.0376973152160645, 0.0, 0.0, 2.0, 1.0729385614395142, 0.0, 0.0, 0.0
51372, 1.1703113317489624, -0.20214201509952545, 0.0061715953052043915, 0.00616556778550148, -0.0018479753052815795, 0.004397240933030844, 133485.46875, 153464.8125, 85750.1875, 132016.375, 142162.046875, 102664.0546875, 0.17408493161201477, -2.01824951171875, -4.427298545837402, -1.9327043294906616, -5.705352783203125, -2.0376973152160645, 0.0, 0.0, 2.0, 1.0725739002227783, 0.0, 0.0, 0.0
51392, 1.1709702014923096, -0.201865091919899, 0.005343892145901918, 0.009132228791713715, -0.00028128482517786324, 0.00016166758723556995, 133480.96875, 153454.5625, 85747.2109375, 132006.3125, 142152.9375, 102665.3671875, 0.17408493161201477, -2.01824951171875, -4.427298545837402, -1.9327043294906616, -5.705352783203125, -2.0376973152160645, 0.0, 0.0, 2.0, 1.0709433555603027, 0.0, 0.0, 0.0
51412, 1.170901894569397, -0.20159277319908142, 0.00534958578646183, 0.008611872792243958, 0.0013486918760463595, 5.9093839809065685e-05, 133482.171875, 153468.390625, 85748.296875, 132012.46875, 142161.546875, 102661.9921875, 0.17408493161201477, -2.01824951171875, -4.427298545837402, -1.9327043294906616, -5.705352783203125, -2.0376973152160645, 0.0, 0.0, 2.0, 1.0679142475128174, 0.0, 0.0, 0.0
51432, 1.1709916591644287, -0.2015594244003296, 0.005608562380075455, 0.0011643280740827322, 0.002074315445497632, 0.0005549040506593883, 133476.46875, 153463.359375, 85751.265625, 132010.21875, 142162.046875, 102663.3046875, 0.17408493161201477, -2.01824951171875, -4.427298545837402, -1.9327043294906616, -5.705352783203125, -2.0376973152160645, 0.0, 0.0, 2.0, 1.0638883113861084, 0.0, 0.0, 0.0
51452, 1.170270323753357, -0.20177681744098663, 0.005636300891637802, 0.009951969608664513, -0.002032744698226452, 0.005646533332765102, 133476.46875, 153456.875, 85753.6953125, 132015.296875, 142154.71875, 102666.1171875, 0.17408493161201477, -2.01824951171875, -4.427298545837402, -1.9327043294906616, -5.705352783203125, -2.0376973152160645, 0.0, 0.0, 2.0, 1.06802499294281, 0.0, 0.0, 0.0
51472, 1.170367956161499, -0.2015610784292221, 0.00538651505485177, 0.007787786889821291, 0.003161344211548567, -4.416266529005952e-05, 133484.859375, 153454.5625, 85747.484375, 132007.984375, 142162.046875, 102669.4921875, 0.17408493161201477, -2.01824951171875, -4.427298545837402, -1.9327043294906616, -5.705352783203125, -2.0376973152160645, 0.0, 0.0, 2.0, 1.0760414600372314, 0.0, 0.0, 0.0
51492, 1.1702961921691895, -0.20213818550109863, 0.0054098269902169704, 0.007012614980340004, -0.0003083871561102569, 0.00028745635063387454, 133478.109375, 153463.359375, 85755.046875, 132019.78125, 142156.984375, 102666.1171875, 0.17408493161201477, -2.01824951171875, -4.427298545837402, -1.9327043294906616, -5.705352783203125, -2.0376973152160645, 0.0, 0.0, 2.0, 1.0716724395751953, 0.0, 0.0, 0.0
51512, 1.1702125072479248, -0.2015446424484253, 0.005243283696472645, 0.00603347597643733, 0.0026902295649051666, -0.00015717755013611168, 133478.71875, 153452.6875, 85750.1875, 132014.71875, 142154.71875, 102667.4296875, 0.17408493161201477, -2.01824951171875, -4.427298545837402, -1.9327043294906616, -5.705352783203125, -2.0376973152160645, 0.0, 0.0, 2.0, 1.0715583562850952, 0.0, 0.0, 0.0
51532, 1.1702455282211304, -0.20183047652244568, 0.005238489247858524, 0.006750076077878475, 0.0013944603269919753, -0.0007749168435111642, 133474.203125, 153456.875, 85757.7421875, 132016.375, 142153.4375, 102664.6171875, 0.17408493161201477, -2.01824951171875, -4.427298545837402, -1.9327043294906616, -5.705352783203125, -2.0376973152160645, 0.0, 0.0, 2.0, 1.0689737796783447, 0.0, 0.0, 0.0
51552, 1.1703704595565796, -0.20180350542068481, 0.0055397250689566135, 0.007041457574814558, 0.0012682921951636672, 0.0021536843851208687, 133480.96875, 153461.046875, 85750.453125, 132010.21875, 142161.546875, 102665.3671875, 0.17408493161201477, -2.01824951171875, -4.427298545837402, -1.9327043294906616, -5.705352783203125, -2.0376973152160645, 0.0, 0.0, 2.0, 1.0683873891830444, 0.0, 0.0, 0.0
51572, 1.1707425117492676, -0.20145036280155182, 0.005567221436649561, 0.008860173635184765, 0.00305588124319911, 0.00135156256146729, 133483.21875, 153465.65625, 85753.15625, 132013.046875, 142163.8125, 102659.9296875, 0.17408493161201477, -2.01824951171875, -4.427298545837402, -1.9327043294906616, -5.705352783203125, -2.0376973152160645, 0.0, 0.0, 2.0, 1.0673753023147583, 0.0, 0.0, 0.0
51592, 1.1709401607513428, -0.20147471129894257, 0.006153339520096779, 0.010091489180922508, 0.0028149071149528027, 0.0041629052720963955, 133480.96875, 153455.0, 85755.8515625, 132016.375, 142153.4375, 102667.4296875, 0.17408493161201477, -2.01824951171875, -4.427298545837402, -1.9327043294906616, -5.705352783203125, -2.0376973152160645, 0.0, 0.0, 2.0, 1.0632306337356567, 0.0, 0.0, 0.0
51612, 1.1702760457992554, -0.20148327946662903, 0.006245830561965704, 0.006822644267231226, 0.0024467625189572573, 0.0049979789182543755, 133488.921875, 153456.875, 85748.296875, 132013.625, 142167.875, 102663.8671875, 0.17408493161201477, -2.01824951171875, -4.427298545837402, -1.9327043294906616, -5.705352783203125, -2.0376973152160645, 0.0, 0.0, 2.0, 1.0625028610229492, 0.0, 0.0, 0.0
51632, 1.17021644115448, -0.20150716602802277, 0.006589906755834818, 0.007089568767696619, 0.002392035908997059, 0.0054499139077961445, 133477.0625, 153456.453125, 85750.9921875, 132004.078125, 142163.8125, 102659.1796875, 0.17408493161201477, -2.01824951171875, -4.427298545837402, -1.9327043294906616, -5.705352783203125, -2.0376973152160645, 0.0, 0.0, 2.0, 1.059828281402588, 0.0, 0.0, 0.0
51652, 1.1701147556304932, -0.2018151879310608, 0.006713970564305782, 0.006861093919724226, 0.0008749593980610371, 0.006308563519269228, 133481.5625, 153462.9375, 85755.046875, 132016.953125, 142161.046875, 102661.2421875, 0.17408493161201477, -2.01824951171875, -4.427298545837402, -1.9327043294906616, -5.705352783203125, -2.0376973152160645, 0.0, 0.0, 2.0, 1.0597132444381714, 0.0, 0.0, 0.0
51672, 1.1706680059432983, -0.20153595507144928, 0.006840466056019068, 0.009477324783802032, 0.001956167398020625, 0.0066854627802968025, 133474.8125, 153462.9375, 85753.9609375, 132013.046875, 142157.484375, 102664.6171875, 0.17408493161201477, -2.01824951171875, -4.427298545837402, -1.9327043294906616, -5.705352783203125, -2.0376973152160645, 0.0, 0.0, 2.0, 1.0584477186203003, 0.0, 0.0, 0.0
51692, 1.1701074838638306, -0.20183002948760986, 0.00662631681188941, 0.007032465189695358, 0.00039943380397744477, 0.004505673889070749, 133476.46875, 153462.9375, 85756.9375, 132019.203125, 142159.265625, 102666.6796875, 0.17408493161201477, -2.01824951171875, -4.427298545837402, -1.9327043294906616, -5.705352783203125, -2.0376973152160645, 0.0, 0.0, 2.0, 1.056125521659851, 0.0, 0.0, 0.0
51712, 1.1704457998275757, -0.20152480900287628, 0.006720635108649731, 0.008635608479380608, 0.0018108347430825233, 0.004861181136220694, 133477.0625, 153461.046875, 85762.6015625, 132014.71875, 142166.09375, 102661.9921875, 0.17408493161201477, -2.01824951171875, -4.427298545837402, -1.9327043294906616, -5.705352783203125, -2.0376973152160645, 0.0, 0.0, 2.0, 1.0548326969146729, 0.0, 0.0, 0.0
51732, 1.170652985572815, -0.20148153603076935, 0.006097961217164993, 0.009593537077307701, 0.0023640005383640528, 0.0004485266108531505, 133474.203125, 153456.875, 85759.6328125, 132010.8125, 142161.546875, 102665.3671875, 0.17408493161201477, -2.01824951171875, -4.427298545837402, -1.9327043294906616, -5.705352783203125, -2.0376973152160645, 0.0, 0.0, 2.0, 1.0520994663238525, 0.0, 0.0, 0.0
51752, 1.1708507537841797, -0.20119598507881165, 0.006116645876318216, 0.010277864523231983, 0.0036255521699786186, 0.0011354271555319428, 133476.46875, 153459.171875, 85756.9375, 132016.953125, 142156.984375, 102669.4921875, 0.17408493161201477, -2.01824951171875, -4.427298545837402, -1.9327043294906616, -5.705352783203125, -2.0376973152160645, 0.0, 0.0, 2.0, 1.0502008199691772, 0.0, 0.0, 0.0
51772, 1.170729160308838, -0.20151589810848236, 0.006918515078723431, 0.009675592184066772, 0.0018874099478125572, 0.005219954997301102, 133480.96875, 153464.8125, 85756.125, 132008.5625, 142163.8125, 102667.4296875, 0.17408493161201477, -2.01824951171875, -4.427298545837402, -1.9327043294906616, -5.705352783203125, -2.0376973152160645, 0.0, 0.0, 2.0, 1.0498363971710205, 0.0, 0.0, 0.0
51792, 1.1701518297195435, -0.20182524621486664, 0.007028830237686634, 0.007045764476060867, 0.00022738199913874269, 0.00516416085883975, 133483.21875, 153458.75, 85753.9609375, 132016.953125, 142152.4375, 102663.3046875, 0.17408493161201477, -2.01824951171875, -4.427298545837402, -1.9327043294906616, -5.705352783203125, -2.0376973152160645, 0.0, 0.0, 2.0, 1.0497769117355347, 0.0, 0.0, 0.0
51812, 1.1700916290283203, -0.20182940363883972, 0.00630476837977767, 0.006746340077370405, 0.00032582308631390333, 0.0015309114241972566, 133483.21875, 153456.875, 85752.8828125, 132009.640625, 142157.984375, 102663.3046875, 0.17408493161201477, -2.01824951171875, -4.427298545837402, -1.9327043294906616, -5.705352783203125, -2.0376973152160645, 0.0, 0.0, 2.0, 1.0474281311035156, 0.0, 0.0, 0.0
51832, 1.1702356338500977, -0.2018219381570816, 0.0063300970941782, 0.007736255414783955, 0.0004018557083327323, 0.0009696487104520202, 133479.921875, 153460.203125, 85756.9375, 132020.859375, 142156.5, 102662.5546875, 0.17408493161201477, -2.01824951171875, -4.427298545837402, -1.9327043294906616, -5.705352783203125, -2.0376973152160645, 0.0, 0.0, 2.0, 1.045730710029602, 0.0, 0.0, 0.0
51852, 1.1703890562057495, -0.20181527733802795, 0.00661653745919466, 0.00852862000465393, 0.0002849804877769202, 0.00321161444298923, 133479.3125, 153456.015625, 85753.15625, 132012.46875, 142168.359375, 102667.4296875, 0.17408493161201477, -2.01824951171875, -4.427298545837402, -1.9327043294906616, -5.705352783203125, -2.0376973152160645, 0.0, 0.0, 2.0, 1.044338583946228, 0.0, 0.0, 0.0
51872, 1.171910285949707, -0.20178154110908508, 0.0066727083176374435, 0.015903323888778687, 0.00043936033034697175, 0.0031729182228446007, 133477.0625, 153461.046875, 85757.7421875, 132013.546875, 142162.53125, 102667.4296875, 0.17408493161201477, -2.01824951171875, -4.427298545837402, -1.9327043294906616, -5.705352783203125, -2.0376973152160645, 0.0, 0.0, 2.0, 1.0441172122955322, 0.0, 0.0, 0.0
51892, 1.1702659130096436, -0.20149770379066467, 0.006466964725404978, 0.010792230255901814, 0.0014238673029467463, 0.0022258460521698, 133482.609375, 153458.75, 85762.6015625, 132016.953125, 142155.21875, 102664.6171875, 0.17408493161201477, -2.01824951171875, -4.427298545837402, -1.9327043294906616, -5.705352783203125, -2.0376973152160645, 0.0, 0.0, 2.0, 1.0464231967926025, 0.0, 0.0, 0.0
51912, 1.17012619972229, -0.20150743424892426, 0.006513240747153759, 0.006403329782187939, 0.0015684753889217973, 0.002489692298695445, 133478.109375, 153462.9375, 85765.578125, 132014.140625, 142155.21875, 102664.0546875, 0.17408493161201477, -2.01824951171875, -4.427298545837402, -1.9327043294906616, -5.705352783203125, -2.0376973152160645, 0.0, 0.0, 2.0, 1.050112247467041, 0.0, 0.0, 0.0
51932, 1.1703914403915405, -0.20182101428508759, 0.006562331225723028, 0.007807707879692316, 8.50354990689084e-05, 0.0019248201278969646, 133479.765625, 153457.296875, 85764.4921875, 132012.46875, 142156.984375, 102666.6796875, 0.17408493161201477, -2.01824951171875, -4.427298545837402, -1.9327043294906616, -5.705352783203125, -2.0376973152160645, 0.0, 0.0, 2.0, 1.0465975999832153, 0.0, 0.0, 0.0
51952, 1.170615553855896, -0.20125581324100494, 0.005956555716693401, 0.008671911433339119, 0.002887324197217822, 4.3768402974819764e-05, 133474.203125, 153454.5625, 85764.4921875, 132019.203125, 142157.984375, 102662.5546875, 0.17408493161201477, -2.01824951171875, -4.427298545837402, -1.9327043294906616, -5.705352783203125, -2.0376973152160645, 0.0, 0.0, 2.0, 1.0419971942901611, 0.0, 0.0, 0.0
51972, 1.1705713272094727, -0.20127546787261963, 0.0059515805914998055, 0.008715777657926083, 0.0027846097946166992, -0.0005105679738335311, 133484.859375, 153459.171875, 85761.796875, 132014.140625, 142165.59375, 102665.3671875, 0.17408493161201477, -2.01824951171875, -4.427298545837402, -1.9327043294906616, -5.705352783203125, -2.0376973152160645, 0.0, 0.0, 2.0, 1.0385524034500122, 0.0, 0.0, 0.0
51992, 1.1708145141601562, -0.2015443742275238, 0.0051400791853666306, 0.009726636111736298, 0.0012101568281650543, -0.004416691605001688, 133483.21875, 153461.046875, 85763.4140625, 132013.046875, 142161.546875, 102662.5546875, 0.17408493161201477, -2.01824951171875, -4.427298545837402, -1.9327043294906616, -5.705352783203125, -2.0376973152160645, 0.0, 0.0, 2.0, 1.0376139879226685, 0.0, 0.0, 0.0
52012, 1.1707693338394165, -0.20131592452526093, 0.005058045964688063, 0.009587055072188377, 0.0023498195223510265, -0.004127095453441143, 133491.015625, 153456.453125, 85766.3828125, 132008.5625, 142162.046875, 102666.1171875, 0.17408493161201477, -2.01824951171875, -4.427298545837402, -1.9327043294906616, -5.705352783203125, -2.0376973152160645, 0.0, 0.0, 2.0, 1.0346367359161377, 0.0, 0.0, 0.0
52032, 1.1699963808059692, -0.2018284648656845, 0.005397913511842489, 0.005791938863694668, -0.0002439265081193298, -0.0018805210711434484, 133479.921875, 153462.9375, 85755.046875, 132010.8125, 142159.265625, 102669.4921875, 0.17408493161201477, -2.01824951171875, -4.427298545837402, -1.9327043294906616, -5.705352783203125, -2.0376973152160645, 0.0, 0.0, 2.0, 1.031688928604126, 0.0, 0.0, 0.0
52052, 1.1701229810714722, -0.20183655619621277, 0.005362644325941801, 0.006841670256108046, -0.0006124700303189456, -0.001476087374612689, 133491.625, 153460.625, 85758.015625, 132012.46875, 142166.09375, 102666.6796875, 0.17408493161201477, -2.01824951171875, -4.427298545837402, -1.9327043294906616, -5.705352783203125, -2.0376973152160645, 0.0, 0.0, 2.0, 1.0309830904006958, 0.0, 0.0, 0.0
52072, 1.1702600717544556, -0.20185106992721558, 0.005595931317657232, 0.0077911061234772205, -0.0007627751911059022, -0.0005392118473537266, 133479.921875, 153457.296875, 85759.6328125, 132010.21875, 142158.765625, 102658.4296875, 0.17408493161201477, -2.01824951171875, -4.427298545837402, -1.9327043294906616, -5.705352783203125, -2.0376973152160645, 0.0, 0.0, 2.0, 1.0271025896072388, 0.0, 0.0, 0.0
52092, 1.1709582805633545, -0.2015267163515091, 0.0055890013463795185, 0.010964039713144302, 0.0010973908938467503, -0.00015927611093502492, 133480.359375, 153456.875, 85756.9375, 132018.625, 142162.046875, 102655.0546875, 0.17408493161201477, -2.01824951171875, -4.427298545837402, -1.9327043294906616, -5.705352783203125, -2.0376973152160645, 0.0, 0.0, 2.0, 1.0264201164245605, 0.0, 0.0, 0.0
52112, 1.1703096628189087, -0.20185476541519165, 0.0053522237576544285, 0.007899545133113861, -0.0007097322377376258, -0.0014675694983452559, 133480.96875, 153462.9375, 85760.71875, 132014.71875, 142157.484375, 102659.1796875, 0.17408493161201477, -2.01824951171875, -4.427298545837402, -1.9327043294906616, -5.705352783203125, -2.0376973152160645, 0.0, 0.0, 2.0, 1.0262513160705566, 0.0, 0.0, 0.0
52132, 1.170206904411316, -0.20185492932796478, 0.005331207066774368, 0.007477287203073502, -0.000688512809574604, -0.0011108741164207458, 133476.46875, 153457.296875, 85764.4921875, 132016.375, 142159.765625, 102665.3671875, 0.17408493161201477, -2.01824951171875, -4.427298545837402, -1.9327043294906616, -5.705352783203125, -2.0376973152160645, 0.0, 0.0, 2.0, 1.024547815322876, 0.0, 0.0, 0.0
52152, 1.1702429056167603, -0.20215940475463867, 0.005185302346944809, 0.007738102693110704, -0.002236772794276476, -0.0017084934515878558, 133478.109375, 153465.234375, 85766.3828125, 132014.71875, 142158.765625, 102663.3046875, 0.17408493161201477, -2.01824951171875, -4.427298545837402, -1.9327043294906616, -5.705352783203125, -2.0376973152160645, 0.0, 0.0, 2.0, 1.0243216753005981, 0.0, 0.0, 0.0
52172, 1.1713066101074219, -0.20184063911437988, 0.005149210337549448, 0.012906002812087536, -0.000620771839749068, -0.0018244101665914059, 133478.71875, 153460.625, 85765.578125, 132016.953125, 142157.484375, 102667.4296875, 0.17408493161201477, -2.01824951171875, -4.427298545837402, -1.9327043294906616, -5.705352783203125, -2.0376973152160645, 0.0, 0.0, 2.0, 1.0232083797454834, 0.0, 0.0, 0.0
52192, 1.1711701154708862, -0.20155169069766998, 0.005132643971592188, 0.017228735610842705, 8.522781718056649e-05, -0.0004449682601261884, 133480.359375, 153459.171875, 85764.4921875, 132011.890625, 142159.265625, 102663.3046875, 0.17408493161201477, -2.01824951171875, -4.427298545837402, -1.9327043294906616, -5.705352783203125, -2.0376973152160645, 0.0, 0.0, 2.0, 1.0223979949951172, 0.0, 0.0, 0.0
52212, 1.1700927019119263, -0.20209427177906036, 0.005905607249587774, 0.005213548894971609, -0.0010696809040382504, 0.0023925427813082933, 133479.921875, 153463.359375, 85765.578125, 132016.953125, 142161.046875, 102670.8046875, 0.17408493161201477, -2.01824951171875, -4.427298545837402, -1.9327043294906616, -5.705352783203125, -2.0376973152160645, 0.0, 0.0, 2.0, 1.023483395576477, 0.0, 0.0, 0.0
52232, 1.170788288116455, -0.2017837017774582, 0.00595463439822197, 0.010888473130762577, -4.762072421726771e-05, 0.0025671888142824173, 133475.421875, 153458.75, 85762.6015625, 132014.140625, 142155.21875, 102667.4296875, 0.17408493161201477, -2.01824951171875, -4.427298545837402, -1.9327043294906616, -5.705352783203125, -2.0376973152160645, 0.0, 0.0, 2.0, 1.022277593612671, 0.0, 0.0, 0.0
52252, 1.1708695888519287, -0.2011975795030594, 0.0056210653856396675, 0.015207902528345585, 0.0016094939783215523, 0.0016380720771849155, 133477.0625, 153456.453125, 85759.6328125, 132014.71875, 142159.765625, 102661.8046875, 0.17408493161201477, -2.01824951171875, -4.427298545837402, -1.9327043294906616, -5.705352783203125, -2.0376973152160645, 0.0, 0.0, 2.0, 1.034106969833374, 0.0, 0.0, 0.0
52272, 1.1703993082046509, -0.20119868218898773, 0.00565261859446764, 0.008848332799971104, 0.0033119143918156624, 0.0018569518579170108, 133480.359375, 153454.5625, 85755.8515625, 132016.953125, 142166.09375, 102660.4921875, 0.17408493161201477, -2.01824951171875, -4.427298545837402, -1.9327043294906616, -5.705352783203125, -2.0376973152160645, 0.0, 0.0, 2.0, 1.0438380241394043, 0.0, 0.0, 0.0
52292, 1.1700338125228882, -0.20149922370910645, 0.0050122374668717384, 0.007044720929116011, 0.0015725464327260852, -0.0017099230317398906, 133484.859375, 153463.359375, 85766.3828125, 132011.890625, 142161.546875, 102666.6796875, 0.17408493161201477, -2.01824951171875, -4.427298545837402, -1.9327043294906616, -5.705352783203125, -2.0376973152160645, 0.0, 0.0, 2.0, 1.0400714874267578, 0.0, 0.0, 0.0
52312, 1.1699914932250977, -0.20207113027572632, 0.004983054473996162, 0.0064589763060212135, -0.0012376334052532911, -0.0012933328980579972, 133477.0625, 153462.515625, 85765.3046875, 132014.140625, 142159.265625, 102662.5546875, 0.17408493161201477, -2.01824951171875, -4.427298545837402, -1.9327043294906616, -5.705352783203125, -2.0376973152160645, 0.0, 0.0, 2.0, 1.0428600311279297, 0.0, 0.0, 0.0
52332, 1.1699538230895996, -0.20153461396694183, 0.004552651662379503, 0.005973119288682938, 0.0013235885417088866, -0.003913456108421087, 133482.609375, 153458.75, 85765.578125, 132012.46875, 142155.71875, 102664.0546875, 0.17408493161201477, -2.01824951171875, -4.427298545837402, -1.9327043294906616, -5.705352783203125, -2.0376973152160645, 0.0, 0.0, 2.0, 1.0427266359329224, 0.0, 0.0, 0.0
52352, 1.1705725193023682, -0.20123909413814545, 0.004478274844586849, 0.00841730460524559, 0.0025069760158658028, -0.00355202192440629, 133478.71875, 153462.9375, 85770.9765625, 132023.6875, 142161.046875, 102657.1171875, 0.17408493161201477, -2.01824951171875, -4.427298545837402, -1.9327043294906616, -5.705352783203125, -2.0376973152160645, 0.0, 0.0, 2.0, 1.041490077972412, 0.0, 0.0, 0.0
52372, 1.1699918508529663, -0.2015203982591629, 0.0038278226274996996, 0.0053578768856823444, 0.0010800324380397797, -0.006707336287945509, 133484.859375, 153459.171875, 85765.3046875, 132018.046875, 142157.484375, 102667.4296875, 0.17408493161201477, -2.01824951171875, -4.427298545837402, -1.9327043294906616, -5.705352783203125, -2.0376973152160645, 0.0, 0.0, 2.0, 1.0408512353897095, 0.0, 0.0, 0.0
52392, 1.1700334548950195, -0.20206429064273834, 0.003698465647175908, 0.00524153234437108, -0.0016689493786543608, -0.0065411534160375595, 133478.109375, 153469.421875, 85768.2734375, 132016.375, 142161.046875, 102663.8671875, 0.17408493161201477, -2.01824951171875, -4.427298545837402, -1.9327043294906616, -5.705352783203125, -2.0376973152160645, 0.0, 0.0, 2.0, 1.0400376319885254, 0.0, 0.0, 0.0
52412, 1.1699610948562622, -0.20152805745601654, 0.004549851641058922, 0.004565997514873743, 0.0010730386711657047, -0.0003580962074920535, 133476.46875, 153457.296875, 85767.1953125, 132014.140625, 142158.765625, 102662.5546875, 0.17408493161201477, -2.01824951171875, -4.427298545837402, -1.9327043294906616, -5.705352783203125, -2.0376973152160645, 0.0, 0.0, 2.0, 1.0381402969360352, 0.0, 0.0, 0.0
52432, 1.1699271202087402, -0.20153996348381042, 0.00454211700707674, 0.004578599240630865, 0.0007741781300865114, -0.000548208539839834, 133479.765625, 153458.75, 85769.0859375, 132010.21875, 142163.8125, 102661.2421875, 0.17408493161201477, -2.01824951171875, -4.427298545837402, -1.9327043294906616, -5.705352783203125, -2.0376973152160645, 0.0, 0.0, 2.0, 1.035351276397705, 0.0, 0.0, 0.0
52452, 1.170230746269226, -0.20152443647384644, 0.004539392422884703, 0.006344698369503021, 0.0011229487136006355, 0.00026355579029768705, 133484.859375, 153456.453125, 85765.578125, 132014.140625, 142150.671875, 102663.8671875, 0.17408493161201477, -2.01824951171875, -4.427298545837402, -1.9327043294906616, -5.705352783203125, -2.0376973152160645, 0.0, 0.0, 2.0, 1.0328223705291748, 0.0, 0.0, 0.0
52472, 1.1699481010437012, -0.20152178406715393, 0.0056049153208732605, 0.00538267707452178, 0.0010933303274214268, 0.006043784320354462, 133487.71875, 153461.046875, 85771.25, 132011.890625, 142155.21875, 102664.6171875, 0.17408493161201477, -2.01824951171875, -4.427298545837402, -1.9327043294906616, -5.705352783203125, -2.0376973152160645, 0.0, 0.0, 2.0, 1.0297847986221313, 0.0, 0.0, 0.0
52492, 1.1699042320251465, -0.2015354484319687, 0.0057280296459794044, 0.005114682484418154, 0.0006259995279833674, 0.005798037629574537, 133484.859375, 153456.875, 85759.90625, 132016.375, 142159.765625, 102661.2421875, 0.17408493161201477, -2.01824951171875, -4.427298545837402, -1.9327043294906616, -5.705352783203125, -2.0376973152160645, 0.0, 0.0, 2.0, 1.0275808572769165, 0.0, 0.0, 0.0
52512, 1.1699538230895996, -0.20179426670074463, 0.005543289706110954, 0.0057286834344267845, -0.0008037732914090157, 0.004780923016369343, 133483.21875, 153463.359375, 85771.25, 132019.203125, 142157.484375, 102655.8046875, 0.17408493161201477, -2.01824951171875, -4.427298545837402, -1.9327043294906616, -5.705352783203125, -2.0376973152160645, 0.0, 0.0, 2.0, 1.0262255668640137, 0.0, 0.0, 0.0
52532, 1.1707203388214111, -0.20126241445541382, 0.005640944465994835, 0.009546593762934208, 0.002078025136142969, 0.00493036350235343, 133480.96875, 153458.75, 85771.25, 132023.109375, 142157.484375, 102662.5546875, 0.17408493161201477, -2.01824951171875, -4.427298545837402, -1.9327043294906616, -5.705352783203125, -2.0376973152160645, 0.0, 0.0, 2.0, 1.0210992097854614, 0.0, 0.0, 0.0
52552, 1.1699453592300415, -0.20178766548633575, 0.005875937640666962, 0.005535092204809189, -0.0008044412825256586, 0.005873097572475672, 133486.515625, 153466.6875, 85772.328125, 132021.453125, 142155.21875, 102661.2421875, 0.17408493161201477, -2.01824951171875, -4.427298545837402, -1.9327043294906616, -5.705352783203125, -2.0376973152160645, 0.0, 0.0, 2.0, 1.0208740234375, 0.0, 0.0, 0.0
52572, 1.1699283123016357, -0.2017812877893448, 0.006008293945342302, 0.005334016866981983, -0.0009285876876674592, 0.005812664050608873, 133473.609375, 153459.171875, 85773.140625, 132016.375, 142163.8125, 102658.4296875, 0.17408493161201477, -2.01824951171875, -4.427298545837402, -1.9327043294906616, -5.705352783203125, -2.0376973152160645, 0.0, 0.0, 2.0, 1.0196589231491089, 0.0, 0.0, 0.0
52592, 1.1700574159622192, -0.20179928839206696, 0.005696088075637817, 0.005958165042102337, -0.000956475269049406, 0.0034906051587313414, 133482.015625, 153460.625, 85776.109375, 132020.859375, 142159.765625, 102661.2421875, 0.17408493161201477, -2.01824951171875, -4.427298545837402, -1.9327043294906616, -5.705352783203125, -2.0376973152160645, 0.0, 0.0, 2.0, 1.0171644687652588, 0.0, 0.0, 0.0
52612, 1.1704100370407104, -0.201802596449852, 0.005766606889665127, 0.007589236833155155, -0.0009535260032862425, 0.0037213379982858896, 133480.96875, 153461.046875, 85770.9765625, 132016.375, 142163.8125, 102667.9921875, 0.17408493161201477, -2.01824951171875, -4.427298545837402, -1.9327043294906616, -5.705352783203125, -2.0376973152160645, 0.0, 0.0, 2.0, 1.0153326988220215, 0.0, 0.0, 0.0
52632, 1.1701774597167969, -0.20181240141391754, 0.004739475902169943, 0.006487101316452026, -0.0008116517565213144, -0.0020600708667188883, 133478.109375, 153463.359375, 85771.25, 132020.859375, 142159.265625, 102662.5546875, 0.17408493161201477, -2.01824951171875, -4.427298545837402, -1.9327043294906616, -5.705352783203125, -2.0376973152160645, 0.0, 0.0, 2.0, 1.013975739479065, 0.0, 0.0, 0.0
52652, 1.1703139543533325, -0.20183101296424866, 0.004698838107287884, 0.007206324487924576, -0.0010595108615234494, -0.0021223765797913074, 133484.859375, 153462.9375, 85768.2734375, 132011.890625, 142165.59375, 102661.2421875, 0.17408493161201477, -2.01824951171875, -4.427298545837402, -1.9327043294906616, -5.705352783203125, -2.0376973152160645, 0.0, 0.0, 2.0, 1.0133239030838013, 0.0, 0.0, 0.0
52672, 1.1707013845443726, -0.2014983594417572, 0.004777825437486172, 0.009405827149748802, 0.0007474466692656279, -0.0017690269742161036, 133483.21875, 153462.9375, 85768.2734375, 132013.546875, 142160.546875, 102663.3046875, 0.17408493161201477, -2.01824951171875, -4.427298545837402, -1.9327043294906616, -5.705352783203125, -2.0376973152160645, 0.0, 0.0, 2.0, 1.0084055662155151, 0.0, 0.0, 0.0
52692, 1.1702525615692139, -0.20182983577251434, 0.004748596344143152, 0.0075797028839588165, -0.0009534552227705717, -0.0014101925771683455, 133484.265625, 153462.9375, 85773.140625, 132018.625, 142158.765625, 102659.1796875, 0.17408493161201477, -2.01824951171875, -4.427298545837402, -1.9327043294906616, -5.705352783203125, -2.0376973152160645, 0.0, 0.0, 2.0, 1.0088955163955688, 0.0, 0.0, 0.0
52712, 1.170406460762024, -0.20185032486915588, 0.004830545745790005, 0.008201933465898037, -0.0010355468839406967, -0.0007232953212223947, 133484.859375, 153458.75, 85769.359375, 132020.28125, 142156.984375, 102658.4296875, 0.17408493161201477, -2.01824951171875, -4.427298545837402, -1.9327043294906616, -5.705352783203125, -2.0376973152160645, 0.0, 0.0, 2.0, 1.006736159324646, 0.0, 0.0, 0.0
52732, 1.1703077554702759, -0.20184241235256195, 0.004818998277187347, 0.007465673610568047, -0.0005814821925014257, -0.0008311840356327593, 133484.859375, 153463.359375, 85773.140625, 132012.46875, 142158.765625, 102668.7421875, 0.17408493161201477, -2.01824951171875, -4.427298545837402, -1.9327043294906616, -5.705352783203125, -2.0376973152160645, 0.0, 0.0, 2.0, 1.0027408599853516, 0.0, 0.0, 0.0
52752, 1.1708580255508423, -0.20120155811309814, 0.004807004705071449, 0.010095394216477871, 0.0025388349313288927, -0.0003735624486580491, 133478.71875, 153460.625, 85776.921875, 132020.28125, 142155.21875, 102663.8671875, 0.17408493161201477, -2.01824951171875, -4.427298545837402, -1.9327043294906616, -5.705352783203125, -2.0376973152160645, 0.0, 0.0, 2.0, 0.9987800121307373, 0.0, 0.0, 0.0
52772, 1.1702765226364136, -0.2015102654695511, 0.004039139021188021, 0.007304921746253967, 0.0007130454760044813, -0.004166193772107363, 133474.203125, 153456.875, 85772.0546875, 132015.796875, 142161.046875, 102653.7421875, 0.17408493161201477, -2.01824951171875, -4.427298545837402, -1.9327043294906616, -5.705352783203125, -2.0376973152160645, 0.0, 0.0, 2.0, 0.9972312450408936, 0.0, 0.0, 0.0
52792, 1.1702020168304443, -0.2012055218219757, 0.003959065303206444, 0.006828125100582838, 0.002276147250086069, -0.0039461227133870125, 133482.015625, 153463.359375, 85773.9453125, 132016.375, 142159.265625, 102661.8046875, 0.17408493161201477, -2.01824951171875, -4.427298545837402, -1.9327043294906616, -5.705352783203125, -2.0376973152160645, 0.0, 0.0, 2.0, 0.9955888390541077, 0.0, 0.0, 0.0
52812, 1.1702642440795898, -0.2018057256937027, 0.0039001540280878544, 0.006896497681736946, -0.001097255852073431, -0.003623375901952386, 133476.46875, 153471.296875, 85782.59375, 132007.984375, 142161.546875, 102662.5546875, 0.17408493161201477, -2.01824951171875, -4.427298545837402, -1.9327043294906616, -5.705352783203125, -2.0376973152160645, 0.0, 0.0, 2.0, 0.9952839016914368, 0.0, 0.0, 0.0
52832, 1.1704096794128418, -0.20182792842388153, 0.003829031717032194, 0.007745357230305672, -0.0011521513806656003, -0.0034451959654688835, 133488.765625, 153461.046875, 85774.7578125, 132021.453125, 142161.046875, 102661.9921875, 0.17408493161201477, -2.01824951171875, -4.427298545837402, -1.9327043294906616, -5.705352783203125, -2.0376973152160645, 0.0, 0.0, 2.0, 0.9931511878967285, 0.0, 0.0, 0.0
52852, 1.1703170537948608, -0.20213410258293152, 0.003850330598652363, 0.00754315173253417, -0.0028903030324727297, -0.0027161077596247196, 133478.71875, 153463.359375, 85776.921875, 132015.21875, 142160.546875, 102666.6796875, 0.17408493161201477, -2.01824951171875, -4.427298545837402, -1.9327043294906616, -5.705352783203125, -2.0376973152160645, 0.0, 0.0, 2.0, 0.9927568435668945, 0.0, 0.0, 0.0
52872, 1.171376347541809, -0.20149298012256622, 0.003796754404902458, 0.012366825714707375, 0.0003333323111291975, -0.002834402257576585, 133476.46875, 153461.046875, 85775.03125, 132014.140625, 142163.3125, 102665.9296875, 0.17408493161201477, -2.01824951171875, -4.427298545837402, -1.9327043294906616, -5.705352783203125, -2.0376973152160645, 0.0, 0.0, 2.0, 0.9895040988922119, 0.0, 0.0, 0.0
52892, 1.1702008247375488, -0.20152783393859863, 0.005069136619567871, 0.006639564409852028, 0.0002166694321203977, 0.00425424799323082, 133482.609375, 153458.75, 85773.140625, 132011.890625, 142167.375, 102656.3671875, 0.17408493161201477, -2.01824951171875, -4.427298545837402, -1.9327043294906616, -5.705352783203125, -2.0376973152160645, 0.0, 0.0, 2.0, 0.988196611404419, 0.0, 0.0, 0.0
52912, 1.1702419519424438, -0.20214229822158813, 0.005151103250682354, 0.006522792857140303, -0.002608770038932562, 0.0040642316453158855, 133481.5625, 153461.046875, 85775.03125, 132013.046875, 142158.765625, 102667.4296875, 0.17408493161201477, -2.01824951171875, -4.427298545837402, -1.9327043294906616, -5.705352783203125, -2.0376973152160645, 0.0, 0.0, 2.0, 0.9872965216636658, 0.0, 0.0, 0.0
52932, 1.170168161392212, -0.20153504610061646, 0.005161842796951532, 0.006295398809015751, 0.0005759141640737653, 0.0039865365251898766, 133482.015625, 153463.359375, 85769.359375, 132021.953125, 142152.9375, 102661.2421875, 0.17408493161201477, -2.01824951171875, -4.427298545837402, -1.9327043294906616, -5.705352783203125, -2.0376973152160645, 0.0, 0.0, 2.0, 0.983635663986206, 0.0, 0.0, 0.0
52952, 1.1701323986053467, -0.20182177424430847, 0.005249240901321173, 0.006286561023443937, -0.0008244552882388234, 0.004515154752880335, 133484.859375, 153474.03125, 85777.7265625, 132016.375, 142163.8125, 102661.8046875, 0.17408493161201477, -2.01824951171875, -4.427298545837402, -1.9327043294906616, -5.705352783203125, -2.0376973152160645, 0.0, 0.0, 2.0, 0.9819003343582153, 0.0, 0.0, 0.0
52972, 1.1700972318649292, -0.2015463262796402, 0.004837454296648502, 0.006284626200795174, 0.0006412395741790533, 0.0020314042922109365, 133486.515625, 153462.9375, 85778.8125, 132018.046875, 142158.765625, 102659.7421875, 0.17408493161201477, -2.01824951171875, -4.427298545837402, -1.9327043294906616, -5.705352783203125, -2.0376973152160645, 0.0, 0.0, 2.0, 0.9803130030632019, 0.0, 0.0, 0.0
52992, 1.1708898544311523, -0.20180733501911163, 0.004876353777945042, 0.010014095343649387, -0.0006296852370724082, 0.0020171578507870436, 133478.109375, 153462.9375, 85778.8125, 132014.71875, 142154.21875, 102661.8046875, 0.17408493161201477, -2.01824951171875, -4.427298545837402, -1.9327043294906616, -5.705352783203125, -2.0376973152160645, 0.0, 0.0, 2.0, 0.9769973754882812, 0.0, 0.0, 0.0
53012, 1.170665979385376, -0.20127692818641663, 0.004922505468130112, 0.008873953483998775, 0.001958257984369993, 0.002211477607488632, 133487.125, 153459.78125, 85781.5078125, 132020.859375, 142152.4375, 102653.546875, 0.17408493161201477, -2.01824951171875, -4.427298545837402, -1.9327043294906616, -5.705352783203125, -2.0376973152160645, 0.0, 0.0, 2.0, 0.9714568853378296, 0.0, 0.0, 0.0
53032, 1.170338749885559, -0.201279416680336, 0.005018618889153004, 0.009745178744196892, 0.0018150672549381852, 0.0033866052981466055, 133479.765625, 153456.453125, 85781.5078125, 132015.296875, 142164.3125, 102665.1796875, 0.17408493161201477, -2.01824951171875, -4.427298545837402, -1.9327043294906616, -5.705352783203125, -2.0376973152160645, 0.0, 0.0, 2.0, 0.969799816608429, 0.0, 0.0, 0.0
53052, 1.170040249824524, -0.20159108936786652, 0.005075102671980858, 0.007031233981251717, 0.0007010941626504064, 0.0029870900325477123, 133475.25, 153465.234375, 85779.6171875, 132016.375, 142164.09375, 102662.5546875, 0.17408493161201477, -2.01824951171875, -4.427298545837402, -1.9327043294906616, -5.705352783203125, -2.0376973152160645, 0.0, 0.0, 2.0, 0.9757308959960938, 0.0, 0.0, 0.0
53072, 1.1700962781906128, -0.2021230012178421, 0.005106661934405565, 0.006680882070213556, -0.002015074947848916, 0.0033050377387553453, 133475.859375, 153463.359375, 85776.6484375, 132016.375, 142158.765625, 102657.1171875, 0.17408493161201477, -2.01824951171875, -4.427298545837402, -1.9327043294906616, -5.705352783203125, -2.0376973152160645, 0.0, 0.0, 2.0, 0.9779152870178223, 0.0, 0.0, 0.0
53092, 1.1705790758132935, -0.201595738530159, 0.005175799131393433, 0.009035509079694748, 0.0008430054294876754, 0.002947308821603656, 133483.65625, 153456.015625, 85780.703125, 132016.953125, 142164.59375, 102657.6796875, 0.17408493161201477, -2.01824951171875, -4.427298545837402, -1.9327043294906616, -5.705352783203125, -2.0376973152160645, 0.0, 0.0, 2.0, 0.9754431843757629, 0.0, 0.0, 0.0
53112, 1.170106053352356, -0.20186640322208405, 0.005164559464901686, 0.006983385421335697, -0.0005218534497544169, 0.0026412121951580048, 133483.21875, 153456.015625, 85778.8125, 132021.953125, 142157.484375, 102655.6171875, 0.17408493161201477, -2.01824951171875, -4.427298545837402, -1.9327043294906616, -5.705352783203125, -2.0376973152160645, 0.0, 0.0, 2.0, 0.9743747711181641, 0.0, 0.0, 0.0
53132, 1.170066237449646, -0.20211263000965118, 0.005222288891673088, 0.006498056463897228, -0.0018982964102178812, 0.0026908766012638807, 133480.359375, 153465.234375, 85778.0, 132012.46875, 142166.09375, 102652.9921875, 0.17408493161201477, -2.01824951171875, -4.427298545837402, -1.9327043294906616, -5.705352783203125, -2.0376973152160645, 0.0, 0.0, 2.0, 0.9749065637588501, 0.0, 0.0, 0.0
53152, 1.1701734066009521, -0.20215408504009247, 0.006009283009916544, 0.006823308765888214, -0.002038382226601243, 0.006844367831945419, 133491.015625, 153464.8125, 85781.78125, 132018.046875, 142156.984375, 102659.7421875, 0.17408493161201477, -2.01824951171875, -4.427298545837402, -1.9327043294906616, -5.705352783203125, -2.0376973152160645, 0.0, 0.0, 2.0, 0.9750819206237793, 0.0, 0.0, 0.0
53172, 1.1701182126998901, -0.2021494358778, 0.006146647036075592, 0.006710634101182222, -0.0019736522808670998, 0.006894963793456554, 133484.265625, 153458.328125, 85776.921875, 132023.109375, 142156.984375, 102659.1796875, 0.17408493161201477, -2.01824951171875, -4.427298545837402, -1.9327043294906616, -5.705352783203125, -2.0376973152160645, 0.0, 0.0, 2.0, 0.9739808440208435, 0.0, 0.0, 0.0
53192, 1.1701686382293701, -0.20189538598060608, 0.005797273013740778, 0.007069672457873821, -0.00039390212623402476, 0.0044926428236067295, 133486.515625, 153463.359375, 85781.78125, 132020.28125, 142161.046875, 102661.8046875, 0.17408493161201477, -2.01824951171875, -4.427298545837402, -1.9327043294906616, -5.705352783203125, -2.0376973152160645, 0.0, 0.0, 2.0, 0.9703012108802795, 0.0, 0.0, 0.0
53212, 1.1702121496200562, -0.2021854966878891, 0.005888228304684162, 0.0070870681665837765, -0.0020241206511855125, 0.004628878552466631, 133478.71875, 153469.421875, 85781.5078125, 132020.859375, 142170.140625, 102661.8046875, 0.17408493161201477, -2.01824951171875, -4.427298545837402, -1.9327043294906616, -5.705352783203125, -2.0376973152160645, 0.0, 0.0, 2.0, 0.9707761406898499, 0.0, 0.0, 0.0
53232, 1.1711835861206055, -0.20190097391605377, 0.005608860868960619, 0.011636119335889816, -0.000507843738887459, 0.002582692774012685, 133480.359375, 153460.625, 85783.671875, 132020.28125, 142161.046875, 102660.4921875, 0.17408493161201477, -2.01824951171875, -4.427298545837402, -1.9327043294906616, -5.705352783203125, -2.0376973152160645, 0.0, 0.0, 2.0, 0.9685284495353699, 0.0, 0.0, 0.0
53252, 1.1704908609390259, -0.20191170275211334, 0.0056663150899112225, 0.008192473091185093, -0.0008080584229901433, 0.0025155427865684032, 133478.109375, 153461.046875, 85782.59375, 132019.203125, 142158.265625, 102657.6796875, 0.17408493161201477, -2.01824951171875, -4.427298545837402, -1.9327043294906616, -5.705352783203125, -2.0376973152160645, 0.0, 0.0, 2.0, 0.9677180051803589, 0.0, 0.0, 0.0
53272, 1.1701600551605225, -0.201912522315979, 0.005693326238542795, 0.0064512621611356735, -0.0008570423815399408, 0.0025941948406398296, 133475.859375, 153462.9375, 85782.59375, 132020.28125, 142168.359375, 102662.5546875, 0.17408493161201477, -2.01824951171875, -4.427298545837402, -1.9327043294906616, -5.705352783203125, -2.0376973152160645, 0.0, 0.0, 2.0, 0.9671118259429932, 0.0, 0.0, 0.0
53292, 1.1708786487579346, -0.20192036032676697, 0.005903002806007862, 0.010063119232654572, -0.0005846543936058879, 0.003655628301203251, 133478.109375, 153464.8125, 85781.5078125, 132018.046875, 142156.984375, 102655.6171875, 0.17408493161201477, -2.01824951171875, -4.427298545837402, -1.9327043294906616, -5.705352783203125, -2.0376973152160645, 0.0, 0.0, 2.0, 0.9639725089073181, 0.0, 0.0, 0.0
53312, 1.170771837234497, -0.201369971036911, 0.005978154018521309, 0.009327847510576248, 0.0019574821926653385, 0.0036686796229332685, 133480.359375, 153467.109375, 85785.2890625, 132019.703125, 142163.3125, 102659.7421875, 0.17408493161201477, -2.01824951171875, -4.427298545837402, -1.9327043294906616, -5.705352783203125, -2.0376973152160645, 0.0, 0.0, 2.0, 0.9619714617729187, 0.0, 0.0, 0.0
53332, 1.1709785461425781, -0.2013855278491974, 0.006063474807888269, 0.010182596743106842, 0.0014194867108017206, 0.0035106875002384186, 133482.609375, 153464.8125, 85785.5625, 132018.046875, 142163.3125, 102662.5546875, 0.17408493161201477, -2.01824951171875, -4.427298545837402, -1.9327043294906616, -5.705352783203125, -2.0376973152160645, 0.0, 0.0, 2.0, 0.9590077996253967, 0.0, 0.0, 0.0
53352, 1.170084834098816, -0.2019205093383789, 0.0061398777179419994, 0.005529596470296383, -0.001637226203456521, 0.003627796657383442, 133484.859375, 153462.9375, 85779.6171875, 132014.71875, 142149.671875, 102659.7421875, 0.17408493161201477, -2.01824951171875, -4.427298545837402, -1.9327043294906616, -5.705352783203125, -2.0376973152160645, 0.0, 0.0, 2.0, 0.9598633050918579, 0.0, 0.0, 0.0
53372, 1.1700822114944458, -0.2019129991531372, 0.005330801475793123, 0.005477163940668106, -0.0015775185311213136, -0.0003581164637580514, 133480.359375, 153460.625, 85779.890625, 132018.046875, 142156.984375, 102662.5546875, 0.17408493161201477, -2.01824951171875, -4.427298545837402, -1.9327043294906616, -5.705352783203125, -2.0376973152160645, 0.0, 0.0, 2.0, 0.9595478177070618, 0.0, 0.0, 0.0
53392, 1.1706753969192505, -0.20166411995887756, 0.005326054058969021, 0.008357726968824863, -0.0003916299610864371, -0.00033263658406212926, 133480.359375, 153460.625, 85781.78125, 132022.53125, 142161.046875, 102655.6171875, 0.17408493161201477, -2.01824951171875, -4.427298545837402, -1.9327043294906616, -5.705352783203125, -2.0376973152160645, 0.0, 0.0, 2.0, 0.9565829634666443, 0.0, 0.0, 0.0
53412, 1.170108675956726, -0.2019234001636505, 0.005184395704418421, 0.005389334633946419, -0.001704402850009501, -0.0012867115437984467, 133487.71875, 153469.0, 85779.6171875, 132012.46875, 142165.59375, 102654.3046875, 0.17408493161201477, -2.01824951171875, -4.427298545837402, -1.9327043294906616, -5.705352783203125, -2.0376973152160645, 0.0, 0.0, 2.0, 0.9562661051750183, 0.0, 0.0, 0.0
53432, 1.1709644794464111, -0.20141710340976715, 0.00516086770221591, 0.009302956983447075, 0.0008229716331698, -0.0012496416456997395, 133484.265625, 153466.6875, 85788.265625, 132018.046875, 142163.3125, 102652.2421875, 0.17408493161201477, -2.01824951171875, -4.427298545837402, -1.9327043294906616, -5.705352783203125, -2.0376973152160645, 0.0, 0.0, 2.0, 0.9532577395439148, 0.0, 0.0, 0.0
53452, 1.1700987815856934, -0.20193396508693695, 0.005882309749722481, 0.005084272474050522, -0.0018985708011314273, 0.0026594186201691628, 133478.109375, 153460.625, 85787.1796875, 132024.765625, 142158.765625, 102656.3671875, 0.17408493161201477, -2.01824951171875, -4.427298545837402, -1.9327043294906616, -5.705352783203125, -2.0376973152160645, 0.0, 0.0, 2.0, 0.9536102414131165, 0.0, 0.0, 0.0
53472, 1.1700751781463623, -0.20193175971508026, 0.0059426045045256615, 0.00501467427238822, -0.0018582779448479414, 0.002664984902366996, 133480.359375, 153465.234375, 85788.265625, 132023.6875, 142160.546875, 102657.6796875, 0.17408493161201477, -2.01824951171875, -4.427298545837402, -1.9327043294906616, -5.705352783203125, -2.0376973152160645, 0.0, 0.0, 2.0, 0.9523330330848694, 0.0, 0.0, 0.0
53492, 1.1701970100402832, -0.20196962356567383, 0.005614370107650757, 0.005755044985562563, -0.0020627141930162907, 0.0007674940279684961, 133486.515625, 153461.046875, 85785.2890625, 132014.140625, 142156.0, 102662.5546875, 0.17408493161201477, -2.01824951171875, -4.427298545837402, -1.9327043294906616, -5.705352783203125, -2.0376973152160645, 0.0, 0.0, 2.0, 0.9492560029029846, 0.0, 0.0, 0.0
53512, 1.1701481342315674, -0.20169661939144135, 0.005633441731333733, 0.005627578590065241, -0.0003372829232830554, 0.0010305000469088554, 133479.765625, 153462.9375, 85790.421875, 132019.125, 142162.8125, 102660.4921875, 0.17408493161201477, -2.01824951171875, -4.427298545837402, -1.9327043294906616, -5.705352783203125, -2.0376973152160645, 0.0, 0.0, 2.0, 0.9465492367744446, 0.0, 0.0, 0.0
53532, 1.1701380014419556, -0.2016943246126175, 0.005017388612031937, 0.005491297226399183, -0.0004735139664262533, -0.0024256869219243526, 133485.90625, 153465.65625, 85787.1796875, 132012.46875, 142167.875, 102659.7421875, 0.17408493161201477, -2.01824951171875, -4.427298545837402, -1.9327043294906616, -5.705352783203125, -2.0376973152160645, 0.0, 0.0, 2.0, 0.9448997378349304, 0.0, 0.0, 0.0
53552, 1.1706424951553345, -0.2016850709915161, 0.004966341890394688, 0.008182327263057232, -0.0005463420529849827, -0.002573532983660698, 133488.765625, 153464.390625, 85783.671875, 132020.28125, 142153.71875, 102657.6796875, 0.17408493161201477, -2.01824951171875, -4.427298545837402, -1.9327043294906616, -5.705352783203125, -2.0376973152160645, 0.0, 0.0, 2.0, 0.9423261284828186, 0.0, 0.0, 0.0
53572, 1.1701152324676514, -0.20216189324855804, 0.004917423240840435, 0.005439360160380602, -0.003085934557020664, -0.002813005354255438, 133475.859375, 153462.9375, 85787.1796875, 132014.140625, 142165.09375, 102659.7421875, 0.17408493161201477, -2.01824951171875, -4.427298545837402, -1.9327043294906616, -5.705352783203125, -2.0376973152160645, 0.0, 0.0, 2.0, 0.9415514469146729, 0.0, 0.0, 0.0
53592, 1.1700825691223145, -0.20170052349567413, 0.004894606303423643, 0.005398600362241268, -0.000523419410455972, -0.0030152674298733473, 133480.359375, 153465.234375, 85785.2890625, 132015.796875, 142163.3125, 102662.359375, 0.17408493161201477, -2.01824951171875, -4.427298545837402, -1.9327043294906616, -5.705352783203125, -2.0376973152160645, 0.0, 0.0, 2.0, 0.9397720694541931, 0.0, 0.0, 0.0
53612, 1.1701939105987549, -0.20170937478542328, 0.004832052160054445, 0.005630070809274912, -0.00044973817421123385, -0.003195019904524088, 133486.515625, 153462.515625, 85780.703125, 132021.953125, 142152.9375, 102656.3671875, 0.17408493161201477, -2.01824951171875, -4.427298545837402, -1.9327043294906616, -5.705352783203125, -2.0376973152160645, 0.0, 0.0, 2.0, 0.935290515422821, 0.0, 0.0, 0.0
53632, 1.1701287031173706, -0.2019629329442978, 0.006079129409044981, 0.005137300118803978, -0.001977502601221204, 0.003607428865507245, 133489.8125, 153458.328125, 85784.484375, 132015.21875, 142162.328125, 102657.6796875, 0.17408493161201477, -2.01824951171875, -4.427298545837402, -1.9327043294906616, -5.705352783203125, -2.0376973152160645, 0.0, 0.0, 2.0, 0.9336990714073181, 0.0, 0.0, 0.0
53652, 1.1700925827026367, -0.20171311497688293, 0.006150515284389257, 0.00444724690169096, -0.0007519779610447586, 0.0034248121082782745, 133479.765625, 153460.625, 85789.34375, 132020.859375, 142158.265625, 102655.6171875, 0.17408493161201477, -2.01824951171875, -4.427298545837402, -1.9327043294906616, -5.705352783203125, -2.0376973152160645, 0.0, 0.0, 2.0, 0.9315670728683472, 0.0, 0.0, 0.0
53672, 1.1702306270599365, -0.20172204077243805, 0.0057533965446054935, 0.007275364361703396, -0.00010695838864194229, 0.0014476373326033354, 133483.0625, 153467.546875, 85790.96875, 132024.1875, 142154.21875, 102652.796875, 0.17408493161201477, -2.01824951171875, -4.427298545837402, -1.9327043294906616, -5.705352783203125, -2.0376973152160645, 0.0, 0.0, 2.0, 0.9306787252426147, 0.0, 0.0, 0.0
53692, 1.1702795028686523, -0.20198531448841095, 0.005784373264759779, 0.006952385883778334, -0.0015871073119342327, 0.0016471950802952051, 133479.765625, 153463.359375, 85792.046875, 132013.546875, 142158.765625, 102658.984375, 0.17408493161201477, -2.01824951171875, -4.427298545837402, -1.9327043294906616, -5.705352783203125, -2.0376973152160645, 0.0, 0.0, 2.0, 0.9281480312347412, 0.0, 0.0, 0.0
53712, 1.170228123664856, -0.20198087394237518, 0.005893947556614876, 0.006064076442271471, -0.0015812837518751621, 0.002192973392084241, 133487.5625, 153454.5625, 85788.53125, 132015.796875, 142160.546875, 102655.6171875, 0.17408493161201477, -2.01824951171875, -4.427298545837402, -1.9327043294906616, -5.705352783203125, -2.0376973152160645, 0.0, 0.0, 2.0, 0.9269897937774658, 0.0, 0.0, 0.0
53732, 1.1701898574829102, -0.20198051631450653, 0.005935958586633205, 0.005616992246359587, -0.0010801617754623294, 0.001967909513041377, 133474.203125, 153456.453125, 85795.015625, 132018.046875, 142161.546875, 102656.3671875, 0.17408493161201477, -2.01824951171875, -4.427298545837402, -1.9327043294906616, -5.705352783203125, -2.0376973152160645, 0.0, 0.0, 2.0, 0.9250279664993286, 0.0, 0.0, 0.0
53752, 1.170120358467102, -0.2017468810081482, 0.006372381467372179, 0.00630145100876689, 0.0001827256055548787, 0.004472144413739443, 133478.109375, 153471.71875, 85788.265625, 132023.109375, 142158.765625, 102659.7421875, 0.17408493161201477, -2.01824951171875, -4.427298545837402, -1.9327043294906616, -5.705352783203125, -2.0376973152160645, 0.0, 0.0, 2.0, 0.9222264885902405, 0.0, 0.0, 0.0
53772, 1.1707086563110352, -0.20173072814941406, 0.006463686935603619, 0.009094775654375553, 0.00013955504982732236, 0.004714655224233866, 133487.125, 153463.359375, 85784.484375, 132015.796875, 142164.59375, 102650.1796875, 0.17408493161201477, -2.01824951171875, -4.427298545837402, -1.9327043294906616, -5.705352783203125, -2.0376973152160645, 0.0, 0.0, 2.0, 0.921200156211853, 0.0, 0.0, 0.0
53792, 1.170225739479065, -0.2019958794116974, 0.006353821139782667, 0.006079374346882105, -0.001413234043866396, 0.003780002472922206, 133483.828125, 153465.234375, 85792.046875, 132011.890625, 142160.546875, 102668.546875, 0.17408493161201477, -2.01824951171875, -4.427298545837402, -1.9327043294906616, -5.705352783203125, -2.0376973152160645, 0.0, 0.0, 2.0, 0.9222617149353027, 0.0, 0.0, 0.0
53812, 1.1705297231674194, -0.20147605240345, 0.006429715547710657, 0.007630998734384775, 0.0014502628473564982, 0.003759790910407901, 133487.125, 153462.515625, 85782.859375, 132018.046875, 142158.765625, 102663.1171875, 0.17408493161201477, -2.01824951171875, -4.427298545837402, -1.9327043294906616, -5.705352783203125, -2.0376973152160645, 0.0, 0.0, 2.0, 0.9186948537826538, 0.0, 0.0, 0.0
53833, 1.170206904411316, -0.20200437307357788, 0.00650832150131464, 0.005739646032452583, -0.0011713580461218953, 0.0037935820873826742, 133480.96875, 153467.109375, 85784.484375, 132015.21875, 142162.8125, 102663.8671875, 0.17408493161201477, -2.01824951171875, -4.427298545837402, -1.9327043294906616, -5.705352783203125, -2.0376973152160645, 0.0, 0.0, 2.0, 0.9180360436439514, 0.0, 0.0, 0.0
53852, 1.17036771774292, -0.20202557742595673, 0.005526495166122913, 0.0065644592978060246, -0.0012436556862667203, -0.0015061716549098492, 133482.015625, 153466.6875, 85791.234375, 132024.1875, 142156.5, 102663.1171875, 0.17408493161201477, -2.01824951171875, -4.427298545837402, -1.9327043294906616, -5.705352783203125, -2.0376973152160645, 0.0, 0.0, 2.0, 0.914879322052002, 0.0, 0.0, 0.0
53872, 1.1703153848648071, -0.20228570699691772, 0.0055039869621396065, 0.006444607395678759, -0.0026474574115127325, -0.0013086723629385233, 133473.609375, 153456.015625, 85790.15625, 132022.53125, 142162.8125, 102656.3671875, 0.17408493161201477, -2.01824951171875, -4.427298545837402, -1.9327043294906616, -5.705352783203125, -2.0376973152160645, 0.0, 0.0, 2.0, 0.9158030152320862, 0.0, 0.0, 0.0
53892, 1.1702265739440918, -0.20227696001529694, 0.0068917409516870975, 0.0058553218841552734, -0.0025606772396713495, 0.005973164923489094, 133485.90625, 153458.75, 85798.796875, 132017.453125, 142154.71875, 102660.4921875, 0.17408493161201477, -2.01824951171875, -4.427298545837402, -1.9327043294906616, -5.705352783203125, -2.0376973152160645, 0.0, 0.0, 2.0, 0.9132285714149475, 0.0, 0.0, 0.0
53912, 1.1707110404968262, -0.20200686156749725, 0.007011110428720713, 0.008245578967034817, -0.0010718991979956627, 0.005912284832447767, 133482.015625, 153458.328125, 85792.046875, 132020.28125, 142154.21875, 102663.1171875, 0.17408493161201477, -2.01824951171875, -4.427298545837402, -1.9327043294906616, -5.705352783203125, -2.0376973152160645, 0.0, 0.0, 2.0, 0.9086250066757202, 0.0, 0.0, 0.0
53932, 1.1702388525009155, -0.20203307271003723, 0.006320261396467686, 0.006033760961145163, -0.0013729629572480917, 0.0019746592734009027, 133482.609375, 153462.515625, 85790.96875, 132020.28125, 142159.546875, 102657.6796875, 0.17408493161201477, -2.01824951171875, -4.427298545837402, -1.9327043294906616, -5.705352783203125, -2.0376973152160645, 0.0, 0.0, 2.0, 0.9059364199638367, 0.0, 0.0, 0.0
53952, 1.170710563659668, -0.20153330266475677, 0.006363924127072096, 0.008386669680476189, 0.0013783103786408901, 0.0023493519984185696, 133480.359375, 153460.625, 85793.125, 132015.796875, 142156.5, 102654.3046875, 0.17408493161201477, -2.01824951171875, -4.427298545837402, -1.9327043294906616, -5.705352783203125, -2.0376973152160645, 0.0, 0.0, 2.0, 0.9041407108306885, 0.0, 0.0, 0.0
53972, 1.1701909303665161, -0.20179040729999542, 0.005066476296633482, 0.005600611213594675, -8.102657011477277e-05, -0.00541908061131835, 133481.40625, 153467.109375, 85795.015625, 132019.703125, 142158.765625, 102657.6796875, 0.17408493161201477, -2.01824951171875, -4.427298545837402, -1.9327043294906616, -5.705352783203125, -2.0376973152160645, 0.0, 0.0, 2.0, 0.9024782776832581, 0.0, 0.0, 0.0
53992, 1.1704989671707153, -0.2017849087715149, 0.004958342760801315, 0.006496718619018793, -6.820129055995494e-05, -0.005489991046488285, 133480.359375, 153462.9375, 85791.234375, 132022.53125, 142163.3125, 102654.859375, 0.17408493161201477, -2.01824951171875, -4.427298545837402, -1.9327043294906616, -5.705352783203125, -2.0376973152160645, 0.0, 0.0, 2.0, 0.9023203253746033, 0.0, 0.0, 0.0
54012, 1.1703604459762573, -0.20174595713615417, 0.004901201464235783, -0.004847571719437838, 0.001327998237684369, -0.005978784523904324, 133483.65625, 153462.9375, 85793.9375, 132005.734375, 142156.5, 102657.6796875, 0.17408493161201477, -2.01824951171875, -4.427298545837402, -1.9327043294906616, -5.705352783203125, -2.0376973152160645, 0.0, 0.0, 2.0, 0.9053088426589966, 0.0, 0.0, 0.0
54032, 1.1706509590148926, -0.20197103917598724, 0.004813523031771183, 0.009064633399248123, -0.0014021669048815966, -0.0030973872635513544, 133483.21875, 153462.9375, 85802.3125, 132024.1875, 142161.046875, 102656.171875, 0.17408493161201477, -2.01824951171875, -4.427298545837402, -1.9327043294906616, -5.705352783203125, -2.0376973152160645, 0.0, 0.0, 2.0, 0.9067976474761963, 0.0, 0.0, 0.0
54052, 1.1704736948013306, -0.2020426094532013, 0.005581494886428118, 0.00853115227073431, -0.0015087053179740906, 0.0012191054411232471, 133492.671875, 153453.296875, 85793.125, 132028.09375, 142158.765625, 102650.1796875, 0.17408493161201477, -2.01824951171875, -4.427298545837402, -1.9327043294906616, -5.705352783203125, -2.0376973152160645, 0.0, 0.0, 2.0, 0.907235860824585, 0.0, 0.0, 0.0
54072, 1.170529842376709, -0.2026033252477646, 0.005613022483885288, 0.008340124040842056, -0.003944556228816509, -0.0003747444716282189, 133476.90625, 153469.0, 85803.65625, 132013.546875, 142156.5, 102653.546875, 0.17408493161201477, -2.01824951171875, -4.427298545837402, -1.9327043294906616, -5.705352783203125, -2.0376973152160645, 0.0, 0.0, 2.0, 0.9042686223983765, 0.0, 0.0, 0.0
54092, 1.170522689819336, -0.20233309268951416, 0.005620546638965607, 0.007720042951405048, -0.002347392262890935, 0.001844929764047265, 133479.765625, 153467.109375, 85792.859375, 132021.953125, 142156.5, 102660.296875, 0.17408493161201477, -2.01824951171875, -4.427298545837402, -1.9327043294906616, -5.705352783203125, -2.0376973152160645, 0.0, 0.0, 2.0, 0.9003239870071411, 0.0, 0.0, 0.0
54112, 1.1708296537399292, -0.20176354050636292, 0.006213393993675709, 0.0097346231341362, 0.0012765610590577126, 0.002936990698799491, 133479.3125, 153460.625, 85800.6875, 132023.109375, 142160.546875, 102658.984375, 0.17408493161201477, -2.01824951171875, -4.427298545837402, -1.9327043294906616, -5.705352783203125, -2.0376973152160645, 0.0, 0.0, 2.0, 0.8994120955467224, 0.0, 0.0, 0.0
54132, 1.1704211235046387, -0.20231588184833527, 0.0063065653666853905, 0.007331217639148235, -0.001978246495127678, 0.004737979732453823, 133479.15625, 153466.6875, 85800.6875, 132021.953125, 142156.984375, 102656.921875, 0.17408493161201477, -2.01824951171875, -4.427298545837402, -1.9327043294906616, -5.705352783203125, -2.0376973152160645, 0.0, 0.0, 2.0, 0.895937979221344, 0.0, 0.0, 0.0
54152, 1.1713261604309082, -0.2020304799079895, 0.006652973126620054, 0.011494144797325134, -0.00031627906719222665, 0.006165286526083946, 133488.15625, 153467.109375, 85800.6875, 132015.21875, 142154.71875, 102655.6171875, 0.17408493161201477, -2.01824951171875, -4.427298545837402, -1.9327043294906616, -5.705352783203125, -2.0376973152160645, 0.0, 0.0, 2.0, 0.8939102292060852, 0.0, 0.0, 0.0
54172, 1.1710777282714844, -0.20204676687717438, 0.006781003437936306, 0.010534694418311119, -0.00018928786448668689, 0.00559048168361187, 133482.015625, 153464.8125, 85795.828125, 132015.796875, 142166.375, 102659.7421875, 0.17408493161201477, -2.01824951171875, -4.427298545837402, -1.9327043294906616, -5.705352783203125, -2.0376973152160645, 0.0, 0.0, 2.0, 0.8920780420303345, 0.0, 0.0, 0.0
54192, 1.1704636812210083, -0.20206157863140106, 0.0069733671844005585, 0.007017048075795174, -0.00034886127104982734, 0.0072597116231918335, 133481.40625, 153464.8125, 85793.9375, 132018.046875, 142157.484375, 102654.3046875, 0.17408493161201477, -2.01824951171875, -4.427298545837402, -1.9327043294906616, -5.705352783203125, -2.0376973152160645, 0.0, 0.0, 2.0, 0.8910094499588013, 0.0, 0.0, 0.0
54212, 1.1705231666564941, -0.20236973464488983, 0.007107381708920002, 0.007537078112363815, -0.0016639346722513437, 0.006605560891330242, 133488.15625, 153462.515625, 85794.203125, 132012.46875, 142158.765625, 102657.6796875, 0.17408493161201477, -2.01824951171875, -4.427298545837402, -1.9327043294906616, -5.705352783203125, -2.0376973152160645, 0.0, 0.0, 2.0, 0.8902978897094727, 0.0, 0.0, 0.0
54232, 1.170602560043335, -0.20268234610557556, 0.006395143922418356, 0.007902847602963448, -0.003222869709134102, 0.0021593731362372637, 133487.5625, 153462.9375, 85800.6875, 132011.890625, 142158.265625, 102657.6796875, 0.17408493161201477, -2.01824951171875, -4.427298545837402, -1.9327043294906616, -5.705352783203125, -2.0376973152160645, 0.0, 0.0, 2.0, 0.8898782730102539, 0.0, 0.0, 0.0
54252, 1.1704896688461304, -0.20236165821552277, 0.006439944729208946, 0.006978814490139484, -0.001391033991239965, 0.0023853820748627186, 133482.609375, 153464.390625, 85795.015625, 132022.53125, 142163.3125, 102656.3671875, 0.17408493161201477, -2.01824951171875, -4.427298545837402, -1.9327043294906616, -5.705352783203125, -2.0376973152160645, 0.0, 0.0, 2.0, 0.8881635069847107, 0.0, 0.0, 0.0
54272, 1.1704150438308716, -0.202083021402359, 0.0066893575713038445, 0.0068756951950490475, 0.00012761616380885243, 0.002743670716881752, 133478.109375, 153462.515625, 85799.875, 132022.53125, 142158.265625, 102659.7421875, 0.17408493161201477, -2.01824951171875, -4.427298545837402, -1.9327043294906616, -5.705352783203125, -2.0376973152160645, 0.0, 0.0, 2.0, 0.8854385614395142, 0.0, 0.0, 0.0
54292, 1.171360731124878, -0.2020600438117981, 0.006752749439328909, 0.011163202114403248, 5.480373511090875e-05, 0.003607781371101737, 133492.671875, 153460.625, 85796.90625, 132026.4375, 142166.875, 102656.3671875, 0.17408493161201477, -2.01824951171875, -4.427298545837402, -1.9327043294906616, -5.705352783203125, -2.0376973152160645, 0.0, 0.0, 2.0, 0.8849300146102905, 0.0, 0.0, 0.0
54312, 1.170486330986023, -0.20207899808883667, 0.006511320360004902, 0.007056642323732376, 0.00027023072470910847, 0.0013888342073187232, 133488.15625, 153464.390625, 85797.984375, 132018.625, 142156.984375, 102655.6171875, 0.17408493161201477, -2.01824951171875, -4.427298545837402, -1.9327043294906616, -5.705352783203125, -2.0376973152160645, 0.0, 0.0, 2.0, 0.8835591077804565, 0.0, 0.0, 0.0
54332, 1.1704171895980835, -0.20208393037319183, 0.006543448660522699, 0.006779797840863466, 0.0002918594400398433, 0.0013070768909528852, 133482.015625, 153464.8125, 85801.5, 132018.625, 142152.4375, 102658.984375, 0.17408493161201477, -2.01824951171875, -4.427298545837402, -1.9327043294906616, -5.705352783203125, -2.0376973152160645, 0.0, 0.0, 2.0, 0.880828320980072, 0.0, 0.0, 0.0
54352, 1.1704884767532349, -0.20263901352882385, 0.00561437476426363, 0.0068099177442491055, -0.0029137725941836834, -0.003592326072975993, 133479.15625, 153462.515625, 85800.6875, 132020.859375, 142154.21875, 102656.921875, 0.17408493161201477, -2.01824951171875, -4.427298545837402, -1.9327043294906616, -5.705352783203125, -2.0376973152160645, 0.0, 0.0, 2.0, 0.88206946849823, 0.0, 0.0, 0.0
54372, 1.1705279350280762, -0.20237311720848083, 0.005541715305298567, 0.007364514749497175, -0.0012120110914111137, -0.0038953647017478943, 133479.765625, 153457.90625, 85804.46875, 132015.796875, 142160.546875, 102661.8046875, 0.17408493161201477, -2.01824951171875, -4.427298545837402, -1.9327043294906616, -5.705352783203125, -2.0376973152160645, 0.0, 0.0, 2.0, 0.8783922791481018, 0.0, 0.0, 0.0
54392, 1.1713449954986572, -0.20236165821552277, 0.005475644487887621, 0.01140469592064619, -0.0010534372413530946, -0.002741736825555563, 133482.015625, 153473.171875, 85798.796875, 132015.796875, 142164.59375, 102654.3046875, 0.17408493161201477, -2.01824951171875, -4.427298545837402, -1.9327043294906616, -5.705352783203125, -2.0376973152160645, 0.0, 0.0, 2.0, 0.8774930238723755, 0.0, 0.0, 0.0
54412, 1.1704885959625244, -0.2023901790380478, 0.005654048640280962, 0.007233879063278437, -0.0012053451500833035, -0.0017048300942406058, 133481.40625, 153459.171875, 85792.859375, 132015.796875, 142163.3125, 102661.8046875, 0.17408493161201477, -2.01824951171875, -4.427298545837402, -1.9327043294906616, -5.705352783203125, -2.0376973152160645, 0.0, 0.0, 2.0, 0.8770747780799866, 0.0, 0.0, 0.0
54432, 1.1714693307876587, -0.2020932286977768, 0.005623358767479658, 0.011932753026485443, 0.00030225294176489115, -0.0015510785160586238, 133487.125, 153465.234375, 85802.578125, 132016.375, 142167.375, 102659.7421875, 0.17408493161201477, -2.01824951171875, -4.427298545837402, -1.9327043294906616, -5.705352783203125, -2.0376973152160645, 0.0, 0.0, 2.0, 0.8735706806182861, 0.0, 0.0, 0.0
54452, 1.1710363626480103, -0.20210959017276764, 0.005759622901678085, 0.009572463110089302, 0.00015585262735839933, -0.00040106900269165635, 133480.359375, 153464.8125, 85799.609375, 132015.21875, 142156.5, 102653.546875, 0.17408493161201477, -2.01824951171875, -4.427298545837402, -1.9327043294906616, -5.705352783203125, -2.0376973152160645, 0.0, 0.0, 2.0, 0.8739835023880005, 0.0, 0.0, 0.0
54472, 1.1712356805801392, -0.20210587978363037, 0.0057518077082931995, 0.010447242297232151, 0.00028888380620628595, -0.0004901475622318685, 133482.015625, 153466.6875, 85803.65625, 132011.890625, 142153.71875, 102650.734375, 0.17408493161201477, -2.01824951171875, -4.427298545837402, -1.9327043294906616, -5.705352783203125, -2.0376973152160645, 0.0, 0.0, 2.0, 0.8734090328216553, 0.0, 0.0, 0.0
54492, 1.1706058979034424, -0.20272459089756012, 0.005854165181517601, 0.007407123222947121, -0.003015807131305337, 0.0007446142844855785, 133490.421875, 153464.8125, 85798.796875, 132021.953125, 142161.046875, 102663.1171875, 0.17408493161201477, -2.01824951171875, -4.427298545837402, -1.9327043294906616, -5.705352783203125, -2.0376973152160645, 0.0, 0.0, 2.0, 0.873079240322113, 0.0, 0.0, 0.0
54512, 1.1705150604248047, -0.20270612835884094, 0.005869480315595865, 0.007328284438699484, -0.0026673218235373497, 0.0005751904682256281, 133482.015625, 153464.8125, 85804.46875, 132019.703125, 142154.71875, 102652.796875, 0.17408493161201477, -2.01824951171875, -4.427298545837402, -1.9327043294906616, -5.705352783203125, -2.0376973152160645, 0.0, 0.0, 2.0, 0.8725893497467041, 0.0, 0.0, 0.0
54532, 1.1704531908035278, -0.2021281123161316, 0.005136095453053713, 0.007054394111037254, 0.00037921854527667165, -0.003351453924551606, 133481.40625, 153466.6875, 85801.5, 132015.796875, 142156.5, 102656.921875, 0.17408493161201477, -2.01824951171875, -4.427298545837402, -1.9327043294906616, -5.705352783203125, -2.0376973152160645, 0.0, 0.0, 2.0, 0.8689708709716797, 0.0, 0.0, 0.0
54552, 1.1712429523468018, -0.20212478935718536, 0.0050672306679189205, 0.011438637040555477, 0.0001630179613130167, -0.003104350296780467, 133482.015625, 153467.109375, 85806.359375, 132017.453125, 142161.046875, 102654.859375, 0.17408493161201477, -2.01824951171875, -4.427298545837402, -1.9327043294906616, -5.705352783203125, -2.0376973152160645, 0.0, 0.0, 2.0, 0.8695147037506104, 0.0, 0.0, 0.0
54572, 1.1714378595352173, -0.20186847448349, 0.005007668863981962, 0.012399600818753242, 0.0017893299227580428, -0.003158751642331481, 133479.765625, 153466.6875, 85804.46875, 132015.21875, 142156.984375, 102654.859375, 0.17408493161201477, -2.01824951171875, -4.427298545837402, -1.9327043294906616, -5.705352783203125, -2.0376973152160645, 0.0, 0.0, 2.0, 0.8713893294334412, 0.0, 0.0, 0.0
54592, 1.1708314418792725, -0.2018933743238449, 0.004953320138156414, 0.008062567561864853, 0.0016480989288538694, -0.0030237571336328983, 133483.65625, 153467.109375, 85804.46875, 132018.625, 142150.171875, 102654.3046875, 0.17408493161201477, -2.01824951171875, -4.427298545837402, -1.9327043294906616, -5.705352783203125, -2.0376973152160645, 0.0, 0.0, 2.0, 0.8691244721412659, 0.0, 0.0, 0.0
54612, 1.1705310344696045, -0.2021561861038208, 0.004895396064966917, 0.006963658612221479, 0.0001989559968933463, -0.0030048128683120012, 133475.25, 153464.8125, 85804.46875, 132015.796875, 142156.5, 102656.921875, 0.17408493161201477, -2.01824951171875, -4.427298545837402, -1.9327043294906616, -5.705352783203125, -2.0376973152160645, 0.0, 0.0, 2.0, 0.868975043296814, 0.0, 0.0, 0.0
54632, 1.170284628868103, -0.2024071365594864, 0.005716103129088879, 0.005892263725399971, -0.000984544400125742, 0.002004406414926052, 133485.90625, 153467.546875, 85800.6875, 132020.28125, 142160.546875, 102658.4296875, 0.17408493161201477, -2.01824951171875, -4.427298545837402, -1.9327043294906616, -5.705352783203125, -2.0376973152160645, 0.0, 0.0, 2.0, 0.86538165807724, 0.0, 0.0, 0.0
54652, 1.1705037355422974, -0.20240053534507751, 0.005757169332355261, 0.00716067710891366, -0.0009634699090383947, 0.002220937516540289, 133483.65625, 153460.203125, 85801.765625, 132014.140625, 142156.5, 102655.6171875, 0.17408493161201477, -2.01824951171875, -4.427298545837402, -1.9327043294906616, -5.705352783203125, -2.0376973152160645, 0.0, 0.0, 2.0, 0.8641794323921204, 0.0, 0.0, 0.0
54672, 1.1703170537948608, -0.20241563022136688, 0.005060564260929823, 0.006438291631639004, -0.0009921600576490164, -0.001585513586178422, 133476.90625, 153458.328125, 85801.5, 132022.53125, 142160.546875, 102661.046875, 0.17408493161201477, -2.01824951171875, -4.427298545837402, -1.9327043294906616, -5.705352783203125, -2.0376973152160645, 0.0, 0.0, 2.0, 0.8635692000389099, 0.0, 0.0, 0.0
54692, 1.1704527139663696, -0.20243698358535767, 0.005028573330491781, 0.007102718111127615, -0.0011025137500837445, -0.0014601629227399826, 133489.8125, 153466.6875, 85802.578125, 132019.703125, 142164.59375, 102654.3046875, 0.17408493161201477, -2.01824951171875, -4.427298545837402, -1.9327043294906616, -5.705352783203125, -2.0376973152160645, 0.0, 0.0, 2.0, 0.8628963828086853, 0.0, 0.0, 0.0
54712, 1.1709522008895874, -0.2024335116147995, 0.004991490393877029, 0.009595264680683613, -0.0009153923019766808, -0.0017932055052369833, 133479.765625, 153467.109375, 85800.6875, 132016.875, 142160.546875, 102668.546875, 0.17408493161201477, -2.01824951171875, -4.427298545837402, -1.9327043294906616, -5.705352783203125, -2.0376973152160645, 0.0, 0.0, 2.0, 0.8625872135162354, 0.0, 0.0, 0.0
54732, 1.1703282594680786, -0.20245084166526794, 0.004963240120559931, 0.00642945384606719, -0.0008622725144959986, -0.001610677456483245, 133487.125, 153462.078125, 85809.328125, 132016.375, 142160.546875, 102650.734375, 0.17408493161201477, -2.01824951171875, -4.427298545837402, -1.9327043294906616, -5.705352783203125, -2.0376973152160645, 0.0, 0.0, 2.0, 0.860551118850708, 0.0, 0.0, 0.0
54752, 1.1703038215637207, -0.20245744287967682, 0.004949287511408329, 0.006653797812759876, -0.0007598574738949537, -0.0016652566846460104, 133470.75, 153469.421875, 85808.25, 132011.3125, 142158.765625, 102650.1796875, 0.17408493161201477, -2.01824951171875, -4.427298545837402, -1.9327043294906616, -5.705352783203125, -2.0376973152160645, 0.0, 0.0, 2.0, 0.8604496717453003, 0.0, 0.0, 0.0
54772, 1.1703459024429321, -0.2022218555212021, 0.004921613726764917, 0.007037470117211342, 0.00057434436166659, -0.0013125010300427675, 133479.765625, 153464.390625, 85811.2265625, 132022.53125, 142158.765625, 102658.984375, 0.17408493161201477, -2.01824951171875, -4.427298545837402, -1.9327043294906616, -5.705352783203125, -2.0376973152160645, 0.0, 0.0, 2.0, 0.8572520613670349, 0.0, 0.0, 0.0
54792, 1.1703897714614868, -0.20247144997119904, 0.004938127007335424, 0.007322887424379587, -0.0010348984505981207, -0.0009915685513988137, 133481.40625, 153462.9375, 85803.390625, 132019.703125, 142165.09375, 102658.984375, 0.17408493161201477, -2.01824951171875, -4.427298545837402, -1.9327043294906616, -5.705352783203125, -2.0376973152160645, 0.0, 0.0, 2.0, 0.8559045195579529, 0.0, 0.0, 0.0
54812, 1.1703497171401978, -0.2027064710855484, 0.00491695012897253, 0.007252961862832308, -0.002290240488946438, -0.001335831475444138, 133486.515625, 153460.203125, 85807.171875, 132016.875, 142159.265625, 102656.921875, 0.17408493161201477, -2.01824951171875, -4.427298545837402, -1.9327043294906616, -5.705352783203125, -2.0376973152160645, 0.0, 0.0, 2.0, 0.8558226823806763, 0.0, 0.0, 0.0
54832, 1.17039155960083, -0.20247945189476013, 0.004933529067784548, 0.007242473773658276, -0.0008017608197405934, -0.0011815241305157542, 133486.515625, 153464.390625, 85803.390625, 132021.953125, 142161.046875, 102657.6796875, 0.17408493161201477, -2.01824951171875, -4.427298545837402, -1.9327043294906616, -5.705352783203125, -2.0376973152160645, 0.0, 0.0, 2.0, 0.8526902198791504, 0.0, 0.0, 0.0
54852, 1.1704469919204712, -0.20274825394153595, 0.0049104709178209305, 0.007620683871209621, -0.002205499215051532, -0.0010685333982110023, 133481.40625, 153464.8125, 85800.6875, 132012.96875, 142161.046875, 102655.6171875, 0.17408493161201477, -2.01824951171875, -4.427298545837402, -1.9327043294906616, -5.705352783203125, -2.0376973152160645, 0.0, 0.0, 2.0, 0.8505547046661377, 0.0, 0.0, 0.0
54872, 1.1703956127166748, -0.202725350856781, 0.004903103224933147, 0.007085542194545269, -0.001956516643986106, -0.000741446390748024, 133485.90625, 153463.359375, 85811.2265625, 132015.796875, 142158.265625, 102654.859375, 0.17408493161201477, -2.01824951171875, -4.427298545837402, -1.9327043294906616, -5.705352783203125, -2.0376973152160645, 0.0, 0.0, 2.0, 0.8497888445854187, 0.0, 0.0, 0.0
54892, 1.1708556413650513, -0.20247605443000793, 0.005357534158974886, 0.0096576027572155, -0.0002879118255805224, 0.001851346343755722, 133485.90625, 153461.046875, 85804.46875, 132017.453125, 142151.4375, 102654.859375, 0.17408493161201477, -2.01824951171875, -4.427298545837402, -1.9327043294906616, -5.705352783203125, -2.0376973152160645, 0.0, 0.0, 2.0, 0.8472138047218323, 0.0, 0.0, 0.0
54912, 1.1708005666732788, -0.2022445797920227, 0.005399606190621853, 0.009188773110508919, 0.001137445797212422, 0.0019017071463167667, 133483.65625, 153464.8125, 85806.359375, 132012.96875, 142164.59375, 102654.109375, 0.17408493161201477, -2.01824951171875, -4.427298545837402, -1.9327043294906616, -5.705352783203125, -2.0376973152160645, 0.0, 0.0, 2.0, 0.8432961702346802, 0.0, 0.0, 0.0
54932, 1.170776605606079, -0.20202313363552094, 0.005261681508272886, 0.00887164007872343, 0.0025410493835806847, 0.0010749951470643282, 133481.40625, 153462.515625, 85807.171875, 132018.546875, 142151.9375, 102651.484375, 0.17408493161201477, -2.01824951171875, -4.427298545837402, -1.9327043294906616, -5.705352783203125, -2.0376973152160645, 0.0, 0.0, 2.0, 0.8415630459785461, 0.0, 0.0, 0.0
54952, 1.17100191116333, -0.20246268808841705, 0.005287867039442062, 0.009873062372207642, -0.00013607871369458735, 0.001228549750521779, 133488.765625, 153468.578125, 85808.25, 132018.625, 142161.046875, 102652.796875, 0.17408493161201477, -2.01824951171875, -4.427298545837402, -1.9327043294906616, -5.705352783203125, -2.0376973152160645, 0.0, 0.0, 2.0, 0.8411378860473633, 0.0, 0.0, 0.0
54972, 1.1703112125396729, -0.20269611477851868, 0.00438083428889513, 0.006286232732236385, -0.0015948169166222215, -0.003419612068682909, 133477.5, 153459.78125, 85805.546875, 132017.453125, 142158.265625, 102660.296875, 0.17408493161201477, -2.01824951171875, -4.427298545837402, -1.9327043294906616, -5.705352783203125, -2.0376973152160645, 0.0, 0.0, 2.0, 0.8403550386428833, 0.0, 0.0, 0.0
54992, 1.170287013053894, -0.20228029787540436, 0.004314099904149771, 0.005925369448959827, 0.0008759840857237577, -0.0034745540469884872, 133483.65625, 153462.078125, 85809.328125, 132021.953125, 142161.046875, 102651.484375, 0.17408493161201477, -2.01824951171875, -4.427298545837402, -1.9327043294906616, -5.705352783203125, -2.0376973152160645, 0.0, 0.0, 2.0, 0.8364381790161133, 0.0, 0.0, 0.0
55012, 1.170386552810669, -0.20226448774337769, 0.004928548354655504, 0.006536351516842842, 0.000937357428483665, 6.204095552675426e-05, 133482.015625, 153466.265625, 85810.140625, 132019.125, 142158.265625, 102649.421875, 0.17408493161201477, -2.01824951171875, -4.427298545837402, -1.9327043294906616, -5.705352783203125, -2.0376973152160645, 0.0, 0.0, 2.0, 0.8369341492652893, 0.0, 0.0, 0.0
55032, 1.1705272197723389, -0.20224475860595703, 0.004933564458042383, 0.007528838235884905, 0.0010717138648033142, 0.0005348944687284529, 133482.609375, 153462.9375, 85808.25, 132019.703125, 142160.546875, 102655.6171875, 0.17408493161201477, -2.01824951171875, -4.427298545837402, -1.9327043294906616, -5.705352783203125, -2.0376973152160645, 0.0, 0.0, 2.0, 0.8353415131568909, 0.0, 0.0, 0.0
55052, 1.1705743074417114, -0.2027723789215088, 0.005363256670534611, 0.007729439530521631, -0.0019665092695504427, 0.002791746985167265, 133479.765625, 153465.234375, 85807.171875, 132021.953125, 142158.765625, 102650.734375, 0.17408493161201477, -2.01824951171875, -4.427298545837402, -1.9327043294906616, -5.705352783203125, -2.0376973152160645, 0.0, 0.0, 2.0, 0.8350005149841309, 0.0, 0.0, 0.0
55072, 1.1708894968032837, -0.20223061740398407, 0.005422788206487894, 0.0094017144292593, 0.0012108252849429846, 0.0030455784872174263, 133485.90625, 153458.328125, 85802.578125, 132012.390625, 142157.265625, 102656.171875, 0.17408493161201477, -2.01824951171875, -4.427298545837402, -1.9327043294906616, -5.705352783203125, -2.0376973152160645, 0.0, 0.0, 2.0, 0.8312113285064697, 0.0, 0.0, 0.0
55092, 1.1712610721588135, -0.20221777260303497, 0.005683575291186571, 0.010978637263178825, 0.0010899921180680394, 0.0042340815998613834, 133486.953125, 153464.390625, 85802.578125, 132015.796875, 142162.328125, 102655.6171875, 0.17408493161201477, -2.01824951171875, -4.427298545837402, -1.9327043294906616, -5.705352783203125, -2.0376973152160645, 0.0, 0.0, 2.0, 0.829488217830658, 0.0, 0.0, 0.0
55112, 1.1705808639526367, -0.2025020271539688, 0.005774552933871746, 0.007126177661120892, -0.0006664957036264241, 0.004281288478523493, 133475.25, 153473.171875, 85802.578125, 132015.21875, 142161.046875, 102660.296875, 0.17408493161201477, -2.01824951171875, -4.427298545837402, -1.9327043294906616, -5.705352783203125, -2.0376973152160645, 0.0, 0.0, 2.0, 0.8318309783935547, 0.0, 0.0, 0.0
55132, 1.1707416772842407, -0.2025146484375, 0.005538980942219496, 0.00787409022450447, -0.0006569302058778703, 0.002452216111123562, 133480.359375, 153457.484375, 85804.46875, 132016.875, 142158.765625, 102657.484375, 0.17408493161201477, -2.01824951171875, -4.427298545837402, -1.9327043294906616, -5.705352783203125, -2.0376973152160645, 0.0, 0.0, 2.0, 0.8309107422828674, 0.0, 0.0, 0.0
55152, 1.1709134578704834, -0.20252852141857147, 0.005589059088379145, 0.008535666391253471, -0.0006087673245929182, 0.0024302948731929064, 133479.765625, 153457.484375, 85806.359375, 132012.96875, 142156.5, 102647.921875, 0.17408493161201477, -2.01824951171875, -4.427298545837402, -1.9327043294906616, -5.705352783203125, -2.0376973152160645, 0.0, 0.0, 2.0, 0.827826976776123, 0.0, 0.0, 0.0
55172, 1.171633243560791, -0.20249247550964355, 0.005642143543809652, 0.007334619294852018, -0.0006465867045335472, 0.001698062987998128, 133477.5, 153469.421875, 85808.5234375, 132018.046875, 142156.0, 102652.796875, 0.17408493161201477, -2.01824951171875, -4.427298545837402, -1.9327043294906616, -5.705352783203125, -2.0376973152160645, 0.0, 0.0, 2.0, 0.8305149674415588, 0.0, 0.0, 0.0
55192, 1.170967698097229, -0.2025832086801529, 0.0050257728435099125, 0.00911889597773552, 0.001053328043781221, 0.0002707877429202199, 133478.546875, 153462.515625, 85813.1171875, 132020.28125, 142160.546875, 102646.609375, 0.17408493161201477, -2.01824951171875, -4.427298545837402, -1.9327043294906616, -5.705352783203125, -2.0376973152160645, 0.0, 0.0, 2.0, 0.8134136199951172, 0.0, 0.0, 0.0
55212, 1.1708213090896606, -0.20264382660388947, 0.005048239137977362, 0.007761626038700342, 0.0010158579098060727, 0.0005760688800364733, 133480.796875, 153461.65625, 85810.140625, 132019.703125, 142165.09375, 102650.734375, 0.17408493161201477, -2.01824951171875, -4.427298545837402, -1.9327043294906616, -5.705352783203125, -2.0376973152160645, 0.0, 0.0, 2.0, 0.8423921465873718, 0.0, 0.0, 0.0
55232, 1.1712596416473389, -0.20263928174972534, 0.004614200908690691, 0.00985924992710352, 0.0006261380040086806, -0.0021544022019952536, 133470.75, 153471.296875, 85809.328125, 132015.796875, 142157.765625, 102652.796875, 0.17408493161201477, -2.01824951171875, -4.427298545837402, -1.9327043294906616, -5.705352783203125, -2.0376973152160645, 0.0, 0.0, 2.0, 0.8455499410629272, 0.0, 0.0, 0.0
55252, 1.1709465980529785, -0.20264704525470734, 0.00457919342443347, 0.008132507093250751, 0.00013642584963236004, -0.0015208754921332002, 133482.609375, 153464.8125, 85810.140625, 132017.453125, 142156.5, 102658.234375, 0.17408493161201477, -2.01824951171875, -4.427298545837402, -1.9327043294906616, -5.705352783203125, -2.0376973152160645, 0.0, 0.0, 2.0, 0.849179744720459, 0.0, 0.0, 0.0
55272, 1.1708979606628418, -0.2026451677083969, 0.004307264927774668, 0.007946114987134933, -0.0031356047838926315, -0.003948659636080265, 133489.8125, 153457.90625, 85807.171875, 132006.8125, 142156.0, 102648.671875, 0.17408493161201477, -2.01824951171875, -4.427298545837402, -1.9327043294906616, -5.705352783203125, -2.0376973152160645, 0.0, 0.0, 2.0, 0.8521679639816284, 0.0, 0.0, 0.0
55292, 1.1710529327392578, -0.20277762413024902, 0.004241192247718573, 0.005893242079764605, -0.0039780461229383945, -0.002843378111720085, 133480.203125, 153457.90625, 85810.140625, 132012.96875, 142158.265625, 102650.734375, 0.17408493161201477, -2.01824951171875, -4.427298545837402, -1.9327043294906616, -5.705352783203125, -2.0376973152160645, 0.0, 0.0, 2.0, 0.8619300723075867, 0.0, 0.0, 0.0
55312, 1.1710745096206665, -0.20332153141498566, 0.005295086186379194, 0.0063084871508181095, -0.008198356255888939, 0.003298624884337187, 133484.859375, 153462.078125, 85812.84375, 132009.640625, 142162.328125, 102654.859375, 0.17408493161201477, -2.01824951171875, -4.427298545837402, -1.9327043294906616, -5.705352783203125, -2.0376973152160645, 0.0, 0.0, 2.0, 0.8658562302589417, 0.0, 0.0, 0.0
55332, 1.170974850654602, -0.2031952291727066, 0.005369414575397968, 0.006639220751821995, -0.0027807315345853567, 0.003520613070577383, 133479.15625, 153462.515625, 85810.4140625, 132019.703125, 142156.5, 102652.796875, 0.17408493161201477, -2.01824951171875, -4.427298545837402, -1.9327043294906616, -5.705352783203125, -2.0376973152160645, 0.0, 0.0, 2.0, 0.8552592992782593, 0.0, 0.0, 0.0
55352, 1.1709656715393066, -0.20288556814193726, 0.005675897002220154, 0.007169180549681187, -0.00016898872854653746, 0.004910726100206375, 133489.8125, 153466.265625, 85809.328125, 132012.96875, 142155.5, 102658.984375, 0.17408493161201477, -2.01824951171875, -4.427298545837402, -1.9327043294906616, -5.705352783203125, -2.0376973152160645, 0.0, 0.0, 2.0, 0.8533783555030823, 0.0, 0.0, 0.0
55372, 1.1708683967590332, -0.2025812417268753, 0.005778329446911812, 0.007003471255302429, 0.0026752729900181293, 0.0051513174548745155, 133481.40625, 153457.90625, 85810.4140625, 132015.21875, 142159.546875, 102653.359375, 0.17408493161201477, -2.01824951171875, -4.427298545837402, -1.9327043294906616, -5.705352783203125, -2.0376973152160645, 0.0, 0.0, 2.0, 0.8483731150627136, 0.0, 0.0, 0.0
55392, 1.170933723449707, -0.2028777152299881, 0.00513939606025815, 0.007481967564672232, 0.0028320595156401396, 0.0008948419126681983, 133487.5625, 153464.8125, 85815.0078125, 132019.703125, 142160.546875, 102650.734375, 0.17408493161201477, -2.01824951171875, -4.427298545837402, -1.9327043294906616, -5.705352783203125, -2.0376973152160645, 0.0, 0.0, 2.0, 0.8445690870285034, 0.0, 0.0, 0.0
55412, 1.1720086336135864, -0.20285584032535553, 0.005161680281162262, 0.012461946345865726, 0.002910319250077009, 0.001552605303004384, 133481.40625, 153462.078125, 85813.921875, 132021.953125, 142165.09375, 102652.796875, 0.17408493161201477, -2.01824951171875, -4.427298545837402, -1.9327043294906616, -5.705352783203125, -2.0376973152160645, 0.0, 0.0, 2.0, 0.8427852392196655, 0.0, 0.0, 0.0
55432, 1.17167067527771, -0.20251159369945526, 0.005189006682485342, 0.01090008020401001, 0.0047343154437839985, 0.0009621817152947187, 133487.5625, 153463.96875, 85809.328125, 132020.28125, 142162.328125, 102652.796875, 0.17408493161201477, -2.01824951171875, -4.427298545837402, -1.9327043294906616, -5.705352783203125, -2.0376973152160645, 0.0, 0.0, 2.0, 0.8412061333656311, 0.0, 0.0, 0.0
55452, 1.1709901094436646, -0.2028340846300125, 0.005137307569384575, 0.007914548739790916, 0.002794218948110938, 0.0006443774327635765, 133477.5, 153461.234375, 85810.140625, 132015.21875, 142164.09375, 102643.9921875, 0.17408493161201477, -2.01824951171875, -4.427298545837402, -1.9327043294906616, -5.705352783203125, -2.0376973152160645, 0.0, 0.0, 2.0, 0.8396255373954773, 0.0, 0.0, 0.0
55472, 1.1717443466186523, -0.20282238721847534, 0.005148477386683226, 0.011040854267776012, 0.002663510851562023, 0.0007463758811354637, 133483.65625, 153460.203125, 85811.2265625, 132018.546875, 142165.09375, 102651.296875, 0.17408493161201477, -2.01824951171875, -4.427298545837402, -1.9327043294906616, -5.705352783203125, -2.0376973152160645, 0.0, 0.0, 2.0, 0.8381388783454895, 0.0, 0.0, 0.0
55492, 1.171999454498291, -0.20285536348819733, 0.003864266909658909, 0.011841140687465668, 0.002525252988561988, -0.005943588446825743, 133488.15625, 153466.6875, 85811.2265625, 132006.8125, 142151.9375, 102655.6171875, 0.17408493161201477, -2.01824951171875, -4.427298545837402, -1.9327043294906616, -5.705352783203125, -2.0376973152160645, 0.0, 0.0, 2.0, 0.8369460701942444, 0.0, 0.0, 0.0
55512, 1.1718688011169434, -0.20256789028644562, 0.003751561976969242, 0.010972633957862854, 0.003147513372823596, -0.005647328216582537, 133480.796875, 153462.515625, 85812.3046875, 132012.96875, 142160.046875, 102646.609375, 0.17408493161201477, -2.01824951171875, -4.427298545837402, -1.9327043294906616, -5.705352783203125, -2.0376973152160645, 0.0, 0.0, 2.0, 0.832693338394165, 0.0, 0.0, 0.0
55532, 1.1708945035934448, -0.20286403596401215, 0.004599434323608875, 0.006375230848789215, 0.001305453130044043, -0.0007552699535153806, 133478.546875, 153469.0, 85810.953125, 132017.453125, 142160.546875, 102651.484375, 0.17408493161201477, -2.01824951171875, -4.427298545837402, -1.9327043294906616, -5.705352783203125, -2.0376973152160645, 0.0, 0.0, 2.0, 0.8319498896598816, 0.0, 0.0, 0.0
55552, 1.1714637279510498, -0.20286081731319427, 0.004583846312016249, 0.009085696190595627, 0.001053152373060584, -0.0007734629325568676, 133479.765625, 153462.515625, 85809.328125, 132010.734375, 142153.71875, 102650.734375, 0.17408493161201477, -2.01824951171875, -4.427298545837402, -1.9327043294906616, -5.705352783203125, -2.0376973152160645, 0.0, 0.0, 2.0, 0.8285645246505737, 0.0, 0.0, 0.0
55572, 1.1708608865737915, -0.20314687490463257, 0.004741639830172062, 0.006281280890107155, -0.000562385015655309, 0.00019721407443284988, 133473.0, 153462.078125, 85816.0859375, 132018.046875, 142160.046875, 102656.921875, 0.17408493161201477, -2.01824951171875, -4.427298545837402, -1.9327043294906616, -5.705352783203125, -2.0376973152160645, 0.0, 0.0, 2.0, 0.8279590606689453, 0.0, 0.0, 0.0
55592, 1.171117901802063, -0.20285089313983917, 0.004744483157992363, 0.007623172830790281, 0.0009074715198948979, 0.00017727393424138427, 133477.5, 153462.515625, 85813.1171875, 132014.0625, 142157.265625, 102643.9921875, 0.17408493161201477, -2.01824951171875, -4.427298545837402, -1.9327043294906616, -5.705352783203125, -2.0376973152160645, 0.0, 0.0, 2.0, 0.8252415060997009, 0.0, 0.0, 0.0
55612, 1.1708118915557861, -0.20284408330917358, 0.0056451717391610146, 0.006297226995229721, 0.0006173791480250657, 0.00494382344186306, 133485.90625, 153459.78125, 85816.0859375, 132016.875, 142160.546875, 102652.796875, 0.17408493161201477, -2.01824951171875, -4.427298545837402, -1.9327043294906616, -5.705352783203125, -2.0376973152160645, 0.0, 0.0, 2.0, 0.8215821981430054, 0.0, 0.0, 0.0
55632, 1.1711643934249878, -0.20254898071289062, 0.005745043978095055, 0.008358974941074848, 0.0019755526445806026, 0.005005935672670603, 133484.703125, 153466.6875, 85816.8984375, 132015.796875, 142156.5, 102652.046875, 0.17408493161201477, -2.01824951171875, -4.427298545837402, -1.9327043294906616, -5.705352783203125, -2.0376973152160645, 0.0, 0.0, 2.0, 0.8183979988098145, 0.0, 0.0, 0.0
55652, 1.1715065240859985, -0.20224301517009735, 0.006321714725345373, 0.010084247216582298, 0.003310319036245346, 0.007802912965416908, 133481.40625, 153468.578125, 85818.7890625, 132014.640625, 142156.5, 102652.796875, 0.17408493161201477, -2.01824951171875, -4.427298545837402, -1.9327043294906616, -5.705352783203125, -2.0376973152160645, 0.0, 0.0, 2.0, 0.8147128224372864, 0.0, 0.0, 0.0
55672, 1.1717449426651, -0.20283249020576477, 0.006483201868832111, 0.011134831234812737, 0.00016880850307643414, 0.00789053924381733, 133483.0625, 153464.8125, 85813.921875, 132006.8125, 142169.640625, 102647.921875, 0.17408493161201477, -2.01824951171875, -4.427298545837402, -1.9327043294906616, -5.705352783203125, -2.0376973152160645, 0.0, 0.0, 2.0, 0.815208911895752, 0.0, 0.0, 0.0
55692, 1.1710851192474365, -0.20308956503868103, 0.005199290346354246, 0.008060678839683533, -0.001175442012026906, -1.9566037735785358e-05, 133475.25, 153457.90625, 85813.1171875, 132011.890625, 142156.0, 102652.796875, 0.17408493161201477, -2.01824951171875, -4.427298545837402, -1.9327043294906616, -5.705352783203125, -2.0376973152160645, 0.0, 0.0, 2.0, 0.8158458471298218, 0.0, 0.0, 0.0
55712, 1.1713032722473145, -0.20307449996471405, 0.00519962003454566, 0.00874966848641634, -0.0011344699887558818, 0.00020392361329868436, 133479.765625, 153459.78125, 85809.328125, 132014.640625, 142164.09375, 102650.734375, 0.17408493161201477, -2.01824951171875, -4.427298545837402, -1.9327043294906616, -5.705352783203125, -2.0376973152160645, 0.0, 0.0, 2.0, 0.8150404095649719, 0.0, 0.0, 0.0
55732, 1.1713354587554932, -0.20226824283599854, 0.005206790752708912, 0.008759613148868084, 0.002930481918156147, 0.00022209070448298007, 133486.515625, 153464.390625, 85813.1171875, 132013.546875, 142161.328125, 102650.734375, 0.17408493161201477, -2.01824951171875, -4.427298545837402, -1.9327043294906616, -5.705352783203125, -2.0376973152160645, 0.0, 0.0, 2.0, 0.8104345202445984, 0.0, 0.0, 0.0
55752, 1.1707918643951416, -0.20308619737625122, 0.005559013225138187, 0.005999874789267778, -0.0015787979355081916, 0.002299812389537692, 133485.3125, 153459.359375, 85813.921875, 132015.21875, 142164.09375, 102654.109375, 0.17408493161201477, -2.01824951171875, -4.427298545837402, -1.9327043294906616, -5.705352783203125, -2.0376973152160645, 0.0, 0.0, 2.0, 0.8131099343299866, 0.0, 0.0, 0.0
55772, 1.1707420349121094, -0.20280393958091736, 0.0056079076603055, 0.005822177976369858, -0.00034371542278677225, 0.0020958208478987217, 133482.015625, 153464.8125, 85809.328125, 132013.546875, 142168.65625, 102655.421875, 0.17408493161201477, -2.01824951171875, -4.427298545837402, -1.9327043294906616, -5.705352783203125, -2.0376973152160645, 0.0, 0.0, 2.0, 0.8100218176841736, 0.0, 0.0, 0.0
55792, 1.1716625690460205, -0.20280255377292633, 0.005397023167461157, 0.010107968002557755, -0.0004657197860069573, 0.0007318187272176147, 133487.5625, 153462.078125, 85809.328125, 132006.8125, 142153.71875, 102655.421875, 0.17408493161201477, -2.01824951171875, -4.427298545837402, -1.9327043294906616, -5.705352783203125, -2.0376973152160645, 0.0, 0.0, 2.0, 0.8065106272697449, 0.0, 0.0, 0.0
55812, 1.1718745231628418, -0.20253705978393555, 0.005411405581980944, 0.010749689303338528, 0.0009719874360598624, 0.0007819367456249893, 133481.40625, 153464.8125, 85818.7890625, 132017.453125, 142159.546875, 102648.671875, 0.17408493161201477, -2.01824951171875, -4.427298545837402, -1.9327043294906616, -5.705352783203125, -2.0376973152160645, 0.0, 0.0, 2.0, 0.8047747611999512, 0.0, 0.0, 0.0
55832, 1.1707024574279785, -0.20279547572135925, 0.0056733665987849236, 0.0053747594356536865, -0.0005709291435778141, 0.0019042708445340395, 133481.40625, 153462.078125, 85813.921875, 132012.96875, 142158.265625, 102654.109375, 0.17408493161201477, -2.01824951171875, -4.427298545837402, -1.9327043294906616, -5.705352783203125, -2.0376973152160645, 0.0, 0.0, 2.0, 0.8051509857177734, 0.0, 0.0, 0.0
55852, 1.170737624168396, -0.203054741024971, 0.005714952480047941, 0.00601957319304347, -0.001966505078598857, 0.002407238818705082, 133486.953125, 153457.484375, 85819.6015625, 132012.96875, 142168.65625, 102652.796875, 0.17408493161201477, -2.01824951171875, -4.427298545837402, -1.9327043294906616, -5.705352783203125, -2.0376973152160645, 0.0, 0.0, 2.0, 0.8029906749725342, 0.0, 0.0, 0.0
55872, 1.1708464622497559, -0.20309682190418243, 0.006268164608627558, 0.006617257371544838, -0.0020865201950073242, 0.004947320092469454, 133483.0625, 153466.6875, 85817.7109375, 132014.640625, 142160.546875, 102654.109375, 0.17408493161201477, -2.01824951171875, -4.427298545837402, -1.9327043294906616, -5.705352783203125, -2.0376973152160645, 0.0, 0.0, 2.0, 0.8021110892295837, 0.0, 0.0, 0.0
55892, 1.170777678489685, -0.20307792723178864, 0.006374459248036146, 0.0059896958991885185, -0.0018613515421748161, 0.004886625800281763, 133483.0625, 153469.0, 85816.0859375, 132008.484375, 142158.765625, 102650.734375, 0.17408493161201477, -2.01824951171875, -4.427298545837402, -1.9327043294906616, -5.705352783203125, -2.0376973152160645, 0.0, 0.0, 2.0, 0.8032684326171875, 0.0, 0.0, 0.0
55912, 1.170884132385254, -0.20311681926250458, 0.007091234438121319, 0.006791434250771999, -0.001756690558977425, 0.008465993218123913, 133475.25, 153460.203125, 85821.4921875, 132008.484375, 142160.546875, 102650.734375, 0.17408493161201477, -2.01824951171875, -4.427298545837402, -1.9327043294906616, -5.705352783203125, -2.0376973152160645, 0.0, 0.0, 2.0, 0.8038508892059326, 0.0, 0.0, 0.0
55932, 1.1708128452301025, -0.20339249074459076, 0.007264506537467241, 0.006622354034334421, -0.0033622588962316513, 0.008386672474443913, 133480.796875, 153464.390625, 85817.9765625, 132010.140625, 142160.546875, 102653.359375, 0.17408493161201477, -2.01824951171875, -4.427298545837402, -1.9327043294906616, -5.705352783203125, -2.0376973152160645, 0.0, 0.0, 2.0, 0.805934727191925, 0.0, 0.0, 0.0
55952, 1.1710352897644043, -0.20254556834697723, 0.007264628075063229, 0.00786274392157793, 0.001366784912534058, 0.007627116050571203, 133481.40625, 153462.078125, 85815.0078125, 132016.875, 142160.046875, 102652.046875, 0.17408493161201477, -2.01824951171875, -4.427298545837402, -1.9327043294906616, -5.705352783203125, -2.0376973152160645, 0.0, 0.0, 2.0, 0.8029161095619202, 0.0, 0.0, 0.0
55972, 1.1707836389541626, -0.20309767127037048, 0.0074226632714271545, 0.00683998130261898, -0.0013841948239132762, 0.00807673018425703, 133485.3125, 153453.71875, 85814.1953125, 132010.734375, 142164.09375, 102649.984375, 0.17408493161201477, -2.01824951171875, -4.427298545837402, -1.9327043294906616, -5.705352783203125, -2.0376973152160645, 0.0, 0.0, 2.0, 0.8045469522476196, 0.0, 0.0, 0.0
55992, 1.1712915897369385, -0.20282240211963654, 0.007591378875076771, 0.008970768190920353, -5.803958629257977e-05, 0.008576503954827785, 133481.40625, 153455.59375, 85815.0078125, 132008.484375, 142156.0, 102652.796875, 0.17408493161201477, -2.01824951171875, -4.427298545837402, -1.9327043294906616, -5.705352783203125, -2.0376973152160645, 0.0, 0.0, 2.0, 0.8032249808311462, 0.0, 0.0, 0.0
56012, 1.1709495782852173, -0.20282341539859772, 0.0075137862004339695, 0.0069005959667265415, 6.088653753977269e-05, 0.007216209080070257, 133480.796875, 153463.96875, 85816.8984375, 132012.96875, 142164.09375, 102649.984375, 0.17408493161201477, -2.01824951171875, -4.427298545837402, -1.9327043294906616, -5.705352783203125, -2.0376973152160645, 0.0, 0.0, 2.0, 0.8020676970481873, 0.0, 0.0, 0.0
56032, 1.1706370115280151, -0.2028219848871231, 0.007660422474145889, 0.005218356382101774, 0.00011982789874309674, 0.007226259913295507, 133481.40625, 153455.59375, 85816.8984375, 132015.21875, 142156.0, 102652.046875, 0.17408493161201477, -2.01824951171875, -4.427298545837402, -1.9327043294906616, -5.705352783203125, -2.0376973152160645, 0.0, 0.0, 2.0, 0.8014872670173645, 0.0, 0.0, 0.0
56052, 1.170769214630127, -0.2028169333934784, 0.007113540079444647, 0.005581384990364313, 0.0001466559333493933, 0.004062624182552099, 133481.40625, 153464.8125, 85816.8984375, 132004.0, 142165.09375, 102649.421875, 0.17408493161201477, -2.01824951171875, -4.427298545837402, -1.9327043294906616, -5.705352783203125, -2.0376973152160645, 0.0, 0.0, 2.0, 0.7994428873062134, 0.0, 0.0, 0.0
56072, 1.1708872318267822, -0.20281578600406647, 0.007199961692094803, 0.006298845633864403, -5.941142444498837e-05, 0.00451585091650486, 133476.90625, 153462.078125, 85816.8984375, 132012.390625, 142165.875, 102650.734375, 0.17408493161201477, -2.01824951171875, -4.427298545837402, -1.9327043294906616, -5.705352783203125, -2.0376973152160645, 0.0, 0.0, 2.0, 0.7965467572212219, 0.0, 0.0, 0.0
56092, 1.1709389686584473, -0.20312660932540894, 0.0067697251215577126, 0.006500579882413149, -0.0017060934333130717, 0.0020477091893553734, 133473.0, 153459.78125, 85815.0078125, 132014.0625, 142159.046875, 102650.546875, 0.17408493161201477, -2.01824951171875, -4.427298545837402, -1.9327043294906616, -5.705352783203125, -2.0376973152160645, 0.0, 0.0, 2.0, 0.7947013974189758, 0.0, 0.0, 0.0
56112, 1.1709587574005127, -0.2028122842311859, 0.006811762694269419, 0.006628601811826229, 0.0001278550480492413, 0.002041471190750599, 133483.0625, 153455.59375, 85819.6015625, 132010.734375, 142164.09375, 102651.484375, 0.17408493161201477, -2.01824951171875, -4.427298545837402, -1.9327043294906616, -5.705352783203125, -2.0376973152160645, 0.0, 0.0, 2.0, 0.7902488112449646, 0.0, 0.0, 0.0
56132, 1.1710134744644165, -0.2031322419643402, 0.006516384892165661, 0.00704278564080596, -0.0012607484823092818, 0.0004308761563152075, 133474.65625, 153459.78125, 85818.7890625, 132012.390625, 142159.546875, 102649.234375, 0.17408493161201477, -2.01824951171875, -4.427298545837402, -1.9327043294906616, -5.705352783203125, -2.0376973152160645, 0.0, 0.0, 2.0, 0.787039577960968, 0.0, 0.0, 0.0
56152, 1.172096610069275, -0.20313136279582977, 0.006521976552903652, 0.01233858335763216, -0.0010093904566019773, 0.00040610384894534945, 133476.296875, 153459.78125, 85819.8671875, 132014.0625, 142157.765625, 102652.609375, 0.17408493161201477, -2.01824951171875, -4.427298545837402, -1.9327043294906616, -5.705352783203125, -2.0376973152160645, 0.0, 0.0, 2.0, 0.7847430109977722, 0.0, 0.0, 0.0
56172, 1.1710560321807861, -0.20314200222492218, 0.006333799567073584, 0.007132719270884991, -0.0011195250554010272, -0.00015835900558158755, 133479.15625, 153457.484375, 85818.7890625, 132014.640625, 142156.0, 102647.171875, 0.17408493161201477, -2.01824951171875, -4.427298545837402, -1.9327043294906616, -5.705352783203125, -2.0376973152160645, 0.0, 0.0, 2.0, 0.7816777229309082, 0.0, 0.0, 0.0
56192, 1.1710697412490845, -0.20281387865543365, 0.006330711767077446, 0.007055258844047785, 0.0009517759899608791, -0.00016051586135290563, 133479.59375, 153461.65625, 85817.9765625, 132016.875, 142160.546875, 102645.859375, 0.17408493161201477, -2.01824951171875, -4.427298545837402, -1.9327043294906616, -5.705352783203125, -2.0376973152160645, 0.0, 0.0, 2.0, 0.777962863445282, 0.0, 0.0, 0.0
56212, 1.1709977388381958, -0.20346340537071228, 0.0058139776811003685, 0.006750025786459446, -0.002624284941703081, -0.00277325720526278, 133484.703125, 153466.6875, 85823.6484375, 132010.734375, 142154.71875, 102652.046875, 0.17408493161201477, -2.01824951171875, -4.427298545837402, -1.9327043294906616, -5.705352783203125, -2.0376973152160645, 0.0, 0.0, 2.0, 0.7788659930229187, 0.0, 0.0, 0.0
56232, 1.1711417436599731, -0.2035319060087204, 0.005648432765156031, 0.007653144653886557, -0.005109515506774187, -0.022282889112830162, 133480.796875, 153461.65625, 85815.8203125, 132012.96875, 142156.0, 102649.234375, 0.17408493161201477, -2.01824951171875, -4.427298545837402, -1.9327043294906616, -5.705352783203125, -2.0376973152160645, 0.0, 0.0, 2.0, 0.7788134813308716, 0.0, 0.0, 0.0
56252, 1.1716578006744385, -0.21464639902114868, 0.00471953209489584, 0.030616214498877525, -0.05851209536194801, -0.04959869384765625, 133474.046875, 153462.078125, 85821.7578125, 132007.90625, 142155.5, 102643.234375, 0.17408493161201477, -2.01824951171875, -4.427298545837402, -1.9327043294906616, -5.705352783203125, -2.0376973152160645, 0.0, 0.0, 2.0, 0.8621747493743896, 0.0, 0.0, 0.0
56272, 1.1717654466629028, -0.21482765674591064, 0.00573517894372344, 0.00905266497284174, -0.052661262452602386, -0.004014222417026758, 133480.796875, 153466.6875, 85812.3046875, 132008.484375, 142158.265625, 102646.609375, 0.17408493161201477, -2.01824951171875, -4.427298545837402, -1.9327043294906616, -5.705352783203125, -2.0376973152160645, 0.0, 0.0, 2.0, 0.8687363266944885, 0.0, 0.0, 0.0
56292, 1.1723806858062744, -0.21374395489692688, 0.005829018075019121, 0.009833517484366894, -0.04034259170293808, 0.0032094598282128572, 133486.953125, 153460.203125, 85809.328125, 132003.421875, 142157.265625, 102644.546875, 0.17408493161201477, -2.01824951171875, -4.427298545837402, -1.9327043294906616, -5.705352783203125, -2.0376973152160645, 0.0, 0.0, 2.0, 0.8434262871742249, 0.0, 0.0, 0.0
56312, 1.172415852546692, -0.21340438723564148, 0.009015428833663464, 0.008543504402041435, -0.03542187809944153, 0.02408670447766781, 133488.15625, 153462.078125, 85800.953125, 132006.234375, 142157.265625, 102647.921875, 0.17408493161201477, -2.01824951171875, -4.427298545837402, -1.9327043294906616, -5.705352783203125, -2.0376973152160645, 0.0, 0.0, 2.0, 0.8175542950630188, 0.0, 0.0, 0.0
56332, 1.1726679801940918, -0.21302521228790283, 0.009610139764845371, 0.010610762983560562, -0.029991954565048218, 0.03279509022831917, 133485.3125, 153457.046875, 85801.765625, 132007.90625, 142150.953125, 102646.609375, 0.17408493161201477, -2.01824951171875, -4.427298545837402, -1.9327043294906616, -5.705352783203125, -2.0376973152160645, 0.0, 0.0, 2.0, 0.7991000413894653, 0.0, 0.0, 0.0
56352, 1.174613356590271, -0.21339863538742065, 0.011027570813894272, 0.026212053373456, -0.03494155406951904, 0.05727605149149895, 133503.921875, 153452.875, 85782.859375, 132021.375, 142155.5, 102649.984375, 0.17408493161201477, -2.01824951171875, -4.427298545837402, -1.9327043294906616, -5.705352783203125, -2.0376973152160645, 0.0, 0.0, 2.0, 0.6897438764572144, 0.0, 0.0, 0.0
56372, 1.1788331270217896, -0.21553106606006622, 0.012281897477805614, 0.048275772482156754, -0.06702373921871185, 0.08244870603084564, 133512.328125, 153461.65625, 85795.28125, 132016.875, 142157.265625, 102647.171875, 0.17408493161201477, -2.01824951171875, -4.427298545837402, -1.9327043294906616, -5.705352783203125, -2.0376973152160645, 0.0, 0.0, 2.0, 0.6997051239013672, 0.0, 0.0, 0.0
56392, 1.1785001754760742, -0.22281397879123688, 0.009556981734931469, 0.014392337761819363, -0.1370454877614975, 0.06023595482110977, 133498.21875, 153464.390625, 85822.5703125, 132039.328125, 142160.046875, 102651.296875, 0.17408493161201477, -2.01824951171875, -4.427298545837402, -1.9327043294906616, -5.705352783203125, -2.0376973152160645, 0.0, 0.0, 2.0, 0.9564063549041748, 0.0, 0.0, 0.0
56412, 1.172605276107788, -0.22991111874580383, 0.009704562835395336, -0.03336526080965996, -0.1697666496038437, 0.06196301057934761, 133499.859375, 153463.96875, 85818.7890625, 132028.09375, 142164.09375, 102659.546875, 0.17408493161201477, -2.01824951171875, -4.427298545837402, -1.9327043294906616, -5.705352783203125, -2.0376973152160645, 0.0, 0.0, 2.0, 1.300248384475708, 0.0, 0.0, 0.0
56432, 1.176339864730835, -0.23114943504333496, 0.009516676887869835, -0.026466622948646545, -0.15777067840099335, 0.06401446461677551, 133471.359375, 153466.265625, 85835.0, 132012.96875, 142158.265625, 102647.921875, 0.17408493161201477, -2.01824951171875, -4.427298545837402, -1.9327043294906616, -5.705352783203125, -2.0376973152160645, 0.0, 0.0, 2.0, 1.2398158311843872, 0.0, 0.0, 0.0
56452, 1.1704752445220947, -0.23324739933013916, 0.010811260901391506, -0.05055756866931915, -0.16451585292816162, 0.08560369908809662, 133470.140625, 153463.96875, 85841.484375, 132006.8125, 142157.765625, 102647.921875, 0.17408493161201477, -2.01824951171875, -4.427298545837402, -1.9327043294906616, -5.705352783203125, -2.0376973152160645, 0.0, 0.0, 2.0, 1.119685411453247, 0.0, 0.0, 0.0
56472, 1.1639262437820435, -0.23802818357944489, 0.011024904437363148, -0.07016009092330933, -0.19730821251869202, 0.10588353872299194, 133472.84375, 153472.75, 85850.9453125, 132000.59375, 142160.046875, 102649.234375, 0.17408493161201477, -2.01824951171875, -4.427298545837402, -1.9327043294906616, -5.705352783203125, -2.0376973152160645, 0.0, 0.0, 2.0, 1.0529680252075195, 0.0, 0.0, 0.0
56492, 1.1610230207443237, -0.2403917759656906, 0.01373895350843668, -0.09912139177322388, -0.195184126496315, 0.1377180814743042, 133459.9375, 153469.421875, 85851.2109375, 131996.6875, 142165.875, 102643.796875, 0.17408493161201477, -2.01824951171875, -4.427298545837402, -1.9327043294906616, -5.705352783203125, -2.0376973152160645, 0.0, 0.0, 2.0, 1.0107860565185547, 0.0, 0.0, 0.0
56512, 1.1531124114990234, -0.2423231452703476, 0.0170726478099823, -0.16098080575466156, -0.17530468106269836, 0.1604631394147873, 133458.28125, 153466.6875, 85857.4296875, 131994.4375, 142145.109375, 102647.171875, 0.17408493161201477, -2.01824951171875, -4.427298545837402, -1.9327043294906616, -5.705352783203125, -2.0376973152160645, 0.0, 0.0, 2.0, 0.9229804873466492, 0.0, 0.0, 0.0
56532, 1.1486796140670776, -0.24583007395267487, 0.020168134942650795, -0.18221108615398407, -0.17944039404392242, 0.18084250390529633, 133464.4375, 153455.59375, 85849.046875, 131991.609375, 142146.890625, 102643.046875, 0.17408493161201477, -2.01824951171875, -4.427298545837402, -1.9327043294906616, -5.705352783203125, -2.0376973152160645, 0.0, 0.0, 2.0, 0.4735741913318634, 0.0, 0.0, 0.0
56552, 1.151118278503418, -0.2510172724723816, 0.026595862582325935, -0.15791577100753784, -0.17911873757839203, 0.2259209156036377, 133456.03125, 153464.390625, 85842.5625, 131983.796875, 142152.71875, 102643.046875, 0.17408493161201477, -2.01824951171875, -4.427298545837402, -1.9327043294906616, -5.705352783203125, -2.0376973152160645, 0.0, 0.0, 2.0, -0.3263782262802124, 0.0, 0.0, 0.0
56572, 1.1440800428390503, -0.2526342272758484, 0.031804557889699936, -0.17898200452327728, -0.21279551088809967, 0.2623092532157898, 133475.703125, 153468.578125, 85832.0234375, 131978.734375, 142144.125, 102638.921875, 0.17408493161201477, -2.01824951171875, -4.427298545837402, -1.9327043294906616, -5.705352783203125, -2.0376973152160645, 0.0, 0.0, 2.0, -0.44246548414230347, 0.0, 0.0, 0.0
56592, 1.1397035121917725, -0.2564905285835266, 0.03692300617694855, -0.17574085295200348, -0.23664918541908264, 0.29991456866264343, 133476.90625, 153463.96875, 85828.515625, 131998.921875, 142152.71875, 102643.796875, 0.17408493161201477, -2.01824951171875, -4.427298545837402, -1.9327043294906616, -5.705352783203125, -2.0376973152160645, 0.0, 0.0, 2.0, -0.5229988694190979, 0.0, 0.0, 0.0
56612, 1.1368674039840698, -0.2632569968700409, 0.0461544394493103, -0.18440911173820496, -0.25507062673568726, 0.3376765549182892, 133485.3125, 153465.84375, 85822.5703125, 131998.921875, 142159.546875, 102642.484375, 0.17408493161201477, -2.01824951171875, -4.427298545837402, -1.9327043294906616, -5.705352783203125, -2.0376973152160645, 0.0, 0.0, 2.0, -0.942608654499054, 0.0, 0.0, 0.0
56632, 1.1345386505126953, -0.27044039964675903, 0.05386186018586159, -0.206018328666687, -0.2813374698162079, 0.3487118184566498, 133488.15625, 153461.65625, 85826.3515625, 132007.328125, 142157.765625, 102651.296875, 0.17408493161201477, -2.01824951171875, -4.427298545837402, -1.9327043294906616, -5.705352783203125, -2.0376973152160645, 0.0, 0.0, 2.0, -1.7233134508132935, 0.0, 0.0, 0.0
56652, 1.1305484771728516, -0.27764931321144104, 0.06327372789382935, -0.2160661816596985, -0.31460824608802795, 0.3785851001739502, 133474.65625, 153466.6875, 85836.890625, 132009.5625, 142153.21875, 102645.859375, 0.17408493161201477, -2.01824951171875, -4.427298545837402, -1.9327043294906616, -5.705352783203125, -2.0376973152160645, 0.0, 0.0, 2.0, -2.3194124698638916, 0.0, 0.0, 0.0
56672, 1.127450704574585, -0.2862913906574249, 0.07188135385513306, -0.21976444125175476, -0.33501219749450684, 0.404041051864624, 133470.59375, 153462.078125, 85845.5390625, 132005.65625, 142150.953125, 102649.984375, 0.17408493161201477, -2.01824951171875, -4.427298545837402, -1.9327043294906616, -5.705352783203125, -2.0376973152160645, 0.0, 0.0, 2.0, -2.8681652545928955, 0.0, 0.0, 0.0
56692, 1.123838186264038, -0.2971578538417816, 0.08361631631851196, -0.2292264848947525, -0.3647218346595764, 0.43956586718559265, 133461.140625, 153466.265625, 85843.375, 131998.921875, 142157.765625, 102661.609375, 0.17408493161201477, -2.01824951171875, -4.427298545837402, -1.9327043294906616, -5.705352783203125, -2.0376973152160645, 0.0, 0.0, 2.0, -3.4842758178710938, 0.0, 0.0, 0.0
56712, 1.1197038888931274, -0.3052595853805542, 0.09354069083929062, -0.23850351572036743, -0.37941139936447144, 0.46455588936805725, 133468.328125, 153466.265625, 85846.34375, 131997.84375, 142155.5, 102650.546875, 0.17408493161201477, -2.01824951171875, -4.427298545837402, -1.9327043294906616, -5.705352783203125, -2.0376973152160645, 0.0, 0.0, 2.0, -4.111194133758545, 0.0, 0.0, 0.0
56732, 1.1155043840408325, -0.3155803680419922, 0.10627281665802002, -0.2484891563653946, -0.40069591999053955, 0.500784158706665, 133462.78125, 153458.9375, 85842.5625, 132013.46875, 142159.546875, 102656.734375, 0.17408493161201477, -2.01824951171875, -4.427298545837402, -1.9327043294906616, -5.705352783203125, -2.0376973152160645, 0.0, 0.0, 2.0, -4.869075298309326, 0.0, 0.0, 0.0
56752, 1.1107592582702637, -0.32358285784721375, 0.11729469150304794, -0.260998398065567, -0.41587620973587036, 0.5303792953491211, 133470.59375, 153466.265625, 85839.59375, 132004.5, 142160.046875, 102647.921875, 0.17408493161201477, -2.01824951171875, -4.427298545837402, -1.9327043294906616, -5.705352783203125, -2.0376973152160645, 0.0, 0.0, 2.0, -5.604274272918701, 0.0, 0.0, 0.0
56772, 1.1053053140640259, -0.33171430230140686, 0.12932559847831726, -0.2795770764350891, -0.427327036857605, 0.566819429397583, 133469.546875, 153461.65625, 85833.109375, 132004.0, 142160.046875, 102652.609375, 0.17408493161201477, -2.01824951171875, -4.427298545837402, -1.9327043294906616, -5.705352783203125, -2.0376973152160645, 0.0, 0.0, 2.0, -6.296954154968262, 0.0, 0.0, 0.0
56792, 1.0992900133132935, -0.3384474515914917, 0.14129970967769623, -0.30108678340911865, -0.4254193603992462, 0.6005185842514038, 133484.09375, 153461.65625, 85825.5390625, 131994.4375, 142160.546875, 102647.171875, 0.17408493161201477, -2.01824951171875, -4.427298545837402, -1.9327043294906616, -5.705352783203125, -2.0376973152160645, 0.0, 0.0, 2.0, -6.803725719451904, 0.0, 0.0, 0.0
56812, 1.0936756134033203, -0.3457736074924469, 0.1501147449016571, -0.31880927085876465, -0.42333921790122986, 0.6119270920753479, 133486.953125, 153465.421875, 85822.5703125, 131996.109375, 142164.59375, 102640.984375, 0.17408493161201477, -2.01824951171875, -4.427298545837402, -1.9327043294906616, -5.705352783203125, -2.0376973152160645, 0.0, 0.0, 2.0, -7.200831413269043, 0.0, 0.0, 0.0
56832, 1.0870180130004883, -0.3537471890449524, 0.1627170443534851, -0.3406663239002228, -0.43232500553131104, 0.6431224942207336, 133484.703125, 153461.65625, 85831.484375, 131992.1875, 142170.421875, 102644.3515625, 0.17408493161201477, -2.01824951171875, -4.427298545837402, -1.9327043294906616, -5.705352783203125, -2.0376973152160645, 0.0, 0.0, 2.0, -7.604631423950195, 0.0, 0.0, 0.0
56852, 1.0800362825393677, -0.36202582716941833, 0.17599132657051086, -0.3681531250476837, -0.43708333373069763, 0.670956552028656, 133486.359375, 153463.96875, 85826.625, 131998.921875, 142161.828125, 102638.921875, 0.17408493161201477, -2.01824951171875, -4.427298545837402, -1.9327043294906616, -5.705352783203125, -2.0376973152160645, 0.0, 0.0, 2.0, -7.9918341636657715, 0.0, 0.0, 0.0
56872, 1.0729838609695435, -0.3693300783634186, 0.18472154438495636, -0.396372526884079, -0.43322646617889404, 0.6722561120986938, 133477.953125, 153469.609375, 85829.328125, 131997.265625, 142168.15625, 102643.796875, 0.17408493161201477, -2.01824951171875, -4.427298545837402, -1.9327043294906616, -5.705352783203125, -2.0376973152160645, 0.0, 0.0, 2.0, -8.400650024414062, 0.0, 0.0, 0.0
56892, 1.0646822452545166, -0.37729084491729736, 0.19851350784301758, -0.42398878931999207, -0.426313191652298, 0.7053648829460144, 133477.34375, 153473.171875, 85844.7265625, 131999.5, 142156.0, 102644.3515625, 0.17408493161201477, -2.01824951171875, -4.427298545837402, -1.9327043294906616, -5.705352783203125, -2.0376973152160645, 0.0, 0.0, 2.0, -8.578974723815918, 0.0, 0.0, 0.0
56912, 1.0558404922485352, -0.38469159603118896, 0.21266509592533112, -0.4647829234600067, -0.4206523597240448, 0.7223696708679199, 133462.1875, 153466.265625, 85849.3203125, 131996.6875, 142168.15625, 102648.484375, 0.17408493161201477, -2.01824951171875, -4.427298545837402, -1.9327043294906616, -5.705352783203125, -2.0376973152160645, 0.0, 0.0, 2.0, -8.427470207214355, 0.0, 0.0, 0.0
56932, 1.046310544013977, -0.39258748292922974, 0.22739161550998688, -0.49598824977874756, -0.42700985074043274, 0.745436429977417, 133462.1875, 153470.875, 85857.6953125, 131989.953125, 142163.59375, 102653.359375, 0.17408493161201477, -2.01824951171875, -4.427298545837402, -1.9327043294906616, -5.705352783203125, -2.0376973152160645, 0.0, 0.0, 2.0, -7.981783390045166, 0.0, 0.0, 0.0
56952, 1.036299467086792, -0.4003816246986389, 0.24013324081897736, -0.5167864561080933, -0.42220014333724976, 0.7619308829307556, 133464.4375, 153473.59375, 85851.2109375, 131991.609375, 142163.59375, 102642.484375, 0.17408493161201477, -2.01824951171875, -4.427298545837402, -1.9327043294906616, -5.705352783203125, -2.0376973152160645, 0.0, 0.0, 2.0, -7.545480251312256, 0.0, 0.0, 0.0
56972, 1.0257573127746582, -0.40803149342536926, 0.25565212965011597, -0.5449690818786621, -0.4105079174041748, 0.7852954864501953, 133465.03125, 153465.421875, 85852.2890625, 131992.1875, 142163.109375, 102646.421875, 0.17408493161201477, -2.01824951171875, -4.427298545837402, -1.9327043294906616, -5.705352783203125, -2.0376973152160645, 0.0, 0.0, 2.0, -7.4044599533081055, 0.0, 0.0, 0.0
56992, 1.0145083665847778, -0.41648340225219727, 0.26931264996528625, -0.5770406126976013, -0.38397806882858276, 0.7949079275131226, 133468.9375, 153459.359375, 85840.9453125, 132001.171875, 142153.21875, 102653.359375, 0.17408493161201477, -2.01824951171875, -4.427298545837402, -1.9327043294906616, -5.705352783203125, -2.0376973152160645, 0.0, 0.0, 2.0, -7.651283264160156, 0.0, 0.0, 0.0
57012, 1.0027024745941162, -0.4233624339103699, 0.28546133637428284, -0.6056380867958069, -0.3475699722766876, 0.8185093402862549, 133490.25, 153461.65625, 85822.5703125, 131994.4375, 142155.5, 102652.609375, 0.17408493161201477, -2.01824951171875, -4.427298545837402, -1.9327043294906616, -5.705352783203125, -2.0376973152160645, 0.0, 0.0, 2.0, -8.094405174255371, 0.0, 0.0, 0.0
57032, 0.9907419681549072, -0.4290525019168854, 0.30303123593330383, -0.6263056993484497, -0.3131335377693176, 0.8496719598770142, 133493.71875, 153458.515625, 85827.703125, 132004.5, 142160.828125, 102656.734375, 0.17408493161201477, -2.01824951171875, -4.427298545837402, -1.9327043294906616, -5.705352783203125, -2.0376973152160645, 0.0, 0.0, 2.0, -8.601861000061035, 0.0, 0.0, 0.0
57052, 0.9780924916267395, -0.43381211161613464, 0.32034605741500854, -0.6443839073181152, -0.27389639616012573, 0.8816584348678589, 133492.0625, 153459.359375, 85826.625, 132002.828125, 142161.328125, 102657.484375, 0.17408493161201477, -2.01824951171875, -4.427298545837402, -1.9327043294906616, -5.705352783203125, -2.0376973152160645, 0.0, 0.0, 2.0, -8.973106384277344, 0.0, 0.0, 0.0
57072, 0.9658652544021606, -0.43718037009239197, 0.3384137451648712, -0.664208710193634, -0.22604067623615265, 0.9141128659248352, 133486.953125, 153468.140625, 85828.515625, 132005.078125, 142160.328125, 102655.421875, 0.17408493161201477, -2.01824951171875, -4.427298545837402, -1.9327043294906616, -5.705352783203125, -2.0376973152160645, 0.0, 0.0, 2.0, -9.21104907989502, 0.0, 0.0, 0.0
57092, 0.9511203169822693, -0.44222769141197205, 0.35414251685142517, -0.6998335719108582, -0.17208179831504822, 0.9230574369430542, 133485.75, 153467.71875, 85831.21875, 132020.203125, 142159.046875, 102651.296875, 0.17408493161201477, -2.01824951171875, -4.427298545837402, -1.9327043294906616, -5.705352783203125, -2.0376973152160645, 0.0, 0.0, 2.0, -9.535697937011719, 0.0, 0.0, 0.0
57112, 0.9363590478897095, -0.4446695148944855, 0.37285086512565613, -0.7397676706314087, -0.11563820391893387, 0.9526069164276123, 133472.84375, 153461.65625, 85846.6171875, 132007.90625, 142156.78125, 102650.546875, 0.17408493161201477, -2.01824951171875, -4.427298545837402, -1.9327043294906616, -5.705352783203125, -2.0376973152160645, 0.0, 0.0, 2.0, -9.93917179107666, 0.0, 0.0, 0.0
57132, 0.9206879138946533, -0.4450235664844513, 0.39084547758102417, -0.7798076272010803, -0.046424973756074905, 0.9761847853660583, 133468.9375, 153474.625, 85852.2890625, 132007.328125, 142163.109375, 102647.7265625, 0.17408493161201477, -2.01824951171875, -4.427298545837402, -1.9327043294906616, -5.705352783203125, -2.0376973152160645, 0.0, 0.0, 2.0, -10.58797550201416, 0.0, 0.0, 0.0
57152, 0.904596745967865, -0.44520071148872375, 0.4106758236885071, -0.8129852414131165, 0.01637750118970871, 1.008652687072754, 133468.9375, 153478.8125, 85856.078125, 132002.25, 142152.71875, 102646.421875, 0.17408493161201477, -2.01824951171875, -4.427298545837402, -1.9327043294906616, -5.705352783203125, -2.0376973152160645, 0.0, 0.0, 2.0, -11.350929260253906, 0.0, 0.0, 0.0
57172, 0.8879186511039734, -0.44519394636154175, 0.4312075078487396, -0.8499635457992554, 0.07607970386743546, 1.0406482219696045, 133466.078125, 153472.328125, 85856.078125, 131997.765625, 142148.171875, 102650.546875, 0.17408493161201477, -2.01824951171875, -4.427298545837402, -1.9327043294906616, -5.705352783203125, -2.0376973152160645, 0.0, 0.0, 2.0, -12.024601936340332, 0.0, 0.0, 0.0
57192, 0.8716207146644592, -0.4428023099899292, 0.4523220956325531, -0.8888078331947327, 0.1393824964761734, 1.0624126195907593, 133475.703125, 153475.0625, 85848.5078125, 132000.015625, 142155.28125, 102643.6015625, 0.17408493161201477, -2.01824951171875, -4.427298545837402, -1.9327043294906616, -5.705352783203125, -2.0376973152160645, 0.0, 0.0, 2.0, -12.509281158447266, 0.0, 0.0, 0.0
57212, 0.8532180786132812, -0.4394777715206146, 0.4727742671966553, -0.9304518699645996, 0.20609316229820251, 1.0685529708862305, 133472.40625, 153474.625, 85839.859375, 131998.34375, 142156.78125, 102650.546875, 0.17408493161201477, -2.01824951171875, -4.427298545837402, -1.9327043294906616, -5.705352783203125, -2.0376973152160645, 0.0, 0.0, 2.0, -13.046940803527832, 0.0, 0.0, 0.0
57232, 0.8340681195259094, -0.4339674413204193, 0.49417346715927124, -0.9728521704673767, 0.27606308460235596, 1.0737888813018799, 133479.59375, 153467.296875, 85832.296875, 132000.015625, 142158.046875, 102653.921875, 0.17408493161201477, -2.01824951171875, -4.427298545837402, -1.9327043294906616, -5.705352783203125, -2.0376973152160645, 0.0, 0.0, 2.0, -13.684042930603027, 0.0, 0.0, 0.0
57252, 0.8145346641540527, -0.42702966928482056, 0.5168545246124268, -1.0075169801712036, 0.3333319425582886, 1.0859959125518799, 133489.65625, 153471.90625, 85830.40625, 131998.34375, 142158.046875, 102652.609375, 0.17408493161201477, -2.01824951171875, -4.427298545837402, -1.9327043294906616, -5.705352783203125, -2.0376973152160645, 0.0, 0.0, 2.0, -14.323882102966309, 0.0, 0.0, 0.0
57272, 0.7938868999481201, -0.4198557734489441, 0.5385918021202087, -1.0371192693710327, 0.38525956869125366, 1.0884681940078735, 133492.5, 153468.140625, 85835.265625, 132005.578125, 142156.28125, 102653.921875, 0.17408493161201477, -2.01824951171875, -4.427298545837402, -1.9327043294906616, -5.705352783203125, -2.0376973152160645, 0.0, 0.0, 2.0, -14.972452163696289, 0.0, 0.0, 0.0
57292, 0.7728699445724487, -0.411129355430603, 0.5603445172309875, -1.0642036199569702, 0.4328902065753937, 1.078514814376831, 133485.140625, 153467.71875, 85833.375, 132002.25, 142152.21875, 102652.4140625, 0.17408493161201477, -2.01824951171875, -4.427298545837402, -1.9327043294906616, -5.705352783203125, -2.0376973152160645, 0.0, 0.0, 2.0, -15.74939250946045, 0.0, 0.0, 0.0
57312, 0.751071572303772, -0.4017108082771301, 0.5816230177879333, -1.09203040599823, 0.4763212203979492, 1.050657033920288, 133476.296875, 153474.625, 85842.8359375, 132004.5, 142160.828125, 102643.046875, 0.17408493161201477, -2.01824951171875, -4.427298545837402, -1.9327043294906616, -5.705352783203125, -2.0376973152160645, 0.0, 0.0, 2.0, -16.68692398071289, 0.0, 0.0, 0.0
57332, 0.728952169418335, -0.3913959860801697, 0.602374792098999, -1.1080726385116577, 0.5129267573356628, 1.0264703035354614, 133481.25, 153471.90625, 85839.046875, 132002.25, 142168.15625, 102646.421875, 0.17408493161201477, -2.01824951171875, -4.427298545837402, -1.9327043294906616, -5.705352783203125, -2.0376973152160645, 0.0, 0.0, 2.0, -17.596359252929688, 0.0, 0.0, 0.0
57352, 0.7064611911773682, -0.38072800636291504, 0.621288001537323, -1.1097766160964966, 0.5512040853500366, 0.9924197196960449, 133468.328125, 153469.609375, 85848.5078125, 132014.0625, 142159.046875, 102653.1640625, 0.17408493161201477, -2.01824951171875, -4.427298545837402, -1.9327043294906616, -5.705352783203125, -2.0376973152160645, 0.0, 0.0, 2.0, -18.409421920776367, 0.0, 0.0, 0.0
57372, 0.6847242712974548, -0.36785605549812317, 0.640754222869873, -1.0995486974716187, 0.5960289835929871, 0.9535894393920898, 133479.0, 153471.90625, 85838.2421875, 132007.328125, 142165.875, 102646.2265625, 0.17408493161201477, -2.01824951171875, -4.427298545837402, -1.9327043294906616, -5.705352783203125, -2.0376973152160645, 0.0, 0.0, 2.0, -19.139331817626953, 0.0, 0.0, 0.0
57392, 0.6622333526611328, -0.3560476005077362, 0.661514401435852, -1.0870022773742676, 0.6334356069564819, 0.9180781841278076, 133475.09375, 153473.78125, 85840.1328125, 132008.984375, 142164.875, 102644.9140625, 0.17408493161201477, -2.01824951171875, -4.427298545837402, -1.9327043294906616, -5.705352783203125, -2.0376973152160645, 0.0, 0.0, 2.0, -19.884090423583984, 0.0, 0.0, 0.0
57412, 0.6400663256645203, -0.3429511785507202, 0.6794606447219849, -1.0697587728500366, 0.6540495157241821, 0.8791202902793884, 133475.09375, 153467.71875, 85827.703125, 132004.5, 142163.59375, 102645.6640625, 0.17408493161201477, -2.01824951171875, -4.427298545837402, -1.9327043294906616, -5.705352783203125, -2.0376973152160645, 0.0, 0.0, 2.0, -20.397985458374023, 0.0, 0.0, 0.0
57432, 0.6184836626052856, -0.3293039798736572, 0.6991303563117981, -1.0634182691574097, 0.6518755555152893, 0.846064567565918, 133481.84375, 153474.625, 85825.5390625, 132005.65625, 142159.046875, 102639.4765625, 0.17408493161201477, -2.01824951171875, -4.427298545837402, -1.9327043294906616, -5.705352783203125, -2.0376973152160645, 0.0, 0.0, 2.0, -20.77640151977539, 0.0, 0.0, 0.0
57452, 0.5958733558654785, -0.31565308570861816, 0.7155281901359558, -1.0590485334396362, 0.6475370526313782, 0.7998924255371094, 133494.765625, 153464.578125, 85825.0, 132006.15625, 142158.046875, 102646.9765625, 0.17408493161201477, -2.01824951171875, -4.427298545837402, -1.9327043294906616, -5.705352783203125, -2.0376973152160645, 0.0, 0.0, 2.0, -20.851802825927734, 0.0, 0.0, 0.0
57472, 0.5734432339668274, -0.30085399746894836, 0.7273216247558594, -1.0527278184890747, 0.6538191437721252, 0.736608624458313, 133497.609375, 153467.296875, 85819.0546875, 132005.078125, 142160.328125, 102642.8515625, 0.17408493161201477, -2.01824951171875, -4.427298545837402, -1.9327043294906616, -5.705352783203125, -2.0376973152160645, 0.0, 0.0, 2.0, -20.556528091430664, 0.0, 0.0, 0.0
57492, 0.5519349575042725, -0.287863552570343, 0.7416565418243408, -1.0310876369476318, 0.6518056988716125, 0.6993932127952576, 133495.96875, 153471.484375, 85816.3515625, 132012.890625, 142155.0, 102640.7890625, 0.17408493161201477, -2.01824951171875, -4.427298545837402, -1.9327043294906616, -5.705352783203125, -2.0376973152160645, 0.0, 0.0, 2.0, -20.324954986572266, 0.0, 0.0, 0.0
57512, 0.5385905504226685, -0.28241661190986633, 0.7514256834983826, -1.0203739404678345, 0.641573965549469, 0.6932533979415894, 133500.46875, 153467.296875, 85820.9453125, 132014.0625, 142160.828125, 102643.6015625, 0.17408493161201477, -2.01824951171875, -4.427298545837402, -1.9327043294906616, -5.705352783203125, -2.0376973152160645, 0.0, 0.0, 2.0, -20.00954818725586, 0.0, 0.0, 0.0
57532, 0.5179961323738098, -0.27002063393592834, 0.7649536728858948, -1.009331226348877, 0.6178537011146545, 0.6603084206581116, 133490.859375, 153471.90625, 85823.921875, 132022.453125, 142160.828125, 102643.046875, 0.17408493161201477, -2.01824951171875, -4.427298545837402, -1.9327043294906616, -5.705352783203125, -2.0376973152160645, 0.0, 0.0, 2.0, -19.355609893798828, 0.0, 0.0, 0.0
57552, 0.4862504005432129, -0.2541753351688385, 0.7873589396476746, -0.9798202514648438, 0.6107963919639587, 0.6483868360519409, 133481.84375, 153471.484375, 85833.109375, 132017.96875, 142156.28125, 102639.4765625, 0.17408493161201477, -2.01824951171875, -4.427298545837402, -1.9327043294906616, -5.705352783203125, -2.0376973152160645, 0.0, 0.0, 2.0, -18.616317749023438, 0.0, 0.0, 0.0
57572, 0.4670206904411316, -0.24287714064121246, 0.8000936508178711, -0.9442870020866394, 0.6097415089607239, 0.6227849125862122, 133481.25, 153476.09375, 85837.15625, 132012.390625, 142162.609375, 102638.1640625, 0.17408493161201477, -2.01824951171875, -4.427298545837402, -1.9327043294906616, -5.705352783203125, -2.0376973152160645, 0.0, 0.0, 2.0, -18.064529418945312, 0.0, 0.0, 0.0
57592, 0.4461379647254944, -0.23093949258327484, 0.8121910095214844, -0.9120690822601318, 0.5953050851821899, 0.5891464948654175, 133481.84375, 153474.203125, 85840.671875, 131998.34375, 142161.328125, 102642.8515625, 0.17408493161201477, -2.01824951171875, -4.427298545837402, -1.9327043294906616, -5.705352783203125, -2.0376973152160645, 0.0, 0.0, 2.0, -17.058290481567383, 0.0, 0.0, 0.0
57612, 0.42826318740844727, -0.21969342231750488, 0.8235920667648315, -0.8735620379447937, 0.5638056397438049, 0.5521113872528076, 133473.4375, 153481.125, 85842.8359375, 131997.765625, 142158.546875, 102633.2890625, 0.17408493161201477, -2.01824951171875, -4.427298545837402, -1.9327043294906616, -5.705352783203125, -2.0376973152160645, 0.0, 0.0, 2.0, -15.673123359680176, 0.0, 0.0, 0.0
57632, 0.4107781648635864, -0.20772022008895874, 0.834358811378479, -0.8252168297767639, 0.524502158164978, 0.5270792841911316, 133470.59375, 153478.8125, 85839.859375, 131989.953125, 142162.609375, 102632.5390625, 0.17408493161201477, -2.01824951171875, -4.427298545837402, -1.9327043294906616, -5.705352783203125, -2.0376973152160645, 0.0, 0.0, 2.0, -13.83371353149414, 0.0, 0.0, 0.0
57652, 0.4018663465976715, -0.2043425440788269, 0.8414902687072754, -0.799189567565918, 0.5047529339790344, 0.5265981554985046, 133475.703125, 153471.484375, 85834.1875, 131992.703125, 142162.609375, 102631.2265625, 0.17408493161201477, -2.01824951171875, -4.427298545837402, -1.9327043294906616, -5.705352783203125, -2.0376973152160645, 0.0, 0.0, 2.0, -11.959661483764648, 0.0, 0.0, 0.0
57672, 0.3854641914367676, -0.1938963234424591, 0.8517488837242126, -0.7609472274780273, 0.48700687289237976, 0.4990561604499817, 133487.5625, 153477.96875, 85828.515625, 131989.375, 142154.0, 102630.4765625, 0.17408493161201477, -2.01824951171875, -4.427298545837402, -1.9327043294906616, -5.705352783203125, -2.0376973152160645, 0.0, 0.0, 2.0, -10.22304630279541, 0.0, 0.0, 0.0
57692, 0.3708701729774475, -0.18510651588439941, 0.8619509339332581, -0.7348632216453552, 0.48407724499702454, 0.4737279415130615, 133490.25, 153471.484375, 85825.5390625, 132003.921875, 142162.609375, 102634.0390625, 0.17408493161201477, -2.01824951171875, -4.427298545837402, -1.9327043294906616, -5.705352783203125, -2.0376973152160645, 0.0, 0.0, 2.0, -9.119093894958496, 0.0, 0.0, 0.0
57712, 0.35648855566978455, -0.17595718801021576, 0.8712006211280823, -0.7020944356918335, 0.4779483675956726, 0.45161253213882446, 133499.265625, 153469.609375, 85829.59375, 131989.375, 142158.546875, 102645.6640625, 0.17408493161201477, -2.01824951171875, -4.427298545837402, -1.9327043294906616, -5.705352783203125, -2.0376973152160645, 0.0, 0.0, 2.0, -8.332769393920898, 0.0, 0.0, 0.0
57732, 0.34296876192092896, -0.16655248403549194, 0.8796087503433228, -0.6642763614654541, 0.4511035084724426, 0.42120954394340515, 133493.71875, 153466.875, 85832.296875, 132001.171875, 142164.375, 102640.2265625, 0.17408493161201477, -2.01824951171875, -4.427298545837402, -1.9327043294906616, -5.705352783203125, -2.0376973152160645, 0.0, 0.0, 2.0, -7.483743190765381, 0.0, 0.0, 0.0
57752, 0.3309178650379181, -0.16062116622924805, 0.8876355290412903, -0.637223482131958, 0.417593389749527, 0.3809586465358734, 133484.703125, 153469.171875, 85835.265625, 132004.5, 142159.828125, 102651.1015625, 0.17408493161201477, -2.01824951171875, -4.427298545837402, -1.9327043294906616, -5.705352783203125, -2.0376973152160645, 0.0, 0.0, 2.0, -6.467675685882568, 0.0, 0.0, 0.0
57772, 0.317615270614624, -0.15208002924919128, 0.8945538401603699, -0.6142045855522156, 0.3908061385154724, 0.34484556317329407, 133485.75, 153465.0, 85837.96875, 132019.625, 142158.546875, 102649.0390625, 0.17408493161201477, -2.01824951171875, -4.427298545837402, -1.9327043294906616, -5.705352783203125, -2.0376973152160645, 0.0, 0.0, 2.0, -5.066748142242432, 0.0, 0.0, 0.0
57792, 0.30538514256477356, -0.1439177542924881, 0.9012110233306885, -0.5735949277877808, 0.34951165318489075, 0.3217009902000427, 133475.703125, 153469.609375, 85837.15625, 132014.640625, 142154.5, 102653.1640625, 0.17408493161201477, -2.01824951171875, -4.427298545837402, -1.9327043294906616, -5.705352783203125, -2.0376973152160645, 0.0, 0.0, 2.0, -3.43465256690979, 0.0, 0.0, 0.0
57812, 0.29398593306541443, -0.13874326646327972, 0.908174455165863, -0.5258911848068237, 0.2961958348751068, 0.30713018774986267, 133488.0, 153476.09375, 85840.671875, 132017.390625, 142158.046875, 102644.9140625, 0.17408493161201477, -2.01824951171875, -4.427298545837402, -1.9327043294906616, -5.705352783203125, -2.0376973152160645, 0.0, 0.0, 2.0, -1.6738789081573486, 0.0, 0.0, 0.0
57832, 0.2828771471977234, -0.13307343423366547, 0.9141287207603455, -0.4888077676296234, 0.2581258714199066, 0.2884877324104309, 133483.5, 153481.546875, 85835.265625, 132021.296875, 142169.4375, 102636.6640625, 0.17408493161201477, -2.01824951171875, -4.427298545837402, -1.9327043294906616, -5.705352783203125, -2.0376973152160645, 0.0, 0.0, 2.0, 0.16027970612049103, 0.0, 0.0, 0.0
57852, 0.2701817452907562, -0.12819576263427734, 0.9218940734863281, -0.4709913432598114, 0.23975770175457, 0.28635671734809875, 133477.953125, 153475.671875, 85839.046875, 132001.671875, 142169.4375, 102629.1640625, 0.17408493161201477, -2.01824951171875, -4.427298545837402, -1.9327043294906616, -5.705352783203125, -2.0376973152160645, 0.0, 0.0, 2.0, 1.7113028764724731, 0.0, 0.0, 0.0
57872, 0.2590334415435791, -0.12395840138196945, 0.9275224208831787, -0.46845266222953796, 0.23798955976963043, 0.27644115686416626, 133484.703125, 153478.390625, 85836.3515625, 131992.703125, 142156.28125, 102627.1015625, 0.17408493161201477, -2.01824951171875, -4.427298545837402, -1.9327043294906616, -5.705352783203125, -2.0376973152160645, 0.0, 0.0, 2.0, 2.8707799911499023, 0.0, 0.0, 0.0
57892, 0.24771791696548462, -0.11861801892518997, 0.9331821203231812, -0.46754685044288635, 0.2284083217382431, 0.26227861642837524, 133481.84375, 153467.296875, 85836.3515625, 131972.5, 142154.0, 102622.2265625, 0.17408493161201477, -2.01824951171875, -4.427298545837402, -1.9327043294906616, -5.705352783203125, -2.0376973152160645, 0.0, 0.0, 2.0, 3.8069961071014404, 0.0, 0.0, 0.0
57912, 0.26832401752471924, -0.11122199892997742, 0.8864368796348572, -0.3873491883277893, 0.23934094607830048, -2.0168308765278198e-06, 133479.59375, 153478.390625, 85839.046875, 131971.421875, 142157.5625, 102627.1015625, 0.17408493161201477, -2.01824951171875, -4.427298545837402, -1.9327043294906616, -5.705352783203125, -2.0376973152160645, 0.0, 0.0, 2.0, 3.916329860687256, 0.0, 0.0, 0.0
57932, 0.26166728138923645, -0.10773754864931107, 0.8864430785179138, -0.3792860805988312, 0.22019153833389282, 0.0008269637473858893, 133479.0, 153467.296875, 85845.5390625, 131970.84375, 142153.5, 102633.2890625, 0.17408493161201477, -2.01824951171875, -4.427298545837402, -1.9327043294906616, -5.705352783203125, -2.0376973152160645, 0.0, 0.0, 2.0, 4.738471031188965, 0.0, 0.0, 0.0
57952, 0.4945042133331299, -0.09301336109638214, 0.5168924927711487, 0.08201300352811813, 0.473702609539032, -1.9488182067871094, 133473.4375, 153469.171875, 85846.6171875, 131993.28125, 142159.828125, 102651.1015625, 0.17408493161201477, -2.01824951171875, -4.427298545837402, -1.9327043294906616, -5.705352783203125, -2.0376973152160645, 0.0, 0.0, 2.0, -1.4997886419296265, 0.0, 0.0, 0.0
57972, 0.49853432178497314, -0.09100820124149323, 0.47773507237434387, 0.0830184668302536, 0.4405408501625061, -1.9683418273925781, 133479.0, 153465.0, 85845.8046875, 132010.0625, 142159.828125, 102647.7265625, 0.17408493161201477, -2.01824951171875, -4.427298545837402, -1.9327043294906616, -5.705352783203125, -2.0376973152160645, 0.0, 0.0, 2.0, -0.08598154038190842, 0.0, 0.0, 0.0
57992, 0.6790674924850464, -0.07498349249362946, 0.25481006503105164, 0.36525020003318787, 0.47421279549598694, -2.9882559776306152, 133486.359375, 153462.6875, 85838.2421875, 132015.140625, 142169.4375, 102652.4140625, 0.17408493161201477, -2.01824951171875, -4.427298545837402, -1.9327043294906616, -5.705352783203125, -2.0376973152160645, 0.0, 0.0, 2.0, -6.048909664154053, 0.0, 0.0, 0.0
58012, 0.6399832367897034, -0.05664118006825447, 0.19620998203754425, 0.31866657733917236, 0.5026903748512268, -2.9786672592163086, 133503.765625, 153466.875, 85829.59375, 132028.609375, 142162.109375, 102650.3515625, 0.17408493161201477, -2.01824951171875, -4.427298545837402, -1.9327043294906616, -5.705352783203125, -2.0376973152160645, 0.0, 0.0, 2.0, -3.190110921859741, 0.0, 0.0, 0.0
58032, 0.6217918395996094, 0.05106322839856148, 0.0788956731557846, 0.33530184626579285, 0.668989896774292, -3.289781332015991, 133486.359375, 153476.515625, 85834.453125, 132035.34375, 142162.609375, 102644.9140625, 0.17408493161201477, -2.01824951171875, -4.427298545837402, -1.9327043294906616, -5.705352783203125, -2.0376973152160645, 0.0, 0.0, 2.0, -2.6159656047821045, 0.0, 0.0, 0.0
58052, 0.5840531587600708, 0.11838535219430923, 0.014826600439846516, 0.3072434067726135, 0.728805661201477, -3.2692599296569824, 133481.84375, 153475.671875, 85837.15625, 132028.03125, 142169.4375, 102631.2265625, 0.17408493161201477, -2.01824951171875, -4.427298545837402, -1.9327043294906616, -5.705352783203125, -2.0376973152160645, 0.0, 0.0, 2.0, -0.011163693852722645, 0.0, 0.0, 0.0
58072, 0.5863156318664551, 0.1014518067240715, -0.023160602897405624, 0.35652583837509155, 0.6274337768554688, -3.125671148300171, 133485.75, 153473.78125, 85840.9453125, 132009.5625, 142162.109375, 102632.5390625, 0.17408493161201477, -2.01824951171875, -4.427298545837402, -1.9327043294906616, -5.705352783203125, -2.0376973152160645, 0.0, 0.0, 2.0, 1.9359465837478638, 0.0, 0.0, 0.0
58092, 0.5680396556854248, 0.15258170664310455, -0.08377450704574585, 0.35677391290664673, 0.6511781811714172, -3.1351850032806396, 133472.84375, 153469.609375, 85845.8046875, 131994.9375, 142154.5, 102644.9140625, 0.17408493161201477, -2.01824951171875, -4.427298545837402, -1.9327043294906616, -5.705352783203125, -2.0376973152160645, 0.0, 0.0, 2.0, 3.2553160190582275, 0.0, 0.0, 0.0
58112, 0.5756205916404724, 0.0956110954284668, -0.08289238810539246, 0.31317299604415894, 0.5020548701286316, -2.7919106483459473, 133479.0, 153469.609375, 85839.046875, 131991.03125, 142159.828125, 102636.6640625, 0.17408493161201477, -2.01824951171875, -4.427298545837402, -1.9327043294906616, -5.705352783203125, -2.0376973152160645, 0.0, 0.0, 2.0, 3.687098979949951, 0.0, 0.0, 0.0
58132, 0.5511221885681152, 0.13390180468559265, -0.13510625064373016, 0.27541959285736084, 0.53665691614151, -2.7712504863739014, 133495.359375, 153462.6875, 85834.1875, 131990.453125, 142163.875, 102644.3515625, 0.17408493161201477, -2.01824951171875, -4.427298545837402, -1.9327043294906616, -5.705352783203125, -2.0376973152160645, 0.0, 0.0, 2.0, 4.552189350128174, 0.0, 0.0, 0.0
58152, 0.5325427055358887, 0.1668897569179535, -0.1871473640203476, 0.23787225782871246, 0.5710512399673462, -2.7643589973449707, 133501.515625, 153462.6875, 85835.5390625, 132003.921875, 142160.828125, 102663.484375, 0.17408493161201477, -2.01824951171875, -4.427298545837402, -1.9327043294906616, -5.705352783203125, -2.0376973152160645, 0.0, 0.0, 2.0, 4.759018898010254, 0.0, 0.0, 0.0
58172, 0.5801950097084045, 0.07181474566459656, -0.1446051150560379, 0.2772056460380554, 0.3224923014640808, -2.279782772064209, 133493.109375, 153458.078125, 85835.265625, 132006.75, 142159.046875, 102655.2265625, 0.17408493161201477, -2.01824951171875, -4.427298545837402, -1.9327043294906616, -5.705352783203125, -2.0376973152160645, 0.0, 0.0, 2.0, 6.2451276779174805, 0.0, 0.0, 0.0
58192, 0.5702494382858276, 0.0849200189113617, -0.18906541168689728, 0.2967170774936676, 0.31084588170051575, -2.256913185119629, 133492.5, 153469.609375, 85840.9453125, 131998.34375, 142160.328125, 102651.8515625, 0.17408493161201477, -2.01824951171875, -4.427298545837402, -1.9327043294906616, -5.705352783203125, -2.0376973152160645, 0.0, 0.0, 2.0, 7.592667579650879, 0.0, 0.0, 0.0
58212, 0.6292651295661926, -0.0026155279483646154, -0.1467604786157608, 0.3866870105266571, 0.11331959068775177, -1.7958958148956299, 133482.296875, 153476.515625, 85849.5859375, 131983.71875, 142162.609375, 102618.1015625, 0.17408493161201477, -2.01824951171875, -4.427298545837402, -1.9327043294906616, -5.705352783203125, -2.0376973152160645, 0.0, 0.0, 2.0, 8.595210075378418, 0.0, 0.0, 0.0
58232, 0.6297469735145569, -0.004026034846901894, -0.18173550069332123, 0.3859902322292328, 0.10864464193582535, -1.7910436391830444, 133465.484375, 153500.578125, 85866.6171875, 131960.703125, 142164.375, 102596.9140625, 0.17408493161201477, -2.01824951171875, -4.427298545837402, -1.9327043294906616, -5.705352783203125, -2.0376973152160645, 0.0, 0.0, 2.0, 9.744717597961426, 0.0, 0.0, 0.0
58252, 0.6788248419761658, -0.06216234713792801, -0.13212089240550995, 0.429911732673645, -0.03707980364561081, -1.3269901275634766, 133471.625, 153494.515625, 85870.3984375, 131952.890625, 142172.984375, 102593.3515625, 0.17408493161201477, -2.01824951171875, -4.427298545837402, -1.9327043294906616, -5.705352783203125, -2.0376973152160645, 0.0, 0.0, 2.0, 9.47435188293457, 0.0, 0.0, 0.0
58272, 0.6792859435081482, -0.06338998675346375, -0.15796631574630737, 0.4094485342502594, -0.04204578697681427, -1.3047040700912476, 133469.984375, 153501.0, 85862.828125, 131963.53125, 142166.65625, 102602.3515625, 0.17408493161201477, -2.01824951171875, -4.427298545837402, -1.9327043294906616, -5.705352783203125, -2.0376973152160645, 0.0, 0.0, 2.0, 10.47158432006836, 0.0, 0.0, 0.0
58292, 0.711851954460144, -0.09886826574802399, -0.10910353809595108, 0.43178439140319824, -0.10813619941473007, -0.8755534291267395, 133471.625, 153471.484375, 85840.1328125, 132003.921875, 142166.65625, 102624.2890625, 0.17408493161201477, -2.01824951171875, -4.427298545837402, -1.9327043294906616, -5.705352783203125, -2.0376973152160645, 0.0, 0.0, 2.0, 9.638482093811035, 0.0, 0.0, 0.0
58312, 0.7127261757850647, -0.10078775137662888, -0.12470263987779617, 0.4177541136741638, -0.10559727251529694, -0.8111264109611511, 133519.53125, 153448.875, 85826.078125, 132053.296875, 142166.65625, 102655.984375, 0.17408493161201477, -2.01824951171875, -4.427298545837402, -1.9327043294906616, -5.705352783203125, -2.0376973152160645, 0.0, 0.0, 2.0, 10.386140823364258, 0.0, 0.0, 0.0
58332, 0.736477792263031, -0.12492060661315918, -0.07672309875488281, 0.4148521423339844, -0.13117621839046478, -0.41656729578971863, 133547.171875, 153448.03125, 85813.6484375, 132077.40625, 142173.484375, 102673.796875, 0.17408493161201477, -2.01824951171875, -4.427298545837402, -1.9327043294906616, -5.705352783203125, -2.0376973152160645, 0.0, 0.0, 2.0, 9.139721870422363, 0.0, 0.0, 0.0
58352, 0.7372207641601562, -0.12845821678638458, -0.08180831372737885, 0.3890816569328308, -0.12227348983287811, -0.3771449327468872, 133557.21875, 153440.078125, 85807.1640625, 132073.484375, 142168.9375, 102689.546875, 0.17408493161201477, -2.01824951171875, -4.427298545837402, -1.9327043294906616, -5.705352783203125, -2.0376973152160645, 0.0, 0.0, 2.0, 9.008952140808105, 0.0, 0.0, 0.0
58372, 0.7528668642044067, -0.14558400213718414, -0.04626844450831413, 0.37930193543434143, -0.13397666811943054, -0.11533252894878387, 133535.296875, 153451.171875, 85813.6484375, 132071.25, 142171.703125, 102683.359375, 0.17408493161201477, -2.01824951171875, -4.427298545837402, -1.9327043294906616, -5.705352783203125, -2.0376973152160645, 0.0, 0.0, 2.0, 8.325003623962402, 0.0, 0.0, 0.0
58392, 0.7547093629837036, -0.15177594125270844, -0.045996688306331635, 0.3499945104122162, -0.12326444685459137, -0.09204033017158508, 133491.90625, 153455.359375, 85839.046875, 132032.515625, 142163.109375, 102668.921875, 0.17408493161201477, -2.01824951171875, -4.427298545837402, -1.9327043294906616, -5.705352783203125, -2.0376973152160645, 0.0, 0.0, 2.0, 6.240774154663086, 0.0, 0.0, 0.0
58412, 0.7639544606208801, -0.16341260075569153, -0.01784466952085495, 0.34314051270484924, -0.11278033256530762, 0.07144669443368912, 133466.078125, 153469.171875, 85866.6171875, 131979.234375, 142168.9375, 102635.3515625, 0.17408493161201477, -2.01824951171875, -4.427298545837402, -1.9327043294906616, -5.705352783203125, -2.0376973152160645, 0.0, 0.0, 2.0, 4.558985233306885, 0.0, 0.0, 0.0
58432, 0.7659534811973572, -0.17100588977336884, -0.014441926032304764, 0.31628796458244324, -0.10296061635017395, 0.0749615803360939, 133458.71875, 153484.875, 85876.8828125, 131950.640625, 142166.65625, 102618.8515625, 0.17408493161201477, -2.01824951171875, -4.427298545837402, -1.9327043294906616, -5.705352783203125, -2.0376973152160645, 0.0, 0.0, 2.0, 2.1414732933044434, 0.0, 0.0, 0.0
58452, 0.7677901983261108, -0.17870976030826569, -0.010782990604639053, 0.28727537393569946, -0.09398167580366135, 0.08946308493614197, 133460.96875, 153494.515625, 85879.859375, 131941.671875, 142172.984375, 102610.6015625, 0.17408493161201477, -2.01824951171875, -4.427298545837402, -1.9327043294906616, -5.705352783203125, -2.0376973152160645, 0.0, 0.0, 2.0, -0.15938304364681244, 0.0, 0.0, 0.0
58472, 0.7718403339385986, -0.18649134039878845, 0.01132239680737257, 0.26549145579338074, -0.07591359317302704, 0.20649951696395874, 133464.875, 153485.71875, 85874.1796875, 131952.296875, 142166.65625, 102609.09375, 0.17408493161201477, -2.01824951171875, -4.427298545837402, -1.9327043294906616, -5.705352783203125, -2.0376973152160645, 0.0, 0.0, 2.0, -2.5334017276763916, 0.0, 0.0, 0.0
58492, 0.772991418838501, -0.19401784241199493, 0.017091887071728706, 0.2343720942735672, -0.06601101905107498, 0.21901902556419373, 133468.328125, 153476.09375, 85850.3984375, 131965.765625, 142159.828125, 102613.9765625, 0.17408493161201477, -2.01824951171875, -4.427298545837402, -1.9327043294906616, -5.705352783203125, -2.0376973152160645, 0.0, 0.0, 2.0, -4.693850040435791, 0.0, 0.0, 0.0
58512, 0.7742570042610168, -0.2005818486213684, 0.028587842360138893, 0.20579446852207184, -0.05202319473028183, 0.24675390124320984, 133492.5, 153459.96875, 85837.15625, 131984.875, 142168.9375, 102638.7265625, 0.17408493161201477, -2.01824951171875, -4.427298545837402, -1.9327043294906616, -5.705352783203125, -2.0376973152160645, 0.0, 0.0, 2.0, -6.73138952255249, 0.0, 0.0, 0.0
58532, 0.7753251791000366, -0.20660194754600525, 0.034105248749256134, 0.18697059154510498, -0.045264728367328644, 0.23516160249710083, 133515.03125, 153455.359375, 85823.921875, 132017.390625, 142165.375, 102650.3515625, 0.17408493161201477, -2.01824951171875, -4.427298545837402, -1.9327043294906616, -5.705352783203125, -2.0376973152160645, 0.0, 0.0, 2.0, -8.443187713623047, 0.0, 0.0, 0.0
58552, 0.7757124304771423, -0.21352922916412354, 0.037105437368154526, 0.1667456030845642, -0.03613138571381569, 0.20364096760749817, 133537.546875, 153451.171875, 85813.6484375, 132045.46875, 142164.375, 102654.4765625, 0.17408493161201477, -2.01824951171875, -4.427298545837402, -1.9327043294906616, -5.705352783203125, -2.0376973152160645, 0.0, 0.0, 2.0, -10.384247779846191, 0.0, 0.0, 0.0
58572, 0.7761813402175903, -0.21929657459259033, 0.04128421097993851, 0.154989555478096, -0.02870539389550686, 0.18022482097148895, 133548.8125, 153448.875, 85811.7578125, 132059.453125, 142166.65625, 102667.609375, 0.17408493161201477, -2.01824951171875, -4.427298545837402, -1.9327043294906616, -5.705352783203125, -2.0376973152160645, 0.0, 0.0, 2.0, -12.220919609069824, 0.0, 0.0, 0.0
58592, 0.7765315771102905, -0.2258155345916748, 0.04169592633843422, 0.13952142000198364, -0.026561379432678223, 0.13816694915294647, 133542.0625, 153444.265625, 85812.5703125, 132058.359375, 142171.703125, 102669.671875, 0.17408493161201477, -2.01824951171875, -4.427298545837402, -1.9327043294906616, -5.705352783203125, -2.0376973152160645, 0.0, 0.0, 2.0, -14.088094711303711, 0.0, 0.0, 0.0
58612, 0.7773783206939697, -0.22960196435451508, 0.0442984513938427, 0.13097448647022247, -0.02100406400859356, 0.11062940955162048, 133496.40625, 153451.171875, 85836.3515625, 132044.890625, 142173.484375, 102664.7890625, 0.17408493161201477, -2.01824951171875, -4.427298545837402, -1.9327043294906616, -5.705352783203125, -2.0376973152160645, 0.0, 0.0, 2.0, -15.651811599731445, 0.0, 0.0, 0.0
58632, 0.7782012820243835, -0.23475974798202515, 0.0427321195602417, 0.12235885113477707, -0.023471077904105186, 0.06501613557338715, 133475.09375, 153464.578125, 85857.15625, 132023.53125, 142166.15625, 102647.7265625, 0.17408493161201477, -2.01824951171875, -4.427298545837402, -1.9327043294906616, -5.705352783203125, -2.0376973152160645, 0.0, 0.0, 2.0, -17.426416397094727, 0.0, 0.0, 0.0
58652, 0.7786521315574646, -0.23833532631397247, 0.04394522309303284, 0.1184857040643692, -0.018970489501953125, 0.04312894493341446, 133464.265625, 153467.71875, 85883.640625, 131992.703125, 142159.046875, 102640.0390625, 0.17408493161201477, -2.01824951171875, -4.427298545837402, -1.9327043294906616, -5.705352783203125, -2.0376973152160645, 0.0, 0.0, 2.0, -19.320755004882812, 0.0, 0.0, 0.0
58672, 0.778184175491333, -0.2452368289232254, 0.0406673438847065, 0.10383499413728714, -0.02217191457748413, 0.008186646737158298, 133456.46875, 153481.125, 85878.7734375, 131979.8125, 142159.828125, 102633.2890625, 0.17408493161201477, -2.01824951171875, -4.427298545837402, -1.9327043294906616, -5.705352783203125, -2.0376973152160645, 0.0, 0.0, 2.0, -21.53736686706543, 0.0, 0.0, 0.0
58692, 0.7793664932250977, -0.24732056260108948, 0.04078463092446327, 0.09930547326803207, -0.013603911735117435, 0.0001397658052155748, 133454.828125, 153482.578125, 85876.078125, 131972.5, 142159.828125, 102623.5390625, 0.17408493161201477, -2.01824951171875, -4.427298545837402, -1.9327043294906616, -5.705352783203125, -2.0376973152160645, 0.0, 0.0, 2.0, -23.34601593017578, 0.0, 0.0, 0.0
58712, 0.7803077101707458, -0.249203160405159, 0.04083989933133125, 0.10584461688995361, 0.0009405588498339057, 0.0034352135844528675, 133461.578125, 153464.578125, 85869.5859375, 131965.765625, 142155.78125, 102629.1640625, 0.17408493161201477, -2.01824951171875, -4.427298545837402, -1.9327043294906616, -5.705352783203125, -2.0376973152160645, 0.0, 0.0, 2.0, -24.555931091308594, 0.0, 0.0, 0.0
58732, 0.7810959815979004, -0.253469318151474, 0.03635897859930992, 0.10629082471132278, -0.009486616589128971, -0.00625609653070569, 133482.296875, 153469.171875, 85846.8828125, 131965.765625, 142166.65625, 102631.2265625, 0.17408493161201477, -2.01824951171875, -4.427298545837402, -1.9327043294906616, -5.705352783203125, -2.0376973152160645, 0.0, 0.0, 2.0, -25.392175674438477, 0.0, 0.0, 0.0
58752, 0.782806396484375, -0.25408461689949036, 0.03619932383298874, 0.09735263139009476, 0.002670277375727892, -0.013593245297670364, 133502.125, 153458.078125, 85837.4296875, 131971.921875, 142160.328125, 102629.1640625, 0.17408493161201477, -2.01824951171875, -4.427298545837402, -1.9327043294906616, -5.705352783203125, -2.0376973152160645, 0.0, 0.0, 2.0, -25.893993377685547, 0.0, 0.0, 0.0
58772, 0.7830677032470703, -0.2558777332305908, 0.03522400185465813, 0.06722782552242279, 0.009389316663146019, -0.04235577955842018, 133512.78125, 153459.546875, 85831.7578125, 131976.984375, 142164.875, 102640.0390625, 0.17408493161201477, -2.01824951171875, -4.427298545837402, -1.9327043294906616, -5.705352783203125, -2.0376973152160645, 0.0, 0.0, 2.0, -26.925445556640625, 0.0, 0.0, 0.0
58792, 0.7812532782554626, -0.2588047683238983, 0.03426521643996239, 0.023166000843048096, 0.005236621014773846, -0.05567346140742302, 133517.890625, 153455.359375, 85827.703125, 131994.9375, 142164.375, 102642.1015625, 0.17408493161201477, -2.01824951171875, -4.427298545837402, -1.9327043294906616, -5.705352783203125, -2.0376973152160645, 0.0, 0.0, 2.0, -28.262174606323242, 0.0, 0.0, 0.0
58812, 0.781889796257019, -0.25755640864372253, 0.03455150127410889, 0.015109613537788391, -0.012172715738415718, -0.04651631414890289, 133512.78125, 153449.296875, 85838.2421875, 132024.109375, 142166.15625, 102653.921875, 0.17408493161201477, -2.01824951171875, -4.427298545837402, -1.9327043294906616, -5.705352783203125, -2.0376973152160645, 0.0, 0.0, 2.0, -28.726680755615234, 0.0, 0.0, 0.0
58832, 0.7786533236503601, -0.26125335693359375, 0.033477578312158585, -0.00586611358448863, -0.05182117968797684, -0.04775630682706833, 133488.609375, 153455.78125, 85851.484375, 132038.15625, 142155.78125, 102663.484375, 0.17408493161201477, -2.01824951171875, -4.427298545837402, -1.9327043294906616, -5.705352783203125, -2.0376973152160645, 0.0, 0.0, 2.0, -29.871307373046875, 0.0, 0.0, 0.0
58852, 0.7789209485054016, -0.26261672377586365, 0.03106898069381714, -0.009151339530944824, -0.056711647659540176, -0.06410184502601624, 133472.234375, 153451.171875, 85860.125, 132037.578125, 142153.5, 102655.2265625, 0.17408493161201477, -2.01824951171875, -4.427298545837402, -1.9327043294906616, -5.705352783203125, -2.0376973152160645, 0.0, 0.0, 2.0, -30.204843521118164, 0.0, 0.0, 0.0
58872, 0.7865859866142273, -0.25651130080223083, 0.029968440532684326, 0.030765708535909653, 0.006644817069172859, -0.07947329431772232, 133462.625, 153469.171875, 85871.2109375, 132032.515625, 142162.609375, 102655.2265625, 0.17408493161201477, -2.01824951171875, -4.427298545837402, -1.9327043294906616, -5.705352783203125, -2.0376973152160645, 0.0, 0.0, 2.0, -29.476041793823242, 0.0, 0.0, 0.0
58892, 0.7862524390220642, -0.25640514492988586, 0.029916316270828247, 0.027412300929427147, -0.0007189487223513424, -0.0939335748553276, 133460.375, 153469.171875, 85873.375, 132013.984375, 142151.234375, 102637.9765625, 0.17408493161201477, -2.01824951171875, -4.427298545837402, -1.9327043294906616, -5.705352783203125, -2.0376973152160645, 0.0, 0.0, 2.0, -29.639440536499023, 0.0, 0.0, 0.0
58912, 0.7875209450721741, -0.255608469247818, 0.02782347984611988, 0.00019783680909313262, -0.0012697348138317466, -0.10971306264400482, 133463.234375, 153471.0625, 85873.375, 131988.203125, 142151.234375, 102627.6640625, 0.17408493161201477, -2.01824951171875, -4.427298545837402, -1.9327043294906616, -5.705352783203125, -2.0376973152160645, 0.0, 0.0, 2.0, -29.41796112060547, 0.0, 0.0, 0.0
58932, 0.7875901460647583, -0.25319647789001465, 0.030575815588235855, -0.03574415296316147, 0.009918242692947388, -0.06288203597068787, 133472.234375, 153471.0625, 85860.125, 131970.84375, 142154.0, 102621.4765625, 0.17408493161201477, -2.01824951171875, -4.427298545837402, -1.9327043294906616, -5.705352783203125, -2.0376973152160645, 0.0, 0.0, 2.0, -29.749235153198242, 0.0, 0.0, 0.0
58952, 0.7882786989212036, -0.2517370581626892, 0.029760107398033142, -0.04180387035012245, 0.012791645713150501, -0.026883767917752266, 133473.890625, 153469.171875, 85857.96875, 131972.5, 142156.28125, 102629.7265625, 0.17408493161201477, -2.01824951171875, -4.427298545837402, -1.9327043294906616, -5.705352783203125, -2.0376973152160645, 0.0, 0.0, 2.0, -30.256425857543945, 0.0, 0.0, 0.0
58972, 0.7872981429100037, -0.2514655590057373, 0.029389552772045135, -0.05725530534982681, 0.004903685767203569, -0.013744065538048744, 133500.90625, 153460.390625, 85843.1015625, 131962.9375, 142157.5625, 102635.1640625, 0.17408493161201477, -2.01824951171875, -4.427298545837402, -1.9327043294906616, -5.705352783203125, -2.0376973152160645, 0.0, 0.0, 2.0, -30.79787826538086, 0.0, 0.0, 0.0
58992, 0.7871348261833191, -0.24798083305358887, 0.03654075413942337, -0.06575312465429306, 0.007997682318091393, 0.021973643451929092, 133496.40625, 153453.484375, 85852.5625, 131967.4375, 142162.109375, 102641.5390625, 0.17408493161201477, -2.01824951171875, -4.427298545837402, -1.9327043294906616, -5.705352783203125, -2.0376973152160645, 0.0, 0.0, 2.0, -30.53331756591797, 0.0, 0.0, 0.0
59012, 0.7863258719444275, -0.247446671128273, 0.037066273391246796, -0.0817527323961258, 0.010623817332088947, 0.023455698043107986, 133493.546875, 153453.0625, 85862.0234375, 131958.453125, 142166.15625, 102646.2265625, 0.17408493161201477, -2.01824951171875, -4.427298545837402, -1.9327043294906616, -5.705352783203125, -2.0376973152160645, 0.0, 0.0, 2.0, -30.360021591186523, 0.0, 0.0, 0.0
59032, 0.7862789630889893, -0.2457464337348938, 0.039387378841638565, -0.09411875903606415, 0.0187991950660944, 0.03483746200799942, 133474.484375, 153459.96875, 85867.6953125, 131965.765625, 142159.828125, 102648.2890625, 0.17408493161201477, -2.01824951171875, -4.427298545837402, -1.9327043294906616, -5.705352783203125, -2.0376973152160645, 0.0, 0.0, 2.0, -30.64665412902832, 0.0, 0.0, 0.0
59052, 0.7842555642127991, -0.24510358273983002, 0.039967384189367294, -0.11216270923614502, 0.027880650013685226, 0.029152855277061462, 133459.328125, 153457.65625, 85874.9921875, 131982.0625, 142163.875, 102649.7890625, 0.17408493161201477, -2.01824951171875, -4.427298545837402, -1.9327043294906616, -5.705352783203125, -2.0376973152160645, 0.0, 0.0, 2.0, -31.566741943359375, 0.0, 0.0, 0.0
59072, 0.7830197215080261, -0.24360249936580658, 0.04226863384246826, -0.12151096016168594, 0.027472926303744316, 0.033668629825115204, 133458.125, 153455.78125, 85876.078125, 132010.65625, 142160.328125, 102656.5390625, 0.17408493161201477, -2.01824951171875, -4.427298545837402, -1.9327043294906616, -5.705352783203125, -2.0376973152160645, 0.0, 0.0, 2.0, -32.219974517822266, 0.0, 0.0, 0.0
59092, 0.781147301197052, -0.24296267330646515, 0.04307276010513306, -0.129604309797287, 0.02284722402691841, 0.03154750540852547, 133458.71875, 153464.140625, 85872.2890625, 132025.203125, 142171.203125, 102652.4140625, 0.17408493161201477, -2.01824951171875, -4.427298545837402, -1.9327043294906616, -5.705352783203125, -2.0376973152160645, 0.0, 0.0, 2.0, -32.88312911987305, 0.0, 0.0, 0.0
59112, 0.7798763513565063, -0.24140344560146332, 0.04572378844022751, -0.13545666635036469, 0.02677202969789505, 0.03331989794969559, 133469.375, 153464.578125, 85867.6953125, 132038.671875, 142161.609375, 102646.9765625, 0.17408493161201477, -2.01824951171875, -4.427298545837402, -1.9327043294906616, -5.705352783203125, -2.0376973152160645, 0.0, 0.0, 2.0, -33.33152389526367, 0.0, 0.0, 0.0
59132, 0.7781271934509277, -0.2406759411096573, 0.04647350683808327, -0.14312590658664703, 0.023933786898851395, 0.02748258225619793, 133483.9375, 153465.421875, 85857.421875, 132027.4375, 142163.109375, 102634.6015625, 0.17408493161201477, -2.01824951171875, -4.427298545837402, -1.9327043294906616, -5.705352783203125, -2.0376973152160645, 0.0, 0.0, 2.0, -33.57164764404297, 0.0, 0.0, 0.0
59152, 0.7783609628677368, -0.23935818672180176, 0.047740254551172256, -0.13826949894428253, 0.025356540456414223, 0.030303549021482468, 133489.65625, 153471.0625, 85855.53125, 131996.609375, 142166.65625, 102625.6015625, 0.17408493161201477, -2.01824951171875, -4.427298545837402, -1.9327043294906616, -5.705352783203125, -2.0376973152160645, 0.0, 0.0, 2.0, -33.429256439208984, 0.0, 0.0, 0.0
59172, 0.7762832641601562, -0.23975205421447754, 0.04868832975625992, -0.1435810774564743, 0.010717657394707203, 0.03608042001724243, 133492.5, 153462.6875, 85846.8828125, 131981.46875, 142164.375, 102626.3515625, 0.17408493161201477, -2.01824951171875, -4.427298545837402, -1.9327043294906616, -5.705352783203125, -2.0376973152160645, 0.0, 0.0, 2.0, -33.200103759765625, 0.0, 0.0, 0.0
59192, 0.775151789188385, -0.2399408221244812, 0.047240860760211945, -0.14353229105472565, 0.008530529215931892, 0.029213836416602135, 133494.15625, 153462.6875, 85850.671875, 131959.03125, 142162.609375, 102630.4765625, 0.17408493161201477, -2.01824951171875, -4.427298545837402, -1.9327043294906616, -5.705352783203125, -2.0376973152160645, 0.0, 0.0, 2.0, -33.0131721496582, 0.0, 0.0, 0.0
59212, 0.7732975482940674, -0.23949448764324188, 0.04796987399458885, -0.1528126299381256, 0.013520696200430393, 0.03228706493973732, 133491.90625, 153462.265625, 85851.484375, 131946.078125, 142163.875, 102635.1640625, 0.17408493161201477, -2.01824951171875, -4.427298545837402, -1.9327043294906616, -5.705352783203125, -2.0376973152160645, 0.0, 0.0, 2.0, -32.853919982910156, 0.0, 0.0, 0.0
59232, 0.7741003632545471, -0.23899242281913757, 0.04952988028526306, -0.15009628236293793, 0.010304395109415054, 0.04218851402401924, 133473.28125, 153455.359375, 85870.671875, 131946.65625, 142164.375, 102646.03125, 0.17408493161201477, -2.01824951171875, -4.427298545837402, -1.9327043294906616, -5.705352783203125, -2.0376973152160645, 0.0, 0.0, 2.0, -32.589717864990234, 0.0, 0.0, 0.0
59252, 0.7713670134544373, -0.23879268765449524, 0.04943693056702614, -0.1691565066576004, 0.011350966989994049, 0.038052190095186234, 133458.125, 153459.546875, 85882.0234375, 131956.21875, 142159.828125, 102640.7890625, 0.17408493161201477, -2.01824951171875, -4.427298545837402, -1.9327043294906616, -5.705352783203125, -2.0376973152160645, 0.0, 0.0, 2.0, -32.37400436401367, 0.0, 0.0, 0.0
59272, 0.7723454236984253, -0.2375074028968811, 0.05091297999024391, -0.15845966339111328, 0.012882799841463566, 0.034646473824977875, 133457.515625, 153455.78125, 85885.8046875, 131965.1875, 142160.328125, 102652.4140625, 0.17408493161201477, -2.01824951171875, -4.427298545837402, -1.9327043294906616, -5.705352783203125, -2.0376973152160645, 0.0, 0.0, 2.0, -32.02952194213867, 0.0, 0.0, 0.0
59292, 0.77078777551651, -0.23711355030536652, 0.050432488322257996, -0.16709056496620178, 0.00808388739824295, 0.0239203292876482, 133449.71875, 153453.484375, 85890.3984375, 131990.453125, 142162.109375, 102647.5390625, 0.17408493161201477, -2.01824951171875, -4.427298545837402, -1.9327043294906616, -5.705352783203125, -2.0376973152160645, 0.0, 0.0, 2.0, -31.776033401489258, 0.0, 0.0, 0.0
59312, 0.7683902382850647, -0.23585674166679382, 0.05090363323688507, -0.18163546919822693, 0.011043291538953781, 0.01957145892083645, 133457.515625, 153455.359375, 85875.265625, 132029.6875, 142157.5625, 102649.6015625, 0.17408493161201477, -2.01824951171875, -4.427298545837402, -1.9327043294906616, -5.705352783203125, -2.0376973152160645, 0.0, 0.0, 2.0, -31.527820587158203, 0.0, 0.0, 0.0
59332, 0.7658531069755554, -0.23604543507099152, 0.05147935822606087, -0.19113580882549286, 0.0005061670090071857, 0.016595477238297462, 133473.28125, 153466.875, 85863.9140625, 132042.078125, 142159.328125, 102635.9140625, 0.17408493161201477, -2.01824951171875, -4.427298545837402, -1.9327043294906616, -5.705352783203125, -2.0376973152160645, 0.0, 0.0, 2.0, -30.956602096557617, 0.0, 0.0, 0.0
59352, 0.7660664916038513, -0.23509864509105682, 0.05245663598179817, -0.1846664994955063, 0.005057013593614101, 0.014820200391113758, 133491.90625, 153461.84375, 85858.234375, 132042.078125, 142158.046875, 102639.2890625, 0.17408493161201477, -2.01824951171875, -4.427298545837402, -1.9327043294906616, -5.705352783203125, -2.0376973152160645, 0.0, 0.0, 2.0, -30.246835708618164, 0.0, 0.0, 0.0
59372, 0.767255961894989, -0.23573637008666992, 0.05213209614157677, -0.16451333463191986, -0.006190399639308453, 0.006787761580199003, 133497.609375, 153460.390625, 85852.5625, 132019.625, 142165.375, 102631.03125, 0.17408493161201477, -2.01824951171875, -4.427298545837402, -1.9327043294906616, -5.705352783203125, -2.0376973152160645, 0.0, 0.0, 2.0, -29.569629669189453, 0.0, 0.0, 0.0
59392, 0.7645668983459473, -0.23329569399356842, 0.05217776075005531, -0.17320406436920166, 0.013176043517887592, -0.0016105183167383075, 133499.265625, 153464.578125, 85844.9921875, 132000.515625, 142160.328125, 102633.8515625, 0.17408493161201477, -2.01824951171875, -4.427298545837402, -1.9327043294906616, -5.705352783203125, -2.0376973152160645, 0.0, 0.0, 2.0, -29.19955825805664, 0.0, 0.0, 0.0
59412